5
6
7
11
12
13
15
16
17
18
19
20
21
22
23
24
25
26
27
28
29
31
32
33
34
35
36
37
38
39
40
41
42
43
44
45
46
47
48
49
50
51
52
53
54
55
56
57
58
59
60
61
62
63
64
65
66
67
68
69
70
71
72
73
74
75
76
77
78
79
80
81
82
83
84
85
87
88
89
90
91
92
93
94
95
96
98
99
102
103
104
105
106
107
108
110
111
112
114
115
116
117
118
119
120
121
122
123
125
126
127
128
129
130
131
132
133
134
135
136
138
139
140
141
142
143
144
145
146
147
148
154
155
156
157
158
159
160
161
164
165
166
167
169
170
171
172
173
175
177
178
179
180
182
187
188
189
191
192
193
194
195
196
197
198
199
201
202
203
210
213
214
215
216
218
219
221
222
223
224
225
228
229
230
232
233
234
235
236
239
240
241
242
243
244
245
246
247
248
250
251
252
253
254
255
256
257
258
259
260
261
262
263
264
265
266
267
268
269
270
271
272
273
274
275
276
277
278
279
280
281
282
283
284
285
286
287
288
289
290
292
293
295
296
297
298
299
300
301
303
304
305
306
307
308
309
310
311
313
314
316
317
318
319
320
322
323
324
325
326
327
328
329
330
331
332
333
334
335
336
337
338
339
340
341
342
343
344
345
346
347
348
349
350
351
352
353
354
355
356
357
358
359
360
361
362
363
364
365
366
368
370
372
373
374
375
376
377
378
379
380
381
382
383
384
385
386
387
388
390
391
392
393
394
395
396
397
399
400
401
402
403
404
405
406
407
408
409
410
411
412
413
414
415
416
417
418
419
420
421
422
423
424
425
426
428
429
430
432
470
480
481
482
483
485
491
500
501
502
503
504
505
507
512
513
514
516
517
518
519
520
521
523
530
531
541
550
560
563
590
602
620
621
631
652
660
670
681
683
690
691
700
710
711
720
723
724
725
726
730
731
750
770
790
791
792
793
794
796
797
798
801
810
820
830
850
860
880
900
901
902
910
920
921
950
960
962
965
966
967
970
971
972
973
974
978
979
981
982
990
1000
1001
1010
1012
1016
1017
1019
1021
1023
1024
1025
1026
1027
1029
1030
1040
1041
1050
1052
1054
1060
1070
1071
1080
1081
1083
1084
1085
1086
1088
1090
1100
1102
1103
1110
1111
1121
1130
1131
1132
1133
1134
1141
1143
1144
1145
1146
1147
1148
1149
1151
1152
1153
1154
1155
1156
1157
1158
1159
1163
1164
1170
1171
1172
1173
1177
1178
1184
1200
1210
1211
1220
1221
1222
1230
1231
1250
1252
1253
1260
1261
1262
1263
1271
1291
1301
1302
1303
1304
1305
1306
1310
1321
1322
1330
1340
1341
1342
1344
1345
1346
1347
1348
1349
1350
1351
1360
1370
1371
1372
1375
1376
1377
1378
1379
1380
1381
1383
1387
1388
1389
1390
1391
1400
1411
1412
1413
1420
1421
1430
1440
1441
1460
1461
1462
1470
1480
1481
1482
1483
1490
1491
1494
1495
1496
1497
1500
1510
1511
1512
1513
1514
1516
1518
1519
1521
1522
1523
1530
1531
1532
1533
1534
1535
1540
1541
1542
1543
1550
1552
1560
1561
1562
1563
1564
1565
1566
1567
1568
1571
1572
1573
1574
1576
1578
1580
1581
1582
1590
1591
1592
1594
1596
1597
1598
1599
1600
1601
1602
1603
1604
1605
1606
1607
1608
1609
1610
1611
1612
1614
1615
1617
1619
1620
1621
1622
1623
1624
1625
1626
1631
1632
1633
1634
1641
1642
1644
1645
1650
1652
1653
1654
1655
1656
1657
1658
1659
1660
1661
1670
1671
1672
1673
1680
1681
1688
1722
1725
1726
1728
1729
1731
1733
1734
1750
1761
1762
1770
1771
1781
1782
1790
1792
1794
1795
1796
1799
1800
1801
1811
1812
1813
1817
1818
1820
1840
1850
1860
1862
1863
1870
1872
1873
1880
1881
1882
1883
1884
1885
1890
1892
1893
1894
1895
1897
1901
1902
1903
1904
1905
1906
1907
1908
1911
1916
1919
1921
1922
1923
1924
1925
1926
1927
1928
1930
1931
1933
1946
1951
1960
1970
2000
2001
2005
2006
2007
2008
2010
2012
2014
2015
2021
2022
2026
2029
2030
2031
2032
2041
2042
2043
2044
2045
2046
2048
2049
2050
2052
2054
2055
2056
2060
2061
2070
2071
2072
2074
2075
2076
2080
2090
2104
2105
2113
2120
2121
2131
2132
2133
2135
2136
2137
2138
2140
2141
2142
2150
2161
2162
2164
2170
2171
2180
2191
2192
2193
2196
2197
2199
2200
2201
2202
2220
2230
2232
2233
2235
2237
2238
2239
2241
2243
2244
2246
2247
2248
2249
2251
2252
2253
2261
2262
2270
2280
2281
2282
2284
2285
2286
2290
2320
2330
2340
2350
2360
2370
2371
2380
2390
2400
2411
2421
2425
2426
2427
2430
2431
2434
2440
2451
2470
2480
2481
2482
2490
2500
2501
2502
2510
2520
2521
2523
2524
2530
2542
2550
2560
2562
2563
2564
2566
2567
2569
2570
2572
2573
2574
2575
2576
2577
2578
2579
2582
2584
2585
2586
2587
2588
2590
2591
2593
2597
2598
2602
2603
2604
2611
2612
2615
2616
2620
2622
2623
2624
2626
2627
2628
2630
2640
2641
2642
2643
2645
2651
2653
2654
2656
2657
2658
2659
2660
2662
2663
2665
2668
2669
2670
2671
2672
2673
2674
2675
2676
2677
2678
2679
2680
2682
2683
2684
2685
2686
2687
2688
2689
2691
2693
2700
2701
2703
2705
2708
2709
2712
2713
2714
2715
2716
2717
2718
2719
2720
2721
2722
2723
2724
2730
2740
2741
2743
2750
2770
2781
2783
2800
2810
2820
2823
2824
2827
2828
2829
2831
2832
2835
2836
2837
2838
2839
2840
2841
2844
2850
2851
2860
2880
2890
2891
2900
2903
2904
2905
2911
2912
2913
2914
2931
2960
2971
2972
2973
2974
2980
2982
2983
2984
2991
3000
3011
3012
3013
3015
3016
