44
58
65
68
72
76
81
84
88
92
96
105
108
114
117
121
124
127
130
133
139
142
145
148
153
156
161
166
169
172
178
181
185
192
195
200
203
208
211
214
217
222
225
228
233
236
240
243
246
250
253
256
259
263
266
269
272
275
279
282
285
288
292
295
299
302
305
308
311
316
319
322
325
328
331
334
337
340
343
346
349
352
356
359
362
368
373
376
379
382
385
388
392
396
400
403
406
409
412
415
418
421
424
429
470
482
491
502
505
513
517
520
530
550
602
631
670
690
700
720
725
731
790
793
797
810
860
872
901
920
960
965
970
973
979
990
1010
1016
1021
1025
1029
1041
1054
1062
1081
1085
1090
1103
1121
1132
1141
1145
1148
1152
1155
1158
1161
1170
1173
1177
1181
1184
1187
1190
1200
1220
1230
1252
1261
1271
1301
1304
1310
1330
1342
1346
1349
1360
1372
1377
1380
1387
1390
1411
1420
1440
1461
1480
1483
1492
1495
1500
1512
1516
1521
1530
1533
1540
1543
1560
1563
1566
1570
1573
1577
1581
1591
1596
1599
1602
1605
1608
1611
1615
1620
1623
1626
1633
1642
1650
1654
1657
1660
1671
1680
1683
1686
1689
1710
1724
1727
1731
1750
1763
1770
1782
1794
1797
1801
1813
1818
1822
1840
1861
1870
1873
1882
1885
1893
1897
1902
1905
1908
1913
1917
1922
1925
1928
1933
1942
1945
1948
1951
2000
2006
2009
2014
2017
2020
2024
2027
2031
2042
2045
2049
2052
2056
2070
2074
2080
2102
2106
2120
2123
2133
2137
2141
2161
2170
2191
2196
2199
2202
2230
2233
2236
2239
2244
2247
2251
2261
2280
2284
2290
2303
2340
2370
2400
2425
2430
2440
2470
2482
2501
2520
2524
2550
2563
2567
2572
2575
2578
2584
2587
2591
2597
2603
2612
2615
2622
2625
2628
2641
2644
2653
2656
2659
2663
2668
2671
2674
2677
2680
2684
2687
2690
2700
2705
2712
2715
2718
2721
2724
2741
2770
2783
2810
2821
2824
2828
2831
2835
2838
2841
2851
2890
2902
2905
2912
2916
2931
2960
2972
2980
2984
3001
3013
3020
