56
60
66
70
74
77
82
85
89
94
98
106
110
115
118
122
125
128
131
135
140
143
146
150
154
157
164
167
170
175
179
182
186
193
198
201
206
209
212
215
218
223
226
230
234
237
241
244
247
251
254
257
260
264
267
270
273
276
280
283
286
289
293
296
300
303
306
309
313
317
320
323
326
329
332
335
338
341
344
347
350
353
357
360
363
369
374
377
380
383
386
390
393
397
401
404
407
410
413
416
419
422
425
430
480
483
500
503
507
514
518
521
531
560
620
652
681
691
710
723
726
750
791
794
798
820
870
880
902
921
962
966
971
974
981
1000
1012
1017
1023
1026
1030
1050
1060
1070
1083
1086
1100
1110
1130
1133
1143
1146
1149
1153
1156
1159
1163
1171
1174
1178
1182
1185
1188
1191
1210
1221
1231
1253
1262
1281
1302
1305
1321
1340
1344
1347
1350
1370
1375
1378
1381
1388
1391
1412
1421
1441
1462
1481
1490
1493
1496
1510
1513
1518
1522
1531
1534
1541
1550
1561
1564
1567
1571
1574
1578
1582
1592
1597
1600
1603
1606
1609
1612
1617
1621
1624
1631
1634
1644
1652
1655
1658
1661
1672
1681
1684
1687
1690
1712
1725
1728
1733
1761
1764
1771
1790
1795
1799
1811
1816
1820
1823
1850
1862
1871
1880
1883
1890
1894
1900
1903
1906
1911
1914
1919
1923
1926
1930
1940
1943
1946
1949
1960
2001
2007
2010
2015
2018
2021
2025
2029
2032
2043
2046
2050
2054
2060
2071
2075
2090
2104
2110
2121
2131
2135
2138
2142
2162
2171
2192
2197
2200
2220
2231
2234
2237
2241
2245
2248
2252
2262
2281
2285
2301
2320
2350
2371
2411
2426
2431
2450
2480
2490
2502
2521
2530
2560
2564
2569
2573
2576
2579
2585
2588
2592
2598
2604
2613
2616
2623
2626
2630
2642
2645
2654
2657
2660
2664
2669
2672
2675
2678
2682
2685
2688
2691
2701
2708
2713
2716
2719
2722
2730
2743
2780
2790
2811
2822
2826
2829
2832
2836
2839
2844
2860
2891
2903
2910
2913
2917
2940
2961
2973
2982
2991
3011
3015
