57
61
67
71
75
79
83
87
90
95
99
107
111
116
120
123
126
129
132
138
141
144
147
152
155
159
165
168
171
177
180
184
187
194
199
202
207
210
213
216
221
224
227
232
235
238
242
245
248
252
255
258
261
265
268
271
274
278
281
284
287
290
294
297
301
304
307
310
314
318
321
324
327
330
333
336
339
342
345
348
351
355
358
361
365
370
375
378
381
384
387
391
395
399
402
405
408
411
414
417
420
423
428
432
481
485
501
504
512
516
519
523
541
563
621
660
683
692
711
724
730
770
792
796
801
830
871
900
910
950
964
967
972
978
982
1001
1015
1019
1024
1027
1040
1052
1061
1080
1084
1088
1102
1111
1131
1134
1144
1147
1151
1154
1157
1160
1164
1172
1176
1180
1183
1186
1189
1192
1211
1222
1250
1260
1263
1291
1303
1306
1322
1341
1345
1348
1351
1371
1376
1379
1383
1389
1400
1413
1430
1460
1470
1482
1491
1494
1497
1511
1514
1519
1523
1532
1535
1542
1552
1562
1565
1568
1572
1576
1580
1590
1594
1598
1601
1604
1607
1610
1614
1619
1622
1625
1632
1641
1645
1653
1656
1659
1670
1673
1682
1685
1688
1700
1722
1726
1729
1734
1762
1765
1781
1792
1796
1800
1812
1817
1821
1830
1860
1863
1872
1881
1884
1892
1895
1901
1904
1907
1912
1916
1921
1924
1927
1931
1941
1944
1947
1950
1970
2005
2008
2012
2016
2019
2022
2026
2030
2041
2044
2048
2051
2055
2061
2072
2076
2100
2105
2113
2122
2132
2136
2140
2150
2164
2180
2193
2198
2201
2221
2232
2235
2238
2243
2246
2249
2253
2270
2282
2286
2302
2330
2360
2380
2421
2427
2434
2451
2481
2500
2510
2523
2542
2562
2566
2570
2574
2577
2582
2586
2590
2593
2602
2611
2614
2620
2624
2627
2640
2643
2651
2655
2658
2662
2665
2670
2673
2676
2679
2683
2686
2689
2693
2703
2709
2714
2717
2720
2723
2740
2750
2781
2800
2820
2823
2827
2830
2833
2837
2840
2850
2880
2900
2904
2911
2914
2921
2950
2971
2974
2983
3000
3012
3016
