ar_lu_id,lemma_ar,pos_ar,frame_id,en_lu_ids,definition_ar,root,wazn,evidence_primary,evidence_frame_level,metaphor_flag,owner_choice,status,wazn_note,note
AR00002,زَخَرَ,فعل,262,4765;4773,امتلأ وفاض بالكثير مما فيه.,زخر,فَعَلَ,roots-4662:زخر:المحكم — المعاني,roots-4662:زخر:مقاييس — المحور,roots-4662:زخر:الأساس — المجاز,زَخَرَ,APPROVED,,
AR00003,غَاصّ,اسم فاعل,262,4767;4770;5184;6998;6999,ممتلئ بأهله أو بما فيه حتى ضاق به.,غصص,فَاعِلٌ,roots-4662:غصص:المحكم — المعاني,roots-4662:غصص:مقاييس — النص,,غَاصّ,APPROVED,,تقريب: يفوته معنى الكراهة
AR00004,غَصَّ,فعل,262,4768;4769,امتلأ المكان بأهله حتى ضاق بهم.,غصص,فَعِلَ,roots-4662:غصص:المحكم — المعاني,roots-4662:غصص:مقاييس — النص,,غَصَّ,APPROVED,,
AR00005,اِكْتَظَّ,فعل,262,4769,امتلأ المكان امتلاءً شديداً حتى لم يعد يتّسع لمزيد.,كظظ,اِفْتَعَلَ,,roots-4662:كظظ:مقاييس — المحور,roots-4662:كظظ:الأساس — المجاز,اِكْتَظَّ,APPROVED,,
AR00006,اِزْدَحَمَ,فعل,262,4769,كثر الناس أو الأشياء في المكان وتضايقوا فيه.,زحم,اِفْتَعَلَ,roots-4662:زحم:المحكم — المعاني,roots-4662:زحم:مقاييس — المحور,,اِزْدَحَمَ,APPROVED,,
AR00007,مُكْتَظّ,اسم فاعل,262,4770;4771;6992;6999;7004;7016,ممتلئ امتلاءً شديداً لا يتّسع لمزيد.,كظظ,مُفْتَعِلٌ,,roots-4662:كظظ:مقاييس — المحور,roots-4662:كظظ:الأساس — المجاز,مُكْتَظّ,APPROVED,,WAZN ← L2_006 فا من اِفْتَعَلَ
AR00008,مُزْدَحِم,اسم فاعل,262,4770;4771;4774;5184;7004;7016,كثير الناس أو الأشياء المتضايقة حتى تعسر الحركة فيه.,زحم,مُفْتَعِلٌ,roots-4662:زحم:المحكم — المعاني,roots-4662:زحم:مقاييس — المحور,,مُزْدَحِم,APPROVED,,WAZN ← L2_006 فا من اِفْتَعَلَ
AR00009,زَاخِر,اسم فاعل,262,4772;6918,ممتلئ فائض بالكثير مما فيه.,زخر,فَاعِلٌ,roots-4662:زخر:المحكم — المعاني,roots-4662:زخر:مقاييس — المحور,roots-4662:زخر:الأساس — المجاز,زَاخِر,APPROVED,,
AR00011,مُغَطَّى,اسم مفعول,262,4797;4798,عليه شيء يستر سطحه كلّه أو أكثره.,غطو,مُفَعَّلٌ,roots-4662:غطو:المحكم — المعاني,roots-4662:غطو:مقاييس — المحور,,مُغَطَّى,APPROVED,,ويُذكر في الجذر غطي أيضاً | WAZN ← L2_006 مف من فَعَّلَ
AR00012,مَكْسُوّ,اسم مفعول,262,4797;6916;7001,عليه طبقة أو غطاء يكسو سطحه.,كسو,مَفْعُولٌ,roots-4662:كسو:المحكم — المعاني,,,مَكْسُوّ,APPROVED,,
AR00015,مُلَفَّع,اسم مفعول,262,4799,مغطّى ملفوف بما يستره.,لفع,مُفَعَّلٌ,roots-4662:لفع:المحكم — المعاني,roots-4662:لفع:مقاييس — المحور,roots-4662:لفع:الأساس — المجاز,مُلَفَّع,APPROVED,,WAZN ← L2_006 مف من فَعَّلَ
AR00017,مُنَقَّط,اسم مفعول,262,6917;7024,منتشرة على سطحه نقاط أو أشياء صغيرة متفرّقة.,نقط,مُفَعَّلٌ,roots-4662:نقط:المحكم — المعاني,roots-4662:نقط:مقاييس — المحور,roots-4662:نقط:الأساس — المجاز,مُنَقَّط,APPROVED,,WAZN ← L2_006 مف من فَعَّلَ
AR00018,مَرْشُوش,اسم مفعول,262,6967;6993,نُثر عليه سائل أو قطرات متفرّقة.,رشش,مَفْعُولٌ,roots-4662:رشش:المحكم — المعاني,roots-4662:رشش:مقاييس — المحور,roots-4662:رشش:الأساس — المجاز,مَرْشُوش,APPROVED,,
AR00019,مَدْهُون,اسم مفعول,262,6969;7014;7109,عليه طبقة من دهن أو زبدة أو طلاء.,دهن,مَفْعُولٌ,roots-4662:دهن:المحكم — المعاني,roots-4662:دهن:مقاييس — المحور,roots-4662:دهن:الأساس — المجاز,مَدْهُون,APPROVED,,لا لفظ يخصّ الزبدة؛ يُذكر المدهون به صراحة
AR00022,مُلَطَّخ,اسم مفعول,262,6972;6987;7023;7024,عليه بقع أو آثار من مادة لزجة أو سائلة.,لطخ,مُفَعَّلٌ,roots-4662:لطخ:المحكم — المعاني,roots-4662:لطخ:مقاييس — المحور,,مُلَطَّخ,APPROVED,,WAZN ← L2_006 مف من فَعَّلَ
AR00024,مَفْرُوش,اسم مفعول,262,6973,مبسوط على سطحه شيء أو أشياء كثيرة متفرّقة.,فرش,مَفْعُولٌ,roots-4662:فرش:المحكم — المعاني,roots-4662:فرش:مقاييس — المحور,roots-4662:فرش:الأساس — المجاز,مَفْرُوش,APPROVED,,
AR00027,مُكَدَّس,اسم مفعول,262,6991;17295,متراكمة عليه أو فيه أشياء كثيرة بعضها فوق بعض.,كدس,مُفَعَّلٌ,roots-4662:كدس:المحكم — المعاني,roots-4662:كدس:مقاييس — النص,roots-4662:كدس:الأساس — المجاز,مُكَدَّس,APPROVED,,WAZN ← L2_006 مف من فَعَّلَ
AR00028,مَذْرُور,اسم مفعول,262,6993;7000,نُثرت عليه حبيبات أو مسحوق دقيق.,ذرر,مَفْعُولٌ,roots-4662:ذرر:المحكم — المعاني,roots-4662:ذرر:مقاييس — المحور,roots-4662:ذرر:الأساس — المجاز,مَذْرُور,APPROVED,,
AR00032,مُفْعَم,اسم مفعول,262,6997,ممتلئ امتلاءً تامّاً.,فعم,مُفْعَلٌ,roots-4662:فعم:المحكم — المعاني,roots-4662:فعم:مقاييس — المحور,roots-4662:فعم:الأساس — المجاز,مُفْعَم,APPROVED,,
AR00033,مَمْلُوء,اسم مفعول,262,7009,قد شُغل حيّزه بما وُضع فيه.,ملء,مَفْعُولٌ,roots-4662:ملء:المحكم — المعاني,,roots-4662:ملء:الأساس — المجاز,مَمْلُوء,APPROVED,,
AR00034,مُمْتَلِئ,اسم فاعل,262,7009;7010,قد شُغل حيّزه بما فيه.,ملء,مُفْتَعِلٌ,roots-4662:ملء:المحكم — المعاني,,roots-4662:ملء:الأساس — المجاز,مُمْتَلِئ,APPROVED,,WAZN ← L2_006 فا من اِفْتَعَلَ
AR00035,مَلْآن,صفة مشبهة,262,7010,فيه كثير من الشيء وإن بقي فيه متّسع.,ملء,فَعْلانُ,roots-4662:ملء:المحكم — المعاني,,roots-4662:ملء:الأساس — المجاز,مَلْآن,APPROVED,,
AR00036,مُزَيَّن,اسم مفعول,262,7012;7019;7020;7028;7031;7132,وُضعت عليه أشياء تحسّنه وتجمّله.,زين,مُفَعَّلٌ,roots-4662:زين:المحكم — المعاني,roots-4662:زين:مقاييس — المحور,roots-4662:زين:الأساس — المجاز,مُزَيَّن,APPROVED,,WAZN ← L2_006 مف من فَعَّلَ
AR00038,مُزَفَّت,اسم مفعول,262,7013,مكسوّ سطحه بالزفت.,زفت,مُفَعَّلٌ,roots-4662:زفت:المحكم — المعاني,roots-4662:زفت:مقاييس — النص,,مُزَفَّت,APPROVED,,WAZN ← L2_006 مف من فَعَّلَ
AR00039,مُنَجَّد,اسم مفعول,262,7015,مزيّن بالستور والبُسُط المعلّقة والمفروشة.,نجد,مُفَعَّلٌ,roots-4662:نجد:المحكم — المعاني,roots-4662:نجد:مقاييس — المحور,roots-4662:نجد:الأساس — المجاز,مُنَجَّد,APPROVED,,WAZN ← L2_006 مف من فَعَّلَ
AR00041,مَرْصُوف,اسم مفعول,262,7018,مكسوّ سطحه بحجارة مرصوصة متلاصقة.,رصف,مَفْعُولٌ,roots-4662:رصف:المحكم — المعاني,roots-4662:رصف:مقاييس — المحور,roots-4662:رصف:الأساس — المجاز,مَرْصُوف,APPROVED,,
AR00042,مُكَلَّل,اسم مفعول,262,7019,محفوف بأكاليل أو بما يحيط به زينة.,كلل,مُفَعَّلٌ,roots-4662:كلل:المحكم — المعاني,roots-4662:كلل:مقاييس — المحور,roots-4662:كلل:الأساس — المجاز,مُكَلَّل,APPROVED,,WAZN ← L2_006 مف من فَعَّلَ
AR00043,مُزْدَان,اسم فاعل,262,7020;7021,متزيّن بكثير من الزينة البهيّة.,زين,مُفْتَعِلٌ,roots-4662:زين:المحكم — المعاني,roots-4662:زين:مقاييس — المحور,roots-4662:زين:الأساس — المجاز,مُزْدَان,APPROVED,,WAZN ← L2_006 فا من اِفْتَعَلَ
AR00044,مُرَصَّع,اسم مفعول,262,7022;7029,مثبّتة فيه جواهر أو مسامير أو نحوها متفرّقة.,رصع,مُفَعَّلٌ,roots-4662:رصع:المحكم — المعاني,roots-4662:رصع:مقاييس — المحور,,مُرَصَّع,APPROVED,,WAZN ← L2_006 مف من فَعَّلَ
AR00047,مُزَجَّج,اسم مفعول,262,7129,مكسوّ بطبقة زجاجية لامعة.,زجج,مُفَعَّلٌ,roots-4662:زجج:المحكم — المعاني,roots-4662:زجج:مقاييس — المحور,roots-4662:زجج:الأساس — المجاز,مُزَجَّج,APPROVED,,WAZN ← L2_006 مف من فَعَّلَ
AR00048,مُذَهَّب,اسم مفعول,262,7130,مكسوّ بطبقة رقيقة من الذهب.,ذهب,مُفَعَّلٌ,roots-4662:ذهب:المحكم — المعاني,roots-4662:ذهب:مقاييس — المحور,roots-4662:ذهب:الأساس — المجاز,مُذَهَّب,APPROVED,,WAZN ← L2_006 مف من فَعَّلَ
AR00049,مُوَشَّى,اسم مفعول,262,7132,منقوش مزيّن بألوان ونقوش.,وشي,مُفَعَّلٌ,roots-4662:وشي:المحكم — المعاني,roots-4662:وشي:مقاييس — المحور,,مُوَشَّى,APPROVED,,WAZN ← L2_006 مف من فَعَّلَ
AR00050,مَلِيء,صفة مشبهة,262,13511,كثير ما فيه من الشيء، ويغلب في المكروه.,ملء,فَعِيلٌ,roots-4662:ملء:المحكم — المعاني,,roots-4662:ملء:الأساس — المجاز,مَلِيء,APPROVED,,
AR00052,اِزْدَانَ,فعل,262,,تزيّن المكان بكثير من الزينة.,زين,اِفْتَعَلَ,roots-4662:زين:المحكم — المعاني,roots-4662:زين:مقاييس — المحور,roots-4662:زين:الأساس — المجاز,اِزْدَانَ,APPROVED,,AR_ONLY
AR00053,اِمْتَلَأَ,فعل,262,,شُغل حيّز المكان بما فيه.,ملء,اِفْتَعَلَ,roots-4662:ملء:المحكم — المعاني,,roots-4662:ملء:الأساس — المجاز,اِمْتَلَأَ,APPROVED,,AR_ONLY
AR00055,شَارَات المُلْك,تركيب,158,3056,ما يتّخذه الملوك من تاج وصولجان ونحوهما علامةً على الملك.,,,,,,شَارَات المُلْك,APPROVED,,التركيب بلفظ الجمع
AR00056,خَلْخَال,اسم جامد,158,3358,حلية مستديرة تلبسها المرأة في ساقها فوق الكعب.,خلل,فَعْلالٌ (مضاعف),roots-4662:خلل:المحكم — المعاني,roots-4662:خلل:مقاييس — المحور,roots-4662:خلل:الأساس — المجاز,خَلْخَال,APPROVED,,L2_011 root خلخل→خلل
AR00058,خَاتَم,اسم جامد,158,3359,حلقة من معدن تلبس في الإصبع زينةً أو علامةً على خطبة أو زواج.,ختم,فَاعَلٌ,roots-4662:ختم:المحكم — المعاني,roots-4662:ختم:مقاييس — المحور,roots-4662:ختم:الأساس — المجاز,خَاتَم,APPROVED,,ويقال خَاتِم
AR00059,قُرْط,اسم جامد,158,3360,حلية تعلّق في شحمة الأذن.,قرط,فُعْلٌ,roots-4662:قرط:المحكم — المعاني,roots-4662:قرط:مقاييس — النص,roots-4662:قرط:الأساس — المجاز,قُرْط,APPROVED,,
AR00063,قِلَادَة,اسم جامد,158,3363,ما يُجعل في العنق من سلسلة أو خرز أو جوهر.,قلد,فِعَالَةٌ,roots-4662:قلد:المحكم — المعاني,roots-4662:قلد:مقاييس — المحور,roots-4662:قلد:الأساس — المجاز,قِلَادَة,APPROVED,,WAZN_L2_005 ← فِعَالٌ
AR00065,سِوَار,اسم جامد,158,3364;3365,حلية مستديرة تلبس في المعصم أو الذراع.,سور,فِعَالٌ,roots-4662:سور:المحكم — المعاني,roots-4662:سور:مقاييس — المحور,,سِوَار,APPROVED,,ويقال إِسْوَار
AR00066,إِكْلِيل,اسم جامد,158,3366;3370;3371;3372,حلية مستديرة كالتاج الصغير، من جوهر أو زهر، توضع على الرأس.,كلل,إِفْعِيلٌ,roots-4662:كلل:المحكم — المعاني,roots-4662:كلل:مقاييس — المحور,roots-4662:كلل:الأساس — المجاز,إِكْلِيل,APPROVED,,
AR00070,سِلْسِلَة,اسم جامد,158,3373,حلقات من معدن يتّصل بعضها ببعض تلبس حلية.,سلسل,فِعْلِلَةٌ,v21:سلسل:المحكم — المعاني,,,سِلْسِلَة,APPROVED,,WAZN_L2_005 ← فِعْلِلٌ
AR00071,دَلَّايَة,اسم جامد,158,3375,حلية تتدلّى من سلسلة العنق.,دلي,فَعَّالَةٌ,,v21:دلي:مقاييس — المحور,v21:دلي:الأساس — المجاز,دَلَّايَة,APPROVED,,مستعمل في العربية المعاصرة | WAZN_L2_005 ← فَعَّالٌ
AR00072,شَعْر مُسْتَعَار,تركيب,158,3376;3440,شعر طبيعي أو صناعي يوضع على الرأس ليغطيه أو يكمّل شعره.,,,,,,شَعْر مُسْتَعَار,APPROVED,,
AR00073,زِرّ كُمّ,تركيب,158,3399,زرّ يشدّ طرفي كمّ القميص بإدخاله في عروتيه.,,,,,,زِرّ كُمّ,APPROVED,,
AR00074,نَظَّارَة,اسم آلة,158,3429;3430,عدستان في إطار يستقرّ على الأنف والأذنين لتقوية البصر أو حمايته.,نظر,فَعَّالَةٌ,roots-4662:نظر:المحكم — المعاني,roots-4662:نظر:مقاييس — النص,roots-4662:نظر:الأساس — المجاز,نَظَّارَة,APPROVED,,POS_L2_007:ALA | WAZN_L2_005 ← فَعَّالٌ
AR00075,قُبَّعَة,اسم جامد,158,3432;3435,غطاء للرأس ذو شكل مخصوص.,قبع,فُعَّلَةٌ,roots-4662:قبع:المحكم — المعاني,roots-4662:قبع:مقاييس — المحور,,قُبَّعَة,APPROVED,,WAZN ← L2_015 المالك
AR00076,دَبُّوس قُبَّعَة,تركيب,158,3433,إبرة طويلة تثبَّت بها قبعة المرأة على رأسها.,,,,,,دَبُّوس قُبَّعَة,APPROVED,,
AR00077,قِنَاع,اسم جامد,158,3437,غطاء للوجه أو بعضه يُلبس تنكّراً أو وقايةً أو في التمثيل.,قنع,فِعَالٌ,roots-4662:قنع:المحكم — المعاني,roots-4662:قنع:مقاييس — المحور,roots-4662:قنع:الأساس — المجاز,قِنَاع,APPROVED,,
AR00078,كِمَامَة,اسم آلة,158,3437,غطاء يوضع على الفم والأنف وقايةً.,كمم,فِعَالَةٌ,roots-4662:كمم:المحكم — المعاني,roots-4662:كمم:مقاييس — المحور,,كِمَامَة,APPROVED,,POS_L2_007:ALA | WAZN_L2_005 ← فِعَالٌ
AR00079,مِنْدِيل,اسم جامد,158,3438,قطعة قماش مربّعة تُشدّ على الرأس أو العنق.,ندل,مِفْعِيلٌ,roots-4662:ندل:المحكم — المعاني,roots-4662:ندل:مقاييس — المحور,,مِنْدِيل,APPROVED,,
AR00080,طَرْبُوش,اسم جامد,158,3442,غطاء رأس أحمر مخروطي مقطوع الرأس ذو شرّابة سوداء.,,,,,,طَرْبُوش,APPROVED,,دخيل/معرّب لا جذر عربي له؛ مستقر في الفصحى المعاصرة ولا لفظ أصيل يقوم مقامه
AR00081,قَلَنْسُوَة,اسم جامد,158,3443,غطاء يُلبس على الرأس ملتصقاً به.,قلس,فَعَنْلُوَةٌ,roots-4662:قلس:المحكم — المعاني,roots-4662:قلس:مقاييس — المحور,roots-4662:قلس:الأساس — المجاز,قَلَنْسُوَة,APPROVED,,
AR00082,كُمَّة,اسم جامد,158,3443,قلنسوة مدوّرة تغطي أعلى الرأس.,كمم,فُعْلَةٌ,roots-4662:كمم:المحكم — المعاني,roots-4662:كمم:مقاييس — المحور,,كُمَّة,APPROVED,,WAZN_L2_005 ← فُعْلٌ
AR00084,بِيرِيه,اسم جامد,158,3448,قبعة مستديرة مسطّحة من لبد أو قماش.,,,,,,بِيرِيه,APPROVED,,دخيل/معرّب لا جذر عربي له؛ مستقر في الفصحى المعاصرة ولا لفظ أصيل يقوم مقامه
AR00086,نِقَاب,اسم جامد,158,3459,ما تستر به المرأة وجهها إلا العينين.,نقب,فِعَالٌ,roots-4662:نقب:المحكم — المعاني,roots-4662:نقب:مقاييس — المحور,,نِقَاب,APPROVED,,
AR00088,لِثَام,اسم جامد,158,3459,ما يُشدّ على الفم والأنف من ثوب.,لثم,فِعَالٌ,roots-4662:لثم:المحكم — المعاني,roots-4662:لثم:مقاييس — المحور,roots-4662:لثم:الأساس — المجاز,لِثَام,APPROVED,,
AR00089,غِطَاء رَأْس,تركيب,158,3460;3461,ما يُلبس على الرأس، ومنه ما يتّخذ في المناسبات.,,,,,,غِطَاء رَأْس,APPROVED,,
AR00091,مِنْطَقَة,اسم آلة,158,3462,ما يُشدّ به الوسط ويُعلّق فيه السلاح ونحوه.,نطق,مِفْعَلَةٌ,roots-4662:نطق:المحكم — المعاني,roots-4662:نطق:مقاييس — المحور,roots-4662:نطق:الأساس — المجاز,مِنْطَقَة,APPROVED,,POS_L2_007:ALA | WAZN_L2_005 ← مِفْعَلٌ
AR00092,مِخْنَقَة,اسم آلة,158,3541,قلادة تحيط بالعنق ضيّقة عليه.,خنق,مِفْعَلَةٌ,roots-4662:خنق:المحكم — المعاني,roots-4662:خنق:مقاييس — المحور,roots-4662:خنق:الأساس — المجاز,مِخْنَقَة,APPROVED,,POS_L2_007:ALA | WAZN_L2_005 ← مِفْعَلٌ
AR00093,شَبَكَة شَعْر,تركيب,158,3605,نسيج دقيق متخلّل يُجمع به الشعر.,,,,,,شَبَكَة شَعْر,APPROVED,,
AR00094,مِشْبَك شَعْر,تركيب,158,3606;3610,أداة صغيرة يُثبَّت بها الشعر في موضعه.,,,,,,مِشْبَك شَعْر,APPROVED,,
AR00095,دَبُّوس شَعْر,تركيب,158,3608,إبرة معقوفة يُثبَّت بها الشعر.,,,,,,دَبُّوس شَعْر,APPROVED,,
AR00097,سَاعَة,اسم جامد,158,3612,أداة صغيرة لمعرفة الوقت تُلبس في المعصم.,سوع,فَعْلَةٌ,roots-4662:سوع:المحكم — المعاني,roots-4662:سوع:مقاييس — المحور,,سَاعَة,APPROVED,,WAZN_L2_005 ← فَعْلٌ
AR00098,سَاعَة يَد,تركيب,158,3612,ساعة صغيرة تُلبس في المعصم بسير.,,,,,,سَاعَة يَد,APPROVED,,
AR00099,وِسَام,اسم جامد,158,3613,قطعة من معدن منقوشة تُمنح تقديراً لعمل أو تذكاراً لحدث وتُعلّق على الصدر.,وسم,فِعَالٌ,roots-4662:وسم:المحكم — المعاني,roots-4662:وسم:مقاييس — المحور,roots-4662:وسم:الأساس — المجاز,وِسَام,APPROVED,,
AR00100,نَوْط,اسم جامد,158,3613,وسام يُعلّق على الصدر.,نوط,فَعْلٌ,roots-4662:نوط:المحكم — المعاني,roots-4662:نوط:مقاييس — المحور,roots-4662:نوط:الأساس — المجاز,نَوْط,APPROVED,,
AR00105,نَظَّارَة وَاقِيَة,تركيب,158,3620,نظارة محكمة على العينين ذات جوانب تحميهما.,,,,,,نَظَّارَة وَاقِيَة,APPROVED,,
AR00106,خُوذَة,اسم جامد,158,3673;3674,غطاء صلب يقي الرأس.,خوذ,فُعْلَةٌ,v21:خوذ:المحكم — المعاني,v21:خوذ:مقاييس — النص,,خُوذَة,APPROVED,,WAZN_L2_005 ← فُعْلٌ
AR00108,مِغْفَر,اسم آلة,158,3677,زرد يُنسج على قدر الرأس ويُلبس تحت القلنسوة وقايةً في الحرب.,غفر,مِفْعَلٌ,roots-4662:غفر:المحكم — المعاني,roots-4662:غفر:مقاييس — النص,roots-4662:غفر:الأساس — المجاز,مِغْفَر,APPROVED,,POS_L2_007:ALA
AR00109,دِرْع,اسم جامد,158,3678,قميص من زرد الحديد يلبسه المقاتل.,درع,فِعْلٌ,roots-4662:درع:المحكم — المعاني,roots-4662:درع:مقاييس — المحور,,دِرْع,APPROVED,,
AR00110,سَابِغَة,اسم فاعل,158,3678,درع طويلة تامّة.,سبغ,فَاعِلَةٌ,roots-4662:سبغ:المحكم — المعاني,roots-4662:سبغ:مقاييس — المحور,roots-4662:سبغ:الأساس — المجاز,سَابِغَة,APPROVED,,مؤنث اسم الفاعل مستعمل اسماً | WAZN_L2_005 ← فَاعِلٌ
AR00111,رِدَاء,اسم جامد,158,3679,ثوب واسع يُلقى على الكتفين فوق الثياب.,ردي,فِعَالٌ,roots-4662:ردي:المحكم — المعاني,roots-4662:ردي:مقاييس — المحور,roots-4662:ردي:الأساس — المجاز,رِدَاء,APPROVED,,ويُذكر في ردي/ردأ
AR00112,عَبَاءَة,اسم جامد,158,3679,كساء واسع مفتوح المقدّم يُلبس فوق الثياب.,عبي,فَعَالَةٌ,,,,عَبَاءَة,APPROVED,,WAZN ← L2_015 المالك
AR00113,قِنَاع غَاز,تركيب,158,12212,قناع واقٍ يغطي الوجه للوقاية من الغازات السامة.,,,,,,قِنَاع غَاز,APPROVED,,
AR00115,خِزَامَة,اسم جامد,158,,حلقة تُلبس في الأنف زينةً.,خزم,فِعَالَةٌ,roots-4662:خزم:المحكم — المعاني,roots-4662:خزم:مقاييس — المحور,roots-4662:خزم:الأساس — المجاز,خِزَامَة,APPROVED,,AR_ONLY | WAZN_L2_005 ← فِعَالٌ
AR00123,عُنْقُود,اسم جامد,103,2113,طائفةٌ من أشياء متشابهة متقاربة متلاصقة.,عنقد,فُعْلُولٌ (رباعي),,,,عُنْقُود,APPROVED,,أصله عنقود العنب
AR00125,قَطِيع,اسم جامد,103,2114;2116,طائفةٌ من الحيوان تعيش أو تسير معاً.,قطع,فَعِيلٌ,roots-4662:قطع:المحكم — المعاني,roots-4662:قطع:مقاييس — المحور,roots-4662:قطع:الأساس — المجاز,قَطِيع,APPROVED,,
AR00126,مَفْرَزَة,اسم جامد,103,2115,عددٌ قليل من الجنود يُفرَز لمهمّة معيّنة.,فرز,مَفْعَلَةٌ,roots-4662:فرز:المحكم — المعاني,roots-4662:فرز:مقاييس — المحور,,مَفْرَزَة,APPROVED,,WAZN_L2_005 ← مَفْعَلٌ
AR00127,فِرْقَة,اسم جامد,103,2115,طائفةٌ من الناس أو الجنود منفردةٌ لعمل.,فرق,فِعْلَةٌ,roots-4662:فرق:المحكم — المعاني,roots-4662:فرق:مقاييس — المحور,roots-4662:فرق:الأساس — المجاز,فِرْقَة,APPROVED,,WAZN_L2_005 ← فِعْلٌ
AR00128,سِرْب,اسم جامد,103,2117;2120;2121;2661;2880;2881;2882,جماعةٌ من الطير أو السمك أو الظباء أو النساء أو غيرها تسير معاً.,سرب,فِعْلٌ,roots-4662:سرب:المحكم — المعاني,roots-4662:سرب:مقاييس — المحور,roots-4662:سرب:الأساس — المجاز,سِرْب,APPROVED,,
AR00131,فَرِيق,اسم جامد,103,2122;2124,طائفةٌ من الناس يعملون معاً أو يشتركون في نشاط.,فرق,فَعِيلٌ,roots-4662:فرق:المحكم — المعاني,roots-4662:فرق:مقاييس — المحور,roots-4662:فرق:الأساس — المجاز,فَرِيق,APPROVED,,
AR00132,دُفْعَة,اسم جامد,103,2123;2883,ما يأتي أو يُنتَج من الشيء في مرة واحدة.,دفع,فُعْلَةٌ,roots-4662:دفع:المحكم — المعاني,roots-4662:دفع:مقاييس — المحور,roots-4662:دفع:الأساس — المجاز,دُفْعَة,APPROVED,,WAZN_L2_005 ← فُعْلٌ
AR00133,رَكْب,اسم جامد,103,2124,جماعةٌ من المسافرين يسيرون معاً.,ركب,فَعْلٌ,roots-4662:ركب:المحكم — المعاني,roots-4662:ركب:مقاييس — المحور,,رَكْب,APPROVED,,
AR00134,زُمْرَة,اسم جامد,103,2125;2131;2663,جماعةٌ من الناس تجمعهم صلةٌ أو غرض.,زمر,فُعْلَةٌ,roots-4662:زمر:المحكم — المعاني,roots-4662:زمر:مقاييس — المحور,roots-4662:زمر:الأساس — المجاز,زُمْرَة,APPROVED,,WAZN_L2_005 ← فُعْلٌ
AR00135,فَوْج,اسم جامد,103,2125,جماعةٌ من الناس تمضي أو تُعامَل معاً.,فوج,فَعْلٌ,roots-4662:فوج:المحكم — المعاني,roots-4662:فوج:مقاييس — المحور,,فَوْج,APPROVED,,
AR00136,فَيْلَق,اسم جامد,103,2126;2665,جمعٌ عظيم من الجند أو الناس.,فلق,فَيْعَلٌ,roots-4662:فلق:المحكم — المعاني,roots-4662:فلق:مقاييس — المحور,roots-4662:فلق:الأساس — المجاز,فَيْلَق,APPROVED,,
AR00137,كَوْمَة,اسم جامد,103,2127,ما جُمع من الأشياء بعضه فوق بعض.,كوم,فَعْلَةٌ,roots-4662:كوم:المحكم — المعاني,roots-4662:كوم:مقاييس — المحور,,كَوْمَة,APPROVED,,WAZN_L2_005 ← فَعْلٌ
AR00138,كُدْس,اسم جامد,103,2127,ما تراكم من الأشياء بعضها على بعض.,كدس,فُعْلٌ,roots-4662:كدس:المحكم — المعاني,roots-4662:كدس:مقاييس — النص,roots-4662:كدس:الأساس — المجاز,كُدْس,APPROVED,,
AR00140,نَوْع,اسم جامد,103,2130,جملةٌ من الأشياء يجمعها وجهُ شبهٍ واحد.,نوع,فَعْلٌ,roots-4662:نوع:المحكم — المعاني,roots-4662:نوع:مقاييس — المحور,,نَوْع,APPROVED,,
AR00142,طَاقَم,اسم جامد,103,2132,جماعةٌ تعمل في تشغيل سفينة أو طائرة أو قطار ونحوها.,طقم,فَاعَلٌ,,,,طَاقَم,APPROVED,,يُقال إنه دخيل تركي
AR00146,خَلِيط,اسم جامد,103,2136,ما اجتمع من أشياء مختلفة غير متجانسة.,خلط,فَعِيلٌ,roots-4662:خلط:المحكم — المعاني,roots-4662:خلط:مقاييس — النص,roots-4662:خلط:الأساس — المجاز,خَلِيط,APPROVED,,
AR00148,جَمّ غَفِير,تركيب,103,2140,جمعٌ كثير جداً من الناس.,,,,,,جَمّ غَفِير,APPROVED,,
AR00152,فَصِيلَة,اسم جامد,103,2664,طائفةٌ يجمعها نسبٌ أو خصائص مشتركة.,فصل,فَعِيلَةٌ,roots-4662:فصل:المحكم — المعاني,roots-4662:فصل:مقاييس — النص,,فَصِيلَة,APPROVED,,WAZN_L2_005 ← فَعِيلٌ
AR00153,سِلْك,اسم جامد,103,2665,جماعةٌ منتظمة تقوم بعمل واحد.,سلك,فِعْلٌ,roots-4662:سلك:المحكم — المعاني,roots-4662:سلك:مقاييس — المحور,roots-4662:سلك:الأساس — المجاز,سِلْك,APPROVED,,كالسلك الدبلوماسي
AR00154,طَقْم,اسم جامد,103,2666,مجموعةٌ من الأشياء تُستعمل معاً.,طقم,فَعْلٌ,,,,طَقْم,APPROVED,,يُقال إنه دخيل تركي
AR00155,كَمّ,اسم جامد,103,2667,مقدارٌ كبير من الأشياء.,كمم,فَعْلٌ,roots-4662:كمم:المحكم — المعاني,roots-4662:كمم:مقاييس — المحور,,كَمّ,APPROVED,,
AR00157,مَدْرَسَة,اسم جامد,103,2881,جماعةٌ تشترك في مذهب أو منهج أو أسلوب.,درس,مَفْعَلَةٌ,roots-4662:درس:المحكم — المعاني,roots-4662:درس:مقاييس — المحور,roots-4662:درس:الأساس — المجاز,مَدْرَسَة,APPROVED,,WAZN_L2_005 ← مَفْعَلٌ
AR00158,غَوْغَاء,اسم جامد,103,2884,جماعةٌ من عامة الناس كثيرة الاضطراب والجلبة.,غوغ,فَعْلاءُ,,,,غَوْغَاء,APPROVED,,WAZN ← SIBAWAYH_EXISTS
AR00159,رَعَاع,اسم جامد,103,2884,سقطة الناس وأخلاطهم.,رعع,فَعَالٍ,roots-4662:رعع:المحكم — المعاني,roots-4662:رعع:مقاييس — المحور,,رَعَاع,APPROVED,,WAZN ← SIBAWAYH_EXISTS
AR00162,أَهْل,اسم جامد,103,2926,سكان الموضع جميعاً.,ءهل,فَعْلٌ,v21:أهل:المحكم — المعاني,v21:أهل:مقاييس — المحور,,أَهْل,APPROVED,,
AR00163,أُسْطُول,اسم جامد,103,4033,جماعةٌ من السفن.,,,,,,أُسْطُول,APPROVED,,معرّب قديم؛ لا لفظ عربي بمعناه
AR00166,هَيْئَة,اسم جامد,103,13115,جماعةٌ منظّمة ذات وظيفة مشتركة.,هيء,فَعْلَةٌ,roots-4662:هيء:المحكم — المعاني,roots-4662:هيء:مقاييس — النص,,هَيْئَة,APPROVED,,WAZN_L2_005 ← فَعْلٌ
AR00167,قَبِيلَة,اسم جامد,103,13782,جماعةٌ من الأسر ترجع إلى أصل واحد وتشترك في العادات واللهجة.,قبل,فَعِيلَةٌ,roots-4662:قبل:المحكم — المعاني,roots-4662:قبل:مقاييس — المحور,roots-4662:قبل:الأساس — المجاز,قَبِيلَة,APPROVED,,WAZN_L2_005 ← فَعِيلٌ
AR00168,قُوَّة,اسم جامد,103,16150,جماعةٌ من الناس تجمعهم وظيفة أو غاية.,قوي,فُعْلَةٌ,,roots-4662:قوي:مقاييس — المحور,,قُوَّة,APPROVED,,WAZN_L2_005 ← فُعْلٌ
AR00170,تَوْلِيفَة,اسم جامد,103,17097,جملةٌ مؤلفة من أكثر من عنصر متمايز.,ولف,تَفْعِيلَةٌ,roots-4662:ولف:المحكم — المعاني,,,تَوْلِيفَة,APPROVED,,WAZN_L2_005 ← تَفْعِيلٌ
AR00171,مَزِيج,اسم جامد,103,17097,ما خُلط من أشياء مختلفة.,مزج,فَعِيلٌ,roots-4662:مزج:المحكم — المعاني,roots-4662:مزج:مقاييس — المحور,roots-4662:مزج:الأساس — المجاز,مَزِيج,APPROVED,,
AR00172,رَهْط,اسم جامد,103,,جماعةٌ من الرجال دون العشرة.,رهط,فَعْلٌ,roots-4662:رهط:المحكم — المعاني,roots-4662:رهط:مقاييس — المحور,roots-4662:رهط:الأساس — المجاز,رَهْط,APPROVED,,AR_ONLY
AR00173,ثُلَّة,اسم جامد,103,,جماعةٌ من الناس.,ثلل,فُعْلَةٌ,v21:ثلل:المحكم — المعاني,v21:ثلل:مقاييس — المحور,v21:ثلل:الأساس — المجاز,ثُلَّة,APPROVED,,AR_ONLY | WAZN_L2_005 ← فُعْلٌ
AR00174,كَتِيبَة,اسم جامد,103,,طائفةٌ من الجيش مجتمعة.,كتب,فَعِيلَةٌ,roots-4662:كتب:المحكم — المعاني,roots-4662:كتب:مقاييس — المحور,roots-4662:كتب:الأساس — المجاز,كَتِيبَة,APPROVED,,AR_ONLY | WAZN_L2_005 ← فَعِيلٌ
AR00175,شِرْذِمَة,اسم جامد,103,,طائفةٌ قليلة من الناس.,شرذم,فِعْلِلَةٌ,,,,شِرْذِمَة,APPROVED,,AR_ONLY | WAZN_L2_005 ← فِعْلِلٌ
AR00177,فَرِيق,اسم جامد,2390,16016,رتبة عسكرية عليا يتولى صاحبها قيادة قوات كبيرة.,فرق,فَعِيلٌ,roots-4662:فرق:المحكم — المعاني,roots-4662:فرق:مقاييس — المحور,roots-4662:فرق:الأساس — المجاز,فَرِيق,APPROVED,,دلالة الرتبة حادثة
AR00178,لِوَاء,اسم جامد,2390,16016,رتبة عسكرية فوق العميد ودون الفريق، ويُلقَّب بها صاحبها.,لوي,فِعَالٌ,roots-4662:لوي:المحكم — المعاني,roots-4662:لوي:مقاييس — المحور,roots-4662:لوي:الأساس — المجاز,لِوَاء,APPROVED,,أصله لِوَايٌ
AR00179,رُبَّان,اسم جامد,2390,16017,رئيس الملّاحين المتولي أمر السفينة.,ربن,فُعَّالٌ,v21:ربن:المحكم — المعاني,v21:ربن:مقاييس — النص,,رُبَّان,APPROVED,,وقيل في ربب على فُعْلان
AR00180,رَئِيس,صفة مشبهة,2390,18053;18063;18064;18065,من يتولى أمر جماعة أو هيئة أو دولة ويكون على رأسها.,رءس,فَعِيلٌ,roots-4662:رءس:المحكم — المعاني,roots-4662:رءس:مقاييس — المحور,roots-4662:رءس:الأساس — المجاز,رَئِيس,APPROVED,,
AR00181,أُسْقُف,اسم جامد,2390,18061,رتبة كنسية عليا يتولى صاحبها رعاية أبرشية ويرسم الكهنة.,سقف,أُفْعُلٌّ,roots-4662:سقف:المحكم — المعاني,roots-4662:سقف:مقاييس — المحور,roots-4662:سقف:الأساس — المجاز,أُسْقُف,APPROVED,,في اللسان والقاموس أُسْقُفّ بالتشديد تحت سقف، وقيل أعجمي معرّب | WAZN ← L2_015 المالك
AR00182,زَعِيم,صفة مشبهة,2390,18065;18082,سيّد القوم ورئيسهم المتكلم عنهم.,زعم,فَعِيلٌ,roots-4662:زعم:المحكم — المعاني,roots-4662:زعم:مقاييس — المحور,roots-4662:زعم:الأساس — المجاز,زَعِيم,APPROVED,,
AR00183,قَائِد,اسم فاعل,2390,18066;18082,من يتقدم الجماعة ويتولى أمرها ويوجهها، ولا سيما في الجيش.,قود,فَاعِلٌ,roots-4662:قود:المحكم — المعاني,roots-4662:قود:مقاييس — المحور,roots-4662:قود:الأساس — المجاز,قَائِد,APPROVED,,أصله قاوِد
AR00185,نَائِب,اسم فاعل,2390,18068;18094,عضو منتخب في مجلس تشريعي ينوب عن ناخبيه.,نوب,فَاعِلٌ,roots-4662:نوب:المحكم — المعاني,roots-4662:نوب:مقاييس — المحور,,نَائِب,APPROVED,,أصله ناوِب
AR00186,نَائِبَة,اسم فاعل,2390,18069,امرأة منتخبة عضواً في مجلس تشريعي تنوب عن ناخبيها.,نوب,فَاعِلَةٌ,roots-4662:نوب:المحكم — المعاني,roots-4662:نوب:مقاييس — المحور,,نَائِبَة,APPROVED,,WAZN_L2_005 ← فَاعِلٌ
AR00187,مُدِير,اسم فاعل,2390,18070;18077;18092,من يتولى تدبير مؤسسة أو إدارة أو نشاط ويشرف عليه.,دور,مُفْعِلٌ,roots-4662:دور:المحكم — المعاني,roots-4662:دور:مقاييس — المحور,,مُدِير,APPROVED,,WAZN ← L2_006 فا من أَفْعَلَ
AR00188,دُوقَة,اسم جامد,2390,18071,امرأة تحمل لقب الدوق أو زوجته أو أرملته.,,,,,,دُوقَة,APPROVED,,دخيل/معرّب لا جذر عربي له؛ مستقر في الفصحى المعاصرة ولا لفظ أصيل يقوم مقامه
AR00189,إِمْبِرَاطُور,اسم جامد,2390,18072,الحاكم الأعلى لإمبراطورية.,,,,,,إِمْبِرَاطُور,APPROVED,,دخيل/معرّب لا جذر عربي له؛ مستقر في الفصحى المعاصرة ولا لفظ أصيل يقوم مقامه
AR00190,إِمْبِرَاطُورَة,اسم جامد,2390,18073,الحاكمة العليا لإمبراطورية أو زوجة الإمبراطور.,,,,,,إِمْبِرَاطُورَة,APPROVED,,دخيل/معرّب لا جذر عربي له؛ مستقر في الفصحى المعاصرة ولا لفظ أصيل يقوم مقامه
AR00191,مُدِيرٌ تَنْفِيذِيٌّ,تركيب,2390,18075,رأس مؤسسة تجارية أو جهة حكومية المتولي تنفيذ أعمالها.,,,,,,مُدِيرٌ تَنْفِيذِيٌّ,APPROVED,,
AR00194,نَاظِر,اسم فاعل,2390,18077,المتولي أمر مدرسة أو وقف أو جهة والقائم على شؤونها.,نظر,فَاعِلٌ,roots-4662:نظر:المحكم — المعاني,roots-4662:نظر:مقاييس — النص,roots-4662:نظر:الأساس — المجاز,نَاظِر,APPROVED,,
AR00196,قَيْصَر,اسم جامد,2390,18079;18101,لقب إمبراطور الروم والألمان والروس قديماً.,,,,,,قَيْصَر,APPROVED,,معرّب قديم عن لقب أعجمي؛ لا جذر عربي له
AR00197,مَلِك,صفة مشبهة,2390,18080,صاحب السلطان الأعلى في دولة مستقلة، يرثه في الغالب.,ملك,فَعِلٌ,roots-4662:ملك:المحكم — المعاني,roots-4662:ملك:مقاييس — المحور,roots-4662:ملك:الأساس — المجاز,مَلِك,APPROVED,,
AR00199,مَهَرَاجَا,اسم جامد,2390,18084,لقب أمير هندي قديماً.,,,,,,مَهَرَاجَا,APPROVED,,دخيل/معرّب لا جذر عربي له؛ مستقر في الفصحى المعاصرة ولا لفظ أصيل يقوم مقامه
AR00200,رَئِيسُ البَلَدِيَّةِ,تركيب,2390,18085,المسؤول الأول عن إدارة مجلس المدينة وشؤونها.,,,,,,رَئِيسُ البَلَدِيَّةِ,APPROVED,,
AR00201,وَزِير,صفة مشبهة,2390,18086;18095,من يتولى وزارة من وزارات الدولة ويحمل عن الحاكم أعباءها.,وزر,فَعِيلٌ,roots-4662:وزر:المحكم — المعاني,roots-4662:وزر:مقاييس — المحور,roots-4662:وزر:الأساس — المجاز,وَزِير,APPROVED,,
AR00202,قُطْب,اسم جامد,2390,18087,ذو النفوذ الأكبر في صناعة أو تجارة.,قطب,فُعْلٌ,roots-4662:قطب:المحكم — المعاني,roots-4662:قطب:مقاييس — المحور,roots-4662:قطب:الأساس — المجاز,قُطْب,APPROVED,,استعمال مجازي من قطب الرحى
AR00203,عَاهِل,اسم فاعل,2390,18088,الملك الأعظم صاحب السيادة العليا على الدولة.,عهل,فَاعِلٌ,v21:عهل:المحكم — المعاني,v21:عهل:مقاييس — المحور,,عَاهِل,APPROVED,,
AR00204,مَسْؤُول,اسم مفعول,2390,18089,من يشغل منصباً عاماً ويتولى مهامه.,سءل,مَفْعُولٌ,roots-4662:سءل:المحكم — المعاني,roots-4662:سءل:مقاييس — النص,,مَسْؤُول,APPROVED,,
AR00205,رَئِيسُ الوُزَرَاءِ,تركيب,2390,18090,رئيس الحكومة المتولي أمر مجلس الوزراء.,,,,,,رَئِيسُ الوُزَرَاءِ,APPROVED,,
AR00207,مَلِكَة,صفة مشبهة,2390,18093,المرأة صاحبة السلطان الأعلى في دولة مستقلة.,ملك,فَعِلَةٌ,roots-4662:ملك:المحكم — المعاني,roots-4662:ملك:مقاييس — المحور,roots-4662:ملك:الأساس — المجاز,مَلِكَة,APPROVED,,WAZN_L2_005 ← فَعِلٌ
AR00208,شَاه,اسم جامد,2390,18096,لقب ملك إيران قديماً.,,,,,,شَاه,APPROVED,,دخيل/معرّب لا جذر عربي له؛ مستقر في الفصحى المعاصرة ولا لفظ أصيل يقوم مقامه
AR00210,سُلْطَان,اسم جامد,2390,18098,الحاكم المسلم صاحب السيادة والسلطة.,سلط,فُعْلانٌ,roots-4662:سلط:المحكم — المعاني,roots-4662:سلط:مقاييس — المحور,,سُلْطَان,APPROVED,,
AR00215,دُكْتُور,اسم جامد,2390,18108;18109,لقب يسبق اسم الطبيب أو حامل الشهادة العليا.,,,,,,دُكْتُور,APPROVED,,معرّب؛ وفي وظيفة اللقب السابق للاسم لا يقوم لفظ أصيل مقامه، ويُختصر خطاً «د.»
AR00216,سَيِّد,صفة مشبهة,2390,18110,من له السيادة والأمر على غيره.,سود,فَيْعِلٌ,roots-4662:سود:المحكم — المعاني,roots-4662:سود:مقاييس — المحور,roots-4662:سود:الأساس — المجاز,سَيِّد,APPROVED,,WAZN ← L2_015 المالك
AR00217,سَيِّدَة,صفة مشبهة,2390,18111;18112,لقب احترام يسبق اسم المرأة.,سود,فَيْعِلَةٌ,roots-4662:سود:المحكم — المعاني,roots-4662:سود:مقاييس — المحور,roots-4662:سود:الأساس — المجاز,سَيِّدَة,APPROVED,,WAZN ← L2_015 المالك
AR00221,خَالَة,اسم جامد,2390,18120,أخت الأم.,خول,فَعَلَةٌ,roots-4662:خول:المحكم — المعاني,roots-4662:خول:مقاييس — المحور,roots-4662:خول:الأساس — المجاز,خَالَة,APPROVED,,WAZN_L2_005 ← فَعَلٌ
AR00223,خَال,اسم جامد,2390,18121,أخو الأم.,خول,فَعَلٌ,roots-4662:خول:المحكم — المعاني,roots-4662:خول:مقاييس — المحور,roots-4662:خول:الأساس — المجاز,خَال,APPROVED,,أصله خَوَلٌ
AR00226,ابْنُ العَمِّ,تركيب,2390,18130,ابن أخي الأب.,,,,,,ابْنُ العَمِّ,APPROVED,,
AR00227,ابْنُ الخَالِ,تركيب,2390,18130,ابن أخي الأم.,,,,,,ابْنُ الخَالِ,APPROVED,,
AR00229,فَضِيلَة,اسم جامد,2390,,لقب تبجيل يسبق اسم العالم أو الشيخ.,فضل,فَعِيلَةٌ,roots-4662:فضل:المحكم — المعاني,roots-4662:فضل:مقاييس — المحور,,فَضِيلَة,APPROVED,,AR_ONLY | WAZN_L2_005 ← فَعِيلٌ
AR00230,سَمَاحَة,مصدر,2390,,لقب تبجيل يسبق اسم المفتي أو كبير العلماء.,سمح,فَعَالَةٌ,roots-4662:سمح:المحكم — المعاني,roots-4662:سمح:مقاييس — المحور,roots-4662:سمح:الأساس — المجاز,سَمَاحَة,APPROVED,,AR_ONLY | WAZN ← L2_015 المالك
AR00233,رَبَطَ,فعل,197,3768;4515;4541;4709;4720;5158;5480;11914;11915,وصل شيئاً بآخر بحبل ونحوه وأحكم وصله.,ربط,فَعَلَ,roots-4662:ربط:المحكم — المعاني,roots-4662:ربط:مقاييس — المحور,roots-4662:ربط:الأساس — المجاز,رَبَطَ,APPROVED,,
AR00234,وَصَلَ,فعل,197,3768;11873;11914;11915;11916,ضمّ الشيء إلى الشيء حتى اتصلا.,وصل,فَعَلَ,roots-4662:وصل:المحكم — المعاني,roots-4662:وصل:مقاييس — المحور,,وَصَلَ,APPROVED,,
AR00236,شَلَّ,فعل,197,4528,خاط الثوب خياطة خفيفة متباعدة ليمسكه مؤقتاً.,شلل,فَعَلَ,v21:شلل:المحكم — المعاني,v21:شلل:مقاييس — المحور,v21:شلل:الأساس — المجاز,شَلَّ,APPROVED,,شلّ الثوب: خاطه خياطة خفيفة متباعدة
AR00237,سَمَّرَ,فعل,197,4528;4533,ثبّت الشيء بالمسامير.,سمر,فَعَّلَ,roots-4662:سمر:المحكم — المعاني,roots-4662:سمر:مقاييس — المحور,roots-4662:سمر:الأساس — المجاز,سَمَّرَ,APPROVED,,
AR00238,أَلْصَقَ,فعل,197,4529;4531;4535;4537;4539;4541;6986;11871,جعل الشيء يلزق بغيره بالغراء.,لصق,أَفْعَلَ,roots-4662:لصق:المحكم — المعاني,roots-4662:لصق:مقاييس — المحور,roots-4662:لصق:الأساس — المجاز,أَلْصَقَ,APPROVED,,
AR00239,غَرَّى,فعل,197,4529;4722,ألصق الشيء بالغراء.,غرو,فَعَّلَ,roots-4662:غرو:المحكم — المعاني,roots-4662:غرو:مقاييس — المحور,,غَرَّى,APPROVED,,L2_011 root غري→غرو
AR00241,أَلْحَقَ,فعل,197,4535;11872;11874,أتبع الشيء بغيره وضمّه إليه.,لحق,أَفْعَلَ,roots-4662:لحق:المحكم — المعاني,roots-4662:لحق:مقاييس — المحور,roots-4662:لحق:الأساس — المجاز,أَلْحَقَ,APPROVED,,
AR00242,سَلْسَلَ,فعل,197,4536;11873,شدّ الشيء بالسلسلة.,سلسل,فَعْلَلَ,v21:سلسل:المحكم — المعاني,,,سَلْسَلَ,APPROVED,,بمعنى شدّ بالسلسلة مستعمل في الفصحى المعاصرة
AR00243,قَيَّدَ,فعل,197,4536;4708;4716;4718,شدّ الأسير أو الدابة بالقيد أو السلسلة.,قيد,فَعَّلَ,roots-4662:قيد:المحكم — المعاني,roots-4662:قيد:مقاييس — النص,,قَيَّدَ,APPROVED,,
AR00244,خَاطَ,فعل,197,4538,ضمّ طرفي الثوب ونحوه بالإبرة والخيط.,خيط,فَعَلَ,roots-4662:خيط:المحكم — المعاني,roots-4662:خيط:مقاييس — المحور,roots-4662:خيط:الأساس — المجاز,خَاطَ,APPROVED,,أصله خَيَطَ
AR00245,لَصِقَ,فعل,197,4539,لزم الشيء غيره فلم يفارقه.,لصق,فَعِلَ,roots-4662:لصق:المحكم — المعاني,roots-4662:لصق:مقاييس — المحور,roots-4662:لصق:الأساس — المجاز,لَصِقَ,APPROVED,,
AR00246,أَوْثَقَ,فعل,197,4540;4543;4709;11913,شدّ الشيء بالوثاق شداً محكماً.,وثق,أَفْعَلَ,roots-4662:وثق:المحكم — المعاني,roots-4662:وثق:مقاييس — المحور,,أَوْثَقَ,APPROVED,,
AR00248,دَمَجَ,فعل,197,4706,أدخل شيئاً في شيء حتى صارا شيئاً واحداً.,دمج,فَعَلَ,roots-4662:دمج:المحكم — المعاني,roots-4662:دمج:مقاييس — المحور,roots-4662:دمج:الأساس — المجاز,دَمَجَ,APPROVED,,
AR00249,كَبَّلَ,فعل,197,4708;4717;4718,شدّ بالكبل وهو القيد الضخم.,كبل,فَعَّلَ,roots-4662:كبل:المحكم — المعاني,roots-4662:كبل:مقاييس — المحور,roots-4662:كبل:الأساس — المجاز,كَبَّلَ,APPROVED,,
AR00250,فَصَلَ,فعل,197,4710,أبان الشيء عن غيره ونزعه منه.,فصل,فَعَلَ,roots-4662:فصل:المحكم — المعاني,roots-4662:فصل:مقاييس — النص,,فَصَلَ,APPROVED,,
AR00251,فَكَّ,فعل,197,4710;5768,فصل الشيء عما كان متصلاً به.,فكك,فَعَلَ,roots-4662:فكك:المحكم — المعاني,roots-4662:فكك:مقاييس — المحور,roots-4662:فكك:الأساس — المجاز,فَكَّ,APPROVED,,
AR00252,غَلَّ,فعل,197,4716,جعل الغلّ في يد الأسير أو عنقه.,غلل,فَعَلَ,roots-4662:غلل:المحكم — المعاني,roots-4662:غلل:مقاييس — المحور,,غَلَّ,APPROVED,,
AR00254,بَرْشَمَ,فعل,197,4719,وصل قطعتين بمسامير البرشام.,برشم,فَعْلَلَ,,,,بَرْشَمَ,APPROVED,,بمعنى الوصل بالمسمار البرشام مولّد
AR00256,لَحَمَ,فعل,197,4724;4725,وصل قطعتين من المعدن بإذابة موضع الالتقاء.,لحم,فَعَلَ,roots-4662:لحم:المحكم — المعاني,roots-4662:لحم:مقاييس — المحور,roots-4662:لحم:الأساس — المجاز,لَحَمَ,APPROVED,,
AR00257,تَلَاصَقَ,فعل,197,4836,لزق بعضه ببعض.,لصق,تَفَاعَلَ,roots-4662:لصق:المحكم — المعاني,roots-4662:لصق:مقاييس — المحور,roots-4662:لصق:الأساس — المجاز,تَلَاصَقَ,APPROVED,,
AR00258,تَكَتَّلَ,فعل,197,4836,تجمّع بعضه إلى بعض حتى صار كتلة.,كتل,تَفَعَّلَ,roots-4662:كتل:المحكم — المعاني,roots-4662:كتل:مقاييس — المحور,,تَكَتَّلَ,APPROVED,,
AR00259,أَرْسَى,فعل,197,5158;5159,ثبّت السفينة في موضعها بالمرساة أو بالحبال.,رسو,أَفْعَلَ,roots-4662:رسو:المحكم — المعاني,,roots-4662:رسو:الأساس — المجاز,أَرْسَى,APPROVED,,
AR00260,مُلْحَق,اسم مفعول,197,5477,جزء يُضاف إلى الشيء ليؤدي وظيفة.,لحق,مُفْعَلٌ,roots-4662:لحق:المحكم — المعاني,roots-4662:لحق:مقاييس — المحور,roots-4662:لحق:الأساس — المجاز,مُلْحَق,APPROVED,,
AR00261,رَبْط,مصدر,197,5548;8695,وصل شيء بآخر وإحكامه.,ربط,فَعْلٌ,roots-4662:ربط:المحكم — المعاني,roots-4662:ربط:مقاييس — المحور,roots-4662:ربط:الأساس — المجاز,رَبْط,APPROVED,,
AR00266,أَلْزَقَ,فعل,197,6986;11871,ألصق الشيء بغيره.,لزق,أَفْعَلَ,roots-4662:لزق:المحكم — المعاني,roots-4662:لزق:مقاييس — النص,,أَلْزَقَ,APPROVED,,
AR00268,إِلْحَاق,مصدر,197,8695,ضمّ الشيء إلى غيره.,لحق,إِفْعَالٌ,roots-4662:لحق:المحكم — المعاني,roots-4662:لحق:مقاييس — المحور,roots-4662:لحق:الأساس — المجاز,إِلْحَاق,APPROVED,,
AR00269,ذَيَّلَ,فعل,197,11872,جعل للشيء ذيلاً بإضافة شيء إليه في آخره.,ذيل,فَعَّلَ,roots-4662:ذيل:المحكم — المعاني,roots-4662:ذيل:مقاييس — المحور,roots-4662:ذيل:الأساس — المجاز,ذَيَّلَ,APPROVED,,
AR00271,قَرَنَ,فعل,197,11912,شدّ دابتين في حبل واحد أو نير.,قرن,فَعَلَ,roots-4662:قرن:المحكم — المعاني,roots-4662:قرن:مقاييس — المحور,,قَرَنَ,APPROVED,,
AR00272,كَتَّفَ,فعل,197,11913,شدّ يديه إلى خلفه بالحبل.,كتف,فَعَّلَ,roots-4662:كتف:المحكم — المعاني,roots-4662:كتف:مقاييس — المحور,roots-4662:كتف:الأساس — المجاز,كَتَّفَ,APPROVED,,
AR00274,رَكَّبَ,فعل,197,13150,وضع الشيء في موضعه وثبّته فيه.,ركب,فَعَّلَ,roots-4662:ركب:المحكم — المعاني,roots-4662:ركب:مقاييس — المحور,,رَكَّبَ,APPROVED,,
AR00275,زَرَّ,فعل,197,,أدخل الأزرار في عراها.,زرر,فَعَلَ,roots-4662:زرر:المحكم — المعاني,roots-4662:زرر:مقاييس — المحور,roots-4662:زرر:الأساس — المجاز,زَرَّ,APPROVED,,AR_ONLY
AR00278,لَفَقَ,فعل,197,,ضمّ شقّة إلى أخرى فخاطهما.,لفق,فَعَلَ,roots-4662:لفق:المحكم — المعاني,roots-4662:لفق:مقاييس — المحور,roots-4662:لفق:الأساس — المجاز,لَفَقَ,APPROVED,,AR_ONLY
AR00279,رَتَقَ,فعل,197,,ضمّ طرفي الشقّ ولأمه.,رتق,فَعَلَ,roots-4662:رتق:المحكم — المعاني,,roots-4662:رتق:الأساس — المجاز,رَتَقَ,APPROVED,,AR_ONLY
AR00282,نَعْسَان,صفة مشبهة,394,7171;7235;7307;7308,من غلبه النعاس ومال إلى النوم.,نعس,فَعْلانُ,roots-4662:نعس:المحكم — المعاني,roots-4662:نعس:مقاييس — المحور,roots-4662:نعس:الأساس — المجاز,نَعْسَان,APPROVED,,
AR00283,نَاعِس,اسم فاعل,394,7171,من أخذه النعاس.,نعس,فَاعِلٌ,roots-4662:نعس:المحكم — المعاني,roots-4662:نعس:مقاييس — المحور,roots-4662:نعس:الأساس — المجاز,نَاعِس,APPROVED,,
AR00288,ظَمْآن,صفة مشبهة,394,7174;7243,من اشتد عطشه.,ظمء,فَعْلانُ,v21:ظمأ:المحكم — المعاني,,v21:ظمأ:الأساس — المجاز,ظَمْآن,APPROVED,,
AR00289,مُغْتَلِم,اسم فاعل,394,7175,من غلبته شهوة الجماع وهاجت به.,غلم,مُفْتَعِلٌ,roots-4662:غلم:المحكم — المعاني,roots-4662:غلم:مقاييس — المحور,roots-4662:غلم:الأساس — المجاز,مُغْتَلِم,APPROVED,,WAZN ← L2_006 فا من اِفْتَعَلَ
AR00291,مُنْهَك,اسم مفعول,394,7178;7179;7181;7182;7184;7192;7193;7194;7195;7203;7236,من استُنفدت قوته فلم يعد يقدر على مزيد من الجهد.,نهك,مُفْعَلٌ,roots-4662:نهك:المحكم — المعاني,roots-4662:نهك:مقاييس — المحور,,مُنْهَك,APPROVED,,
AR00292,مُرْهَق,اسم مفعول,394,7178;7183,من أثقله الجهد حتى ضعفت قدرته على العمل.,رهق,مُفْعَلٌ,roots-4662:رهق:المحكم — المعاني,roots-4662:رهق:مقاييس — المحور,roots-4662:رهق:الأساس — المجاز,مُرْهَق,APPROVED,,
AR00293,كَالّ,اسم فاعل,394,7180,من أعيا وفترت قوته.,كلل,فَاعِلٌ,roots-4662:كلل:المحكم — المعاني,roots-4662:كلل:مقاييس — المحور,roots-4662:كلل:الأساس — المجاز,كَالّ,APPROVED,,
AR00294,خَائِر القُوَى,تركيب,394,7184;7195;7236,من ضعفت قوته وانحلّت من شدة التعب.,خور,فَاعِلٌ,roots-4662:خور:المحكم — المعاني,roots-4662:خور:مقاييس — المحور,roots-4662:خور:الأساس — المجاز,خَائِر القُوَى,APPROVED,,OWNER_REVIEW_L2_001
AR00296,إِرْهَاق,مصدر,394,7207,التعب الشديد الناتج عن الجهد البدني أو الذهني.,رهق,إِفْعَالٌ,roots-4662:رهق:المحكم — المعاني,roots-4662:رهق:مقاييس — المحور,roots-4662:رهق:الأساس — المجاز,إِرْهَاق,APPROVED,,
AR00297,إِنْهَاك,مصدر,394,7208,حال من استُنفدت قوته فلم يعد يقدر على الجهد.,نهك,إِفْعَالٌ,roots-4662:نهك:المحكم — المعاني,roots-4662:نهك:مقاييس — المحور,,إِنْهَاك,APPROVED,,
AR00298,إِعْيَاء,مصدر,394,7208,العجز عن مواصلة الجهد من شدة التعب.,عيي,إِفْعَالٌ,,,,إِعْيَاء,APPROVED,,
AR00299,كَلَال,مصدر,394,7210,فتور القوة وثقل النفس عن مواصلة الجهد.,كلل,فَعَالٍ,roots-4662:كلل:المحكم — المعاني,roots-4662:كلل:مقاييس — المحور,roots-4662:كلل:الأساس — المجاز,كَلَال,APPROVED,,WAZN ← SIBAWAYH_EXISTS
AR00301,ظَمَأ,مصدر,394,7211,شدة العطش.,ظمء,فَعَلٌ,v21:ظمأ:المحكم — المعاني,,v21:ظمأ:الأساس — المجاز,ظَمَأ,APPROVED,,
AR00304,وَسْنَان,صفة مشبهة,394,7235;7307,من أخذته السِّنة وثقل عليه النعاس.,وسن,فَعْلانُ,roots-4662:وسن:المحكم — المعاني,roots-4662:وسن:مقاييس — المحور,roots-4662:وسن:الأساس — المجاز,وَسْنَان,APPROVED,,
AR00305,سَاغِب,اسم فاعل,394,7237;7239,من اشتد به الجوع.,سغب,فَاعِلٌ,roots-4662:سغب:المحكم — المعاني,roots-4662:سغب:مقاييس — المحور,,سَاغِب,APPROVED,,
AR00306,نَهِم,صفة مشبهة,394,7239,من اشتدت شهوته إلى الطعام فلا يشبع.,نهم,فَعِلٌ,roots-4662:نهم:المحكم — المعاني,roots-4662:نهم:مقاييس — المحور,roots-4662:نهم:الأساس — المجاز,نَهِم,APPROVED,,
AR00308,غَثَيَان,مصدر,394,7244;7245,اضطراب المعدة مع الإحساس بالرغبة في القيء.,غثي,فَعَلانٌ,v21:غثي:المحكم — المعاني,v21:غثي:مقاييس — النص,,غَثَيَان,APPROVED,,
AR00309,تَهَوُّع,مصدر,394,7244,تكلّف القيء والإحساس بقربه.,هوع,تَفَعُّلٌ,,roots-4662:هوع:مقاييس — المحور,roots-4662:هوع:الأساس — المجاز,تَهَوُّع,APPROVED,,WAZN ← L2_006 مص من تَفَعَّلَ
AR00311,سَغَب,مصدر,394,7246,الجوع الشديد.,سغب,فَعَلٌ,roots-4662:سغب:المحكم — المعاني,roots-4662:سغب:مقاييس — المحور,,سَغَب,APPROVED,,
AR00312,نُعَاس,مصدر,394,7247;7248;7309,فتور يسبق النوم وميل إليه.,نعس,فُعَالٌ,roots-4662:نعس:المحكم — المعاني,roots-4662:نعس:مقاييس — المحور,roots-4662:نعس:الأساس — المجاز,نُعَاس,APPROVED,,
AR00313,وَسَن,مصدر,394,7247,ثقل النعاس الذي يسبق النوم.,وسن,فَعَلٌ,roots-4662:وسن:المحكم — المعاني,roots-4662:وسن:مقاييس — المحور,roots-4662:وسن:الأساس — المجاز,وَسَن,APPROVED,,
AR00315,رَيَّان,صفة مشبهة,394,18160,من ارتوى من الماء فلا يشعر بالعطش.,روي,فَعْلانُ,roots-4662:روي:المحكم — المعاني,roots-4662:روي:مقاييس — المحور,roots-4662:روي:الأساس — المجاز,رَيَّان,APPROVED,,
AR00318,نَعَسَ,فعل,394,,غلبه النعاس.,نعس,فَعَلَ,roots-4662:نعس:المحكم — المعاني,roots-4662:نعس:مقاييس — المحور,roots-4662:نعس:الأساس — المجاز,نَعَسَ,APPROVED,,AR_ONLY
AR00321,ظَمِئَ,فعل,394,,اشتد عطشه.,ظمء,فَعِلَ,v21:ظمأ:المحكم — المعاني,,v21:ظمأ:الأساس — المجاز,ظَمِئَ,APPROVED,,AR_ONLY
AR00323,قَوَّسَ,فعل,16,65,حنى عضواً كالظهر حتى صار كالقوس.,قوس,فَعَّلَ,roots-4662:قوس:المحكم — المعاني,roots-4662:قوس:مقاييس — المحور,,قَوَّسَ,APPROVED,,
AR00324,تَقَوَّسَ,فعل,16,65,انحنى عضوُه حتى صار كالقوس.,قوس,تَفَعَّلَ,roots-4662:قوس:المحكم — المعاني,roots-4662:قوس:مقاييس — المحور,,تَقَوَّسَ,APPROVED,,
AR00325,رَفْرَفَ,فعل,16,66;75;78,حرّك أهدابه حركةً خفيفة متتابعة.,رفف,فَعْلَلَ,roots-4662:رفف:المحكم — المعاني,roots-4662:رفف:مقاييس — المحور,roots-4662:رفف:الأساس — المجاز,رَفْرَفَ,APPROVED,,يُذكر في بعض المعاجم رباعياً في مادة مستقلة
AR00327,حَنَى,فعل,16,67,عطف عضواً كالرأس أو الظهر فأماله.,حنو,فَعَلَ,v21:حنو:المحكم — المعاني,v21:حنو:مقاييس — المحور,,حَنَى,APPROVED,,ويُذكر في حنو أيضاً | L2_011 root حني→حنو
AR00329,هَزَّ,فعل,16,69;87;93;103;104;106,حرّك الشيء حركةً سريعة صعوداً ونزولاً أو يميناً وشمالاً.,هزز,فَعَلَ,roots-4662:هزز:المحكم — المعاني,roots-4662:هزز:مقاييس — المحور,roots-4662:هزز:الأساس — المجاز,هَزَّ,APPROVED,,
AR00331,أَمَالَ,فعل,16,71,حرّك عضواً كالرأس فجعله منحرفاً إلى جهة.,ميل,أَفْعَلَ,roots-4662:ميل:المحكم — المعاني,roots-4662:ميل:مقاييس — النص,roots-4662:ميل:الأساس — المجاز,أَمَالَ,APPROVED,,
AR00335,عَقَدَ ذِرَاعَيْهِ,تركيب,16,73,وضع ذراعيه إحداهما فوق الأخرى على صدره.,,,,,,عَقَدَ ذِرَاعَيْهِ,APPROVED,,
AR00336,أَرْخَى,فعل,16,74,أنزل عضواً وتركه مسترسلاً.,رخو,أَفْعَلَ,roots-4662:رخو:المحكم — المعاني,roots-4662:رخو:مقاييس — المحور,,أَرْخَى,APPROVED,,ويُذكر في رخي أيضاً
AR00338,خَفَقَ,فعل,16,75,ضرب الطائرُ بجناحيه وحرّكهما.,خفق,فَعَلَ,roots-4662:خفق:المحكم — المعاني,roots-4662:خفق:مقاييس — المحور,,خَفَقَ,APPROVED,,
AR00339,شَدَّ عَضَلَهُ,تركيب,16,76,قبض عضلةً وقوّاها لثني مفصل أو إظهار قوّة.,,,,,,شَدَّ عَضَلَهُ,APPROVED,,
AR00341,رَمَى,فعل,16,77;100,ألقى بذراعيه أو بنفسه في اتّجاه بقوّة.,رمي,فَعَلَ,roots-4662:رمي:المحكم — المعاني,roots-4662:رمي:مقاييس — النص,roots-4662:رمي:الأساس — المجاز,رَمَى,APPROVED,,
AR00342,رَفَّ,فعل,16,78;102,اختلج الجفن واضطرب حركةً خفيفة.,رفف,فَعَلَ,roots-4662:رفف:المحكم — المعاني,roots-4662:رفف:مقاييس — المحور,roots-4662:رفف:الأساس — المجاز,رَفَّ,APPROVED,,
AR00345,نَكَسَ,فعل,16,84,خفض رأسه وطأطأه.,نكس,فَعَلَ,roots-4662:نكس:المحكم — المعاني,roots-4662:نكس:مقاييس — المحور,roots-4662:نكس:الأساس — المجاز,نَكَسَ,APPROVED,,
AR00346,اِنْتَفَضَ,فعل,16,85,تحرّك بدنُه أو عضوه حركةً سريعة مفاجئة.,نفض,اِفْتَعَلَ,roots-4662:نفض:المحكم — المعاني,roots-4662:نفض:مقاييس — المحور,roots-4662:نفض:الأساس — المجاز,اِنْتَفَضَ,APPROVED,,
AR00347,اِخْتَلَجَ,فعل,16,85;102,اضطرب العضو اضطراباً سريعاً.,خلج,اِفْتَعَلَ,roots-4662:خلج:المحكم — المعاني,roots-4662:خلج:مقاييس — المحور,roots-4662:خلج:الأساس — المجاز,اِخْتَلَجَ,APPROVED,,
AR00348,رَفَعَ,فعل,16,86,أعلى عضواً إلى موضعٍ أعلى.,رفع,فَعَلَ,roots-4662:رفع:المحكم — المعاني,roots-4662:رفع:مقاييس — المحور,roots-4662:رفع:الأساس — المجاز,رَفَعَ,APPROVED,,
AR00349,أَوْمَأَ,فعل,16,87,حرّك رأسه إلى أسفل ثم أعاده إشارةً.,ومء,أَفْعَلَ,roots-4662:ومء:المحكم — المعاني,roots-4662:ومء:مقاييس — النص,,أَوْمَأَ,APPROVED,,
AR00352,زَمَّ,فعل,16,89;90,ضمّ شفتيه وجمعهما.,زمم,فَعَلَ,roots-4662:زمم:المحكم — المعاني,roots-4662:زمم:مقاييس — المحور,roots-4662:زمم:الأساس — المجاز,زَمَّ,APPROVED,,
AR00353,قَطَّبَ,فعل,16,89;108;6171;11962,جمع ما بين عينيه فتغضّن جبينه.,قطب,فَعَّلَ,roots-4662:قطب:المحكم — المعاني,roots-4662:قطب:مقاييس — المحور,roots-4662:قطب:الأساس — المجاز,قَطَّبَ,APPROVED,,
AR00354,أَدَارَ,فعل,16,91,حرّك عضواً كالعين حركةً دائرية.,دور,أَفْعَلَ,roots-4662:دور:المحكم — المعاني,roots-4662:دور:مقاييس — المحور,,أَدَارَ,APPROVED,,
AR00355,قَلَّبَ,فعل,16,91,حرّك عينيه أو كفّيه هنا وهناك.,قلب,فَعَّلَ,roots-4662:قلب:المحكم — المعاني,roots-4662:قلب:مقاييس — المحور,roots-4662:قلب:الأساس — المجاز,قَلَّبَ,APPROVED,,
AR00356,نَفَضَ,فعل,16,93;101,حرّك عضواً حركةً قوية سريعة.,نفض,فَعَلَ,roots-4662:نفض:المحكم — المعاني,roots-4662:نفض:مقاييس — المحور,roots-4662:نفض:الأساس — المجاز,نَفَضَ,APPROVED,,
AR00357,هَزَّ كَتِفَيْهِ,تركيب,16,94,رفع كتفيه قليلاً ثم أنزلهما دلالةً على الشكّ أو الجهل أو عدم الاكتراث.,,,,,,هَزَّ كَتِفَيْهِ,APPROVED,,
AR00358,تَمَلْمَلَ,فعل,16,95;3981,تقلّب في مجلسه ولم يستقرّ.,ملل,تَفَعْلَلَ,roots-4662:ملل:المحكم — المعاني,roots-4662:ملل:مقاييس — المحور,,تَمَلْمَلَ,APPROVED,,يُذكر في بعض المعاجم رباعياً في مادة مستقلة
AR00359,تَمَطَّى,فعل,16,98,مدّ أعضاءه حتى استقامت إلى أقصاها.,مطو,تَفَعَّلَ,roots-4662:مطو:المحكم — المعاني,roots-4662:مطو:مقاييس — المحور,roots-4662:مطو:الأساس — المجاز,تَمَطَّى,APPROVED,,ويُذكر في مطط أيضاً
AR00360,مَدَّ,فعل,16,98;17670,بسط عضواً إلى غاية طوله.,مدد,فَعَلَ,roots-4662:مدد:المحكم — المعاني,roots-4662:مدد:مقاييس — المحور,roots-4662:مدد:الأساس — المجاز,مَدَّ,APPROVED,,
AR00361,لَوَّحَ,فعل,16,99;105,حرّك ذراعه أو يده إلى جانبين.,لوح,فَعَّلَ,roots-4662:لوح:المحكم — المعاني,roots-4662:لوح:مقاييس — النص,roots-4662:لوح:الأساس — المجاز,لَوَّحَ,APPROVED,,
AR00362,نَاسَ,فعل,16,99,تحرّك العضو متدلّياً جيئةً وذهاباً.,نوس,فَعَلَ,roots-4662:نوس:المحكم — المعاني,roots-4662:نوس:مقاييس — المحور,,نَاسَ,APPROVED,,
AR00363,أَلْقَى,فعل,16,100,طرح بعضوه أو بنفسه طرحاً سريعاً.,لقي,أَفْعَلَ,roots-4662:لقي:المحكم — المعاني,roots-4662:لقي:مقاييس — المحور,roots-4662:لقي:الأساس — المجاز,أَلْقَى,APPROVED,,
AR00367,غَمَزَ,فعل,16,107,أغمض إحدى عينيه وفتحها سريعاً إشارةً.,غمز,فَعَلَ,roots-4662:غمز:المحكم — المعاني,roots-4662:غمز:مقاييس — المحور,roots-4662:غمز:الأساس — المجاز,غَمَزَ,APPROVED,,
AR00370,تَلَوَّى,فعل,16,3978;3979;15376,تثنّى بدنه وانعطف من ألم.,لوي,تَفَعَّلَ,roots-4662:لوي:المحكم — المعاني,roots-4662:لوي:مقاييس — المحور,roots-4662:لوي:الأساس — المجاز,تَلَوَّى,APPROVED,,
AR00371,تَضَوَّرَ,فعل,16,3978,تلوّى وتقلّب من شدّة الألم أو الجوع.,ضور,تَفَعَّلَ,v21:ضور:المحكم — المعاني,v21:ضور:مقاييس — المحور,,تَضَوَّرَ,APPROVED,,
AR00372,تَمَعَّجَ,فعل,16,3979,تلوّى في حركته كتلوّي الحيّة.,معج,تَفَعَّلَ,roots-4662:معج:المحكم — المعاني,roots-4662:معج:مقاييس — المحور,roots-4662:معج:الأساس — المجاز,تَمَعَّجَ,APPROVED,,
AR00373,اِرْتَعَدَ,فعل,16,3980,اضطرب بدنه من خوف أو نفور.,رعد,اِفْتَعَلَ,roots-4662:رعد:المحكم — المعاني,roots-4662:رعد:مقاييس — المحور,roots-4662:رعد:الأساس — المجاز,اِرْتَعَدَ,APPROVED,,
AR00374,اِقْشَعَرَّ,فعل,16,3980,انتفض جلده وتقبّض من فزع أو كراهة.,قشعر,اِفْعَلَلَّ,,,,اِقْشَعَرَّ,APPROVED,,
AR00375,تَثَاءَبَ,فعل,16,4003,فتح فمه واسعاً وأخذ نفَساً عميقاً من نعاس أو ملل.,ثءب,تَفَاعَلَ,v21:ثأب:المحكم — المعاني,,,تَثَاءَبَ,APPROVED,,
AR00376,اِهْتَزَّ,فعل,16,4083,تحرّك حركةً خفيفة سريعة إلى جهتين.,هزز,اِفْتَعَلَ,roots-4662:هزز:المحكم — المعاني,roots-4662:هزز:مقاييس — المحور,roots-4662:هزز:الأساس — المجاز,اِهْتَزَّ,APPROVED,,
AR00377,تَرَجْرَجَ,فعل,16,4083,اضطرب وتمايل حركةً خفيفة.,رجج,تَفَعْلَلَ,roots-4662:رجج:المحكم — المعاني,roots-4662:رجج:مقاييس — المحور,roots-4662:رجج:الأساس — المجاز,تَرَجْرَجَ,APPROVED,,يُذكر في بعض المعاجم رباعياً في مادة مستقلة
AR00378,اِرْتَعَشَ,فعل,16,4084,اهتزّ بدنه اهتزازاً خفيفاً لا يملكه من برد أو خوف.,رعش,اِفْتَعَلَ,roots-4662:رعش:المحكم — المعاني,roots-4662:رعش:مقاييس — النص,roots-4662:رعش:الأساس — المجاز,اِرْتَعَشَ,APPROVED,,
AR00379,اِرْتَجَفَ,فعل,16,4084,اضطرب بدنه من برد أو فزع.,رجف,اِفْتَعَلَ,roots-4662:رجف:المحكم — المعاني,roots-4662:رجف:مقاييس — المحور,roots-4662:رجف:الأساس — المجاز,اِرْتَجَفَ,APPROVED,,
AR00380,اِنْحَنَى,فعل,16,4990,خفض رأسه أو بدنه بسرعة تفادياً لضربة أو لئلا يُرى.,حنو,اِنْفَعَلَ,v21:حنو:المحكم — المعاني,v21:حنو:مقاييس — المحور,,اِنْحَنَى,APPROVED,,L2_011 root حني→حنو
AR00381,طَأْطَأَ,فعل,16,4990,خفض رأسه.,طءطء,فَعْلَلَ,v21:طأطأ:المحكم — المعاني,,v21:طأطأ:الأساس — المجاز,طَأْطَأَ,APPROVED,,يُذكر في بعض المعاجم رباعياً في مادة مستقلة | L2_011 root طءء→طءطء
AR00382,تَلَمَّظَ,فعل,16,9717,حرّك لسانه وشفتيه فأحدث بهما صوتاً.,لمظ,تَفَعَّلَ,roots-4662:لمظ:المحكم — المعاني,roots-4662:لمظ:مقاييس — النص,roots-4662:لمظ:الأساس — المجاز,تَلَمَّظَ,APPROVED,,
AR00383,فَتَحَ,فعل,16,10986,حرّك عضواً كالعين أو الفم حتى انفرج.,فتح,فَعَلَ,roots-4662:فتح:المحكم — المعاني,roots-4662:فتح:مقاييس — المحور,roots-4662:فتح:الأساس — المجاز,فَتَحَ,APPROVED,,
AR00384,فَغَرَ,فعل,16,10986,فتح فمه.,فغر,فَعَلَ,roots-4662:فغر:المحكم — المعاني,roots-4662:فغر:مقاييس — المحور,,فَغَرَ,APPROVED,,
AR00385,أَغْمَضَ,فعل,16,10987;10992,أطبق جفنيه.,غمض,أَفْعَلَ,roots-4662:غمض:المحكم — المعاني,roots-4662:غمض:مقاييس — المحور,roots-4662:غمض:الأساس — المجاز,أَغْمَضَ,APPROVED,,
AR00389,دَقَّ,فعل,16,11148,ضرب الأرض بقدمه بقوّة.,دقق,فَعَلَ,roots-4662:دقق:المحكم — المعاني,roots-4662:دقق:مقاييس — المحور,roots-4662:دقق:الأساس — المجاز,دَقَّ,APPROVED,,
AR00391,اِنْقَبَضَ,فعل,16,11955,تقلّص الوجه وتجمّع.,قبض,اِنْفَعَلَ,roots-4662:قبض:المحكم — المعاني,roots-4662:قبض:مقاييس — المحور,roots-4662:قبض:الأساس — المجاز,اِنْقَبَضَ,APPROVED,,
AR00392,زَوَى,فعل,16,11962,قبض ما بين عينيه وجمعه.,زوي,فَعَلَ,roots-4662:زوي:المحكم — المعاني,roots-4662:زوي:مقاييس — المحور,,زَوَى,APPROVED,,
AR00394,لَوَى,فعل,16,15376,أدار عضواً من بدنه حول نفسه.,لوي,فَعَلَ,roots-4662:لوي:المحكم — المعاني,roots-4662:لوي:مقاييس — المحور,roots-4662:لوي:الأساس — المجاز,لَوَى,APPROVED,,
AR00395,غَمْزَة,اسم مرة,16,17314,إغماضُ إحدى العينين وفتحها سريعاً.,غمز,فَعْلَةٌ,roots-4662:غمز:المحكم — المعاني,roots-4662:غمز:مقاييس — المحور,roots-4662:غمز:الأساس — المجاز,غَمْزَة,APPROVED,,اسم المرة | WAZN_L2_005 ← فَعْلٌ | POS_L2_007:ISM_MARRA (من نص الملاحظة)
AR00397,أَشَاحَ,فعل,16,,صرف وجهه وأعرض به.,شيح,أَفْعَلَ,v21:شيح:المحكم — المعاني,v21:شيح:مقاييس — المحور,,أَشَاحَ,APPROVED,,AR_ONLY
AR00398,اِلْتَفَتَ,فعل,16,,صرف وجهه إلى جانب.,لفت,اِفْتَعَلَ,roots-4662:لفت:المحكم — المعاني,roots-4662:لفت:مقاييس — المحور,roots-4662:لفت:الأساس — المجاز,اِلْتَفَتَ,APPROVED,,AR_ONLY
AR00399,غَضَّ,فعل,16,,خفض بصره وكفّه.,غضض,فَعَلَ,roots-4662:غضض:المحكم — المعاني,roots-4662:غضض:مقاييس — المحور,roots-4662:غضض:الأساس — المجاز,غَضَّ,APPROVED,,AR_ONLY
AR00400,ذِرَاع,اسم جامد,119,2377,الطرف العلوي من بدن الإنسان، يمتد من الكتف إلى اليد.,ذرع,فِعَالٌ,roots-4662:ذرع:المحكم — المعاني,roots-4662:ذرع:مقاييس — المحور,roots-4662:ذرع:الأساس — المجاز,ذِرَاع,APPROVED,,في المعاجم الذراع من طرف المرفق إلى طرف الإصبع الوسطى، والمعاصر يطلقه على الطرف كله
AR00401,كَاحِل,اسم جامد,119,2379,المفصل الذي تتصل به القدم بالساق.,كحل,فَاعِلٌ,roots-4662:كحل:المحكم — المعاني,roots-4662:كحل:مقاييس — المحور,roots-4662:كحل:الأساس — المجاز,كَاحِل,APPROVED,,صيغته صيغة اسم الفاعل وهو هنا اسم عضو
AR00402,كَعْب,اسم جامد,119,2379,العظم الناتئ عند ملتقى الساق والقدم من الجانبين.,كعب,فَعْلٌ,roots-4662:كعب:المحكم — المعاني,roots-4662:كعب:مقاييس — المحور,roots-4662:كعب:الأساس — المجاز,كَعْب,APPROVED,,
AR00404,دُبُر,اسم جامد,119,2380,مؤخَّر البدن، ويُكنى به عن المخرج.,دبر,فُعُلٌ,roots-4662:دبر:المحكم — المعاني,roots-4662:دبر:مقاييس — المحور,roots-4662:دبر:الأساس — المجاز,دُبُر,APPROVED,,
AR00406,لِحْيَة,اسم جامد,119,2384,الشعر النابت على الذقن والخدين من الرجل.,لحي,فِعْلَةٌ,roots-4662:لحي:المحكم — المعاني,roots-4662:لحي:مقاييس — النص,,لِحْيَة,APPROVED,,WAZN_L2_005 ← فِعْلٌ
AR00414,خَدّ,اسم جامد,119,2393,جانب الوجه من تحت العين إلى طرف الفك.,خدد,فَعْلٌ,roots-4662:خدد:المحكم — المعاني,roots-4662:خدد:مقاييس — المحور,,خَدّ,APPROVED,,
AR00415,وَجْنَة,اسم جامد,119,2393,ما ارتفع من الخد تحت العين.,وجن,فَعْلَةٌ,roots-4662:وجن:المحكم — المعاني,roots-4662:وجن:مقاييس — المحور,,وَجْنَة,APPROVED,,WAZN_L2_005 ← فَعْلٌ
AR00417,ذَقَن,اسم جامد,119,2395,مجتمع اللحيين من أسفل الوجه تحت الفم.,ذقن,فَعَلٌ,roots-4662:ذقن:المحكم — المعاني,roots-4662:ذقن:مقاييس — النص,roots-4662:ذقن:الأساس — المجاز,ذَقَن,APPROVED,,
AR00419,شَحْمَة الأُذُن,تركيب,119,2397,ما لان من أسفل الأذن وتدلّى منها.,,,,,,شَحْمَة الأُذُن,APPROVED,,
AR00420,مِرْفَق,اسم جامد,119,2398,المفصل الذي بين الساعد والعضد.,رفق,مِفْعَلٌ,roots-4662:رفق:المحكم — المعاني,roots-4662:رفق:مقاييس — المحور,roots-4662:رفق:الأساس — المجاز,مِرْفَق,APPROVED,,ويقال أيضًا مَرْفِق (مَفْعِل)؛ صيغته صيغة اسم الآلة
AR00422,وَجْه,اسم جامد,119,2400,مقدم الرأس من منابت الشعر إلى الذقن.,وجه,فَعْلٌ,roots-4662:وجه:المحكم — المعاني,roots-4662:وجه:مقاييس — المحور,roots-4662:وجه:الأساس — المجاز,وَجْه,APPROVED,,
AR00425,لَحْم,اسم جامد,119,2403,النسيج الرخو الذي يكسو عظام البدن تحت الجلد.,لحم,فَعْلٌ,roots-4662:لحم:المحكم — المعاني,roots-4662:لحم:مقاييس — المحور,roots-4662:لحم:الأساس — المجاز,لَحْم,APPROVED,,
AR00426,قَدَم,اسم جامد,119,2404,ما يطأ عليه الإنسان أو الحيوان من طرف الرجل تحت الكاحل.,قدم,فَعَلٌ,roots-4662:قدم:المحكم — المعاني,roots-4662:قدم:مقاييس — المحور,roots-4662:قدم:الأساس — المجاز,قَدَم,APPROVED,,
AR00427,رِجْل,اسم جامد,119,2404;2549;2550;11244,الطرف الذي يمشي عليه الإنسان من أصل الفخذ إلى القدم، وهي من ذوات الأربع قائمتها الخلفية.,رجل,فِعْلٌ,roots-4662:رجل:المحكم — المعاني,roots-4662:رجل:مقاييس — المحور,roots-4662:رجل:الأساس — المجاز,رِجْل,APPROVED,,
AR00428,سَاعِد,اسم جامد,119,2405,ما بين المرفق والكف من اليد.,سعد,فَاعِلٌ,roots-4662:سعد:المحكم — المعاني,roots-4662:سعد:مقاييس — المحور,roots-4662:سعد:الأساس — المجاز,سَاعِد,APPROVED,,صيغته صيغة اسم الفاعل وهو هنا اسم عضو
AR00431,رُفْغ,اسم جامد,119,2407,أصل الفخذ مما يلي البطن.,رفغ,فُعْلٌ,roots-4662:رفغ:المحكم — المعاني,roots-4662:رفغ:مقاييس — المحور,roots-4662:رفغ:الأساس — المجاز,رُفْغ,APPROVED,,الأُرْبِيَّة مصطلح طبي معاصر لهذه المنطقة لم يُدرج لتردد وزنه وجذره
AR00434,يَد,اسم جامد,119,2409;2533;2534;2535;2547,طرف الذراع من الرسغ إلى أطراف الأصابع، وتطلق من ذوات الأربع على القائمة الأمامية.,يدي,فَعٌٌ,roots-4662:يدي:المحكم — المعاني,,roots-4662:يدي:الأساس — المجاز,يَد,APPROVED,,WAZN ← L2_015 المالك
AR00435,كَفّ,اسم جامد,119,2409,باطن اليد مع الأصابع.,كفف,فَعْلٌ,roots-4662:كفف:المحكم — المعاني,roots-4662:كفف:مقاييس — المحور,roots-4662:كفف:الأساس — المجاز,كَفّ,APPROVED,,
AR00436,رَأْس,اسم جامد,119,2410,أعلى بدن الإنسان ومقدَّم بدن الحيوان، وفيه الدماغ والوجه.,رءس,فَعْلٌ,roots-4662:رءس:المحكم — المعاني,roots-4662:رءس:مقاييس — المحور,roots-4662:رءس:الأساس — المجاز,رَأْس,APPROVED,,
AR00439,قَاطِعَة,اسم جامد,119,2413,سن من الأسنان الأمامية حادة الحافة معدّة للقطع.,قطع,فَاعِلَةٌ,roots-4662:قطع:المحكم — المعاني,roots-4662:قطع:مقاييس — المحور,roots-4662:قطع:الأساس — المجاز,قَاطِعَة,APPROVED,,مصطلح طبي معاصر؛ صيغته صيغة اسم الفاعل | WAZN_L2_005 ← فَاعِلٌ
AR00440,فَكّ,اسم جامد,119,2415,أحد العظمين الأعلى والأسفل اللذين تنبت عليهما الأسنان.,فكك,فَعْلٌ,roots-4662:فكك:المحكم — المعاني,roots-4662:فكك:مقاييس — المحور,roots-4662:فكك:الأساس — المجاز,فَكّ,APPROVED,,
AR00441,لَحْي,اسم جامد,119,2415,العظم الذي تنبت عليه الأسنان من الإنسان والحيوان.,لحي,فَعْلٌ,roots-4662:لحي:المحكم — المعاني,roots-4662:لحي:مقاييس — النص,,لَحْي,APPROVED,,
AR00444,خُفّ,اسم جامد,119,2502,طرف قائمة البعير الذي يطأ به.,خفف,فُعْلٌ,roots-4662:خفف:المحكم — المعاني,roots-4662:خفف:مقاييس — المحور,roots-4662:خفف:الأساس — المجاز,خُفّ,APPROVED,,
AR00445,مِخْلَب,اسم جامد,119,2503;2505,الظفر المعقوف الحاد للطائر الجارح والسبع.,خلب,مِفْعَلٌ,roots-4662:خلب:المحكم — المعاني,roots-4662:خلب:مقاييس — المحور,roots-4662:خلب:الأساس — المجاز,مِخْلَب,APPROVED,,صيغته صيغة اسم الآلة
AR00447,بُرْثُن,اسم جامد,119,2504,كف السبع بأصابعها ومخالبها.,برثن,فُعْلُلٌ,v21:برثن:المحكم — المعاني,,,بُرْثُن,APPROVED,,
AR00449,فَرْوَة,اسم جامد,119,2507,جلد الحيوان بما عليه من الشعر أو الصوف.,فرو,فَعْلَةٌ,v21:فرو:المحكم — المعاني,,v21:فرو:الأساس — المجاز,فَرْوَة,APPROVED,,WAZN_L2_005 ← فَعْلٌ
AR00451,خَطْم,اسم جامد,119,2508;2516,مقدَّم أنف الدابة وفمها.,خطم,فَعْلٌ,roots-4662:خطم:المحكم — المعاني,roots-4662:خطم:مقاييس — المحور,roots-4662:خطم:الأساس — المجاز,خَطْم,APPROVED,,
AR00453,نَاب,اسم جامد,119,2510,السن الطويلة الحادة خلف الرباعية، وهي في السباع آلة الفتك.,نيب,فَعْلٌ,roots-4662:نيب:المحكم — المعاني,,,نَاب,APPROVED,,WAZN ← SIBAWAYH_EXISTS
AR00455,لِبْدَة,اسم جامد,119,2512,الشعر المتراكب على عنق الأسد وكتفيه.,لبد,فِعْلَةٌ,roots-4662:لبد:المحكم — المعاني,roots-4662:لبد:مقاييس — النص,roots-4662:لبد:الأساس — المجاز,لِبْدَة,APPROVED,,WAZN_L2_005 ← فِعْلٌ
AR00458,قَرْن الاسْتِشْعَار,تركيب,119,2514;2542,أحد الزائدين الرفيعين على رأس الحشرة تستشعر بهما.,,,,,,قَرْن الاسْتِشْعَار,APPROVED,,
AR00459,قَرْن,اسم جامد,119,2515;2539,النتوء العظمي الصلب على رأس بعض الحيوانات كالثور والوعل والأيّل.,قرن,فَعْلٌ,roots-4662:قرن:المحكم — المعاني,roots-4662:قرن:مقاييس — المحور,,قَرْن,APPROVED,,قرن الأيّل المتشعب ليس له اسم مفرد خاص
AR00460,مِنْقَار,اسم جامد,119,2517;2694,فم الطائر القرني الناتئ.,نقر,مِفْعَالٌ,roots-4662:نقر:المحكم — المعاني,roots-4662:نقر:مقاييس — المحور,roots-4662:نقر:الأساس — المجاز,مِنْقَار,APPROVED,,صيغته صيغة اسم الآلة
AR00462,ذَيْل,اسم جامد,119,2519,مؤخَّر جسم الحيوان الممتد خلفه.,ذيل,فَعْلٌ,roots-4662:ذيل:المحكم — المعاني,roots-4662:ذيل:مقاييس — المحور,roots-4662:ذيل:الأساس — المجاز,ذَيْل,APPROVED,,
AR00463,ذَنَب,اسم جامد,119,2519,ما يتدلى من مؤخر الدابة والطائر.,ذنب,فَعَلٌ,roots-4662:ذنب:المحكم — المعاني,roots-4662:ذنب:مقاييس — المحور,roots-4662:ذنب:الأساس — المجاز,ذَنَب,APPROVED,,
AR00465,قَائِمَة أَمَامِيَّة,تركيب,119,2533;2547,إحدى القائمتين المتقدمتين اللتين يقف عليهما الحيوان ويمشي.,,,,,,قَائِمَة أَمَامِيَّة,APPROVED,,
AR00468,قَفَا,اسم جامد,119,2540,مؤخَّر العنق.,قفو,فَعَلٌ,roots-4662:قفو:المحكم — المعاني,,roots-4662:قفو:الأساس — المجاز,قَفَا,APPROVED,,يكتب أيضًا بالياء في بعض الأصول، وأصل الألف واو
AR00469,قَذَال,اسم جامد,119,2540,جماع مؤخر الرأس فوق القفا.,قذل,فَعَالٍ,roots-4662:قذل:المحكم — المعاني,roots-4662:قذل:مقاييس — النص,,قَذَال,APPROVED,,WAZN ← SIBAWAYH_EXISTS
AR00472,قَائِمَة خَلْفِيَّة,تركيب,119,2549;2550,إحدى القائمتين المتأخرتين اللتين يقف عليهما الحيوان ويمشي.,,,,,,قَائِمَة خَلْفِيَّة,APPROVED,,
AR00473,أُنْمُلَة,اسم جامد,119,2551,رأس الإصبع، وفيها الظفر.,نمل,أُفْعُلَةٌ,roots-4662:نمل:المحكم — المعاني,roots-4662:نمل:مقاييس — النص,,أُنْمُلَة,APPROVED,,وفيها لغات منها أَنْمُلَة | WAZN ← L2_015 المالك
AR00475,شَفَة,اسم جامد,119,2554,أحد طرفي الفم الأعلى والأسفل.,شفه,فَعَةٌ,v21:شفه:المحكم — المعاني,,v21:شفه:الأساس — المجاز,شَفَة,APPROVED,,WAZN ← L2_015 المالك
AR00477,لِسَان,اسم جامد,119,2569,العضو اللحمي المتحرك في الفم، به الذوق والبلع والكلام.,لسن,فِعَالٌ,roots-4662:لسن:المحكم — المعاني,roots-4662:لسن:مقاييس — المحور,roots-4662:لسن:الأساس — المجاز,لِسَان,APPROVED,,
AR00479,مَنْخِر,اسم جامد,119,2634,ثقب الأنف الذي يجري فيه النفَس.,نخر,مَفْعِلٌ,roots-4662:نخر:المحكم — المعاني,roots-4662:نخر:مقاييس — المحور,roots-4662:نخر:الأساس — المجاز,مَنْخِر,APPROVED,,ويقال مِنْخَر؛ صيغته صيغة اسم المكان
AR00480,أَخْمَص,اسم جامد,119,2635,ما لا يمس الأرض من باطن القدم.,خمص,أَفْعَلُ,roots-4662:خمص:المحكم — المعاني,roots-4662:خمص:مقاييس — المحور,,أَخْمَص,APPROVED,,
AR00481,بَاطِن القَدَم,تركيب,119,2635,الجهة السفلى من القدم التي يطأ بها.,,,,,,بَاطِن القَدَم,APPROVED,,
AR00482,سُرَّة,اسم جامد,119,2644,النقرة الصغيرة في وسط البطن حيث قُطع الحبل السري.,سرر,فُعْلَةٌ,roots-4662:سرر:المحكم — المعاني,roots-4662:سرر:مقاييس — النص,roots-4662:سرر:الأساس — المجاز,سُرَّة,APPROVED,,WAZN_L2_005 ← فُعْلٌ
AR00484,رَقَبَة,اسم جامد,119,2646,العنق، وقيل مؤخره.,رقب,فَعَلَةٌ,roots-4662:رقب:المحكم — المعاني,roots-4662:رقب:مقاييس — المحور,roots-4662:رقب:الأساس — المجاز,رَقَبَة,APPROVED,,WAZN_L2_005 ← فَعَلٌ
AR00485,كَفَل,اسم جامد,119,2647;2847,العجز من الدابة وما يليه من مؤخرها.,كفل,فَعَلٌ,roots-4662:كفل:المحكم — المعاني,roots-4662:كفل:مقاييس — المحور,roots-4662:كفل:الأساس — المجاز,كَفَل,APPROVED,,
AR00487,سَبَّابَة,اسم جامد,119,2648,الإصبع التي تلي الإبهام.,سبب,فَعَّالَةٌ,roots-4662:سبب:المحكم — المعاني,roots-4662:سبب:مقاييس — النص,roots-4662:سبب:الأساس — المجاز,سَبَّابَة,APPROVED,,WAZN_L2_005 ← فَعَّالٌ
AR00488,فَخِذ,اسم جامد,119,2649,ما بين الورك والركبة من الرجل.,فخذ,فَعِلٌ,roots-4662:فخذ:المحكم — المعاني,roots-4662:فخذ:مقاييس — النص,roots-4662:فخذ:الأساس — المجاز,فَخِذ,APPROVED,,
AR00489,فَم,اسم جامد,119,2684,المدخل الذي في أسفل الوجه يدخل منه الطعام ويخرج منه الكلام.,فوه,فَعٌٌ,roots-4662:فوه:المحكم — المعاني,roots-4662:فوه:مقاييس — المحور,roots-4662:فوه:الأساس — المجاز,فَم,APPROVED,,WAZN ← L2_015 المالك
AR00490,لَامِسَة,اسم جامد,119,2693,عضو طويل لين في بعض الحيوانات المائية تلمس به وتقبض وتتحرك.,لمس,فَاعِلَةٌ,roots-4662:لمس:المحكم — المعاني,roots-4662:لمس:مقاييس — المحور,roots-4662:لمس:الأساس — المجاز,لَامِسَة,APPROVED,,مصطلح علمي معاصر؛ صيغته صيغة اسم الفاعل | WAZN_L2_005 ← فَاعِلٌ
AR00491,زَائِدَة,اسم جامد,119,2845,جزء ناتئ من جسم الكائن الحي له هيئة أو وظيفة متميزة.,زيد,فَاعِلَةٌ,roots-4662:زيد:المحكم — المعاني,roots-4662:زيد:مقاييس — المحور,roots-4662:زيد:الأساس — المجاز,زَائِدَة,APPROVED,,صيغته صيغة اسم الفاعل | WAZN_L2_005 ← فَاعِلٌ
AR00493,يَافُوخ,اسم جامد,119,2855,الموضع الذي يلتقي فيه عظم مقدم الرأس ومؤخره.,يفخ,فَاعُولٌ,roots-4662:يفخ:المحكم — المعاني,,,يَافُوخ,APPROVED,,ويذكر أيضًا في ءفخ
AR00494,ذَكَر,اسم جامد,119,10278,عضو التناسل الظاهر من الرجل.,ذكر,فَعَلٌ,roots-4662:ذكر:المحكم — المعاني,roots-4662:ذكر:مقاييس — المحور,roots-4662:ذكر:الأساس — المجاز,ذَكَر,APPROVED,,
AR00495,قَضِيب,اسم جامد,119,10278,عضو التناسل من الذكر، ويستعمل في السياق الطبي.,قضب,فَعِيلٌ,roots-4662:قضب:المحكم — المعاني,roots-4662:قضب:مقاييس — المحور,roots-4662:قضب:الأساس — المجاز,قَضِيب,APPROVED,,
AR00496,سَاق,اسم جامد,119,11244,ما بين الركبة والقدم من الرجل.,سوق,فَعْلٌ,roots-4662:سوق:المحكم — المعاني,roots-4662:سوق:مقاييس — المحور,roots-4662:سوق:الأساس — المجاز,سَاق,APPROVED,,WAZN ← SIBAWAYH_EXISTS
AR00497,كَتِف,اسم جامد,119,14162,ملتقى العضد بالبدن من أعلى الظهر.,كتف,فَعِلٌ,roots-4662:كتف:المحكم — المعاني,roots-4662:كتف:مقاييس — المحور,roots-4662:كتف:الأساس — المجاز,كَتِف,APPROVED,,
AR00498,مَنْكِب,اسم جامد,119,14162,مجتمع رأس الكتف والعضد.,نكب,مَفْعِلٌ,roots-4662:نكب:المحكم — المعاني,roots-4662:نكب:مقاييس — المحور,roots-4662:نكب:الأساس — المجاز,مَنْكِب,APPROVED,,صيغته صيغة اسم المكان
AR00499,سِنّ,اسم جامد,119,15304,واحدة الأسنان الصلبة النابتة في الفم يُعضّ بها ويُمضغ.,سنن,فِعْلٌ,roots-4662:سنن:المحكم — المعاني,roots-4662:سنن:مقاييس — المحور,roots-4662:سنن:الأساس — المجاز,سِنّ,APPROVED,,
AR00500,رُكْبَة,اسم جامد,119,15974,موصل ما بين الفخذ والساق من الرجل.,ركب,فُعْلَةٌ,roots-4662:ركب:المحكم — المعاني,roots-4662:ركب:مقاييس — المحور,,رُكْبَة,APPROVED,,WAZN_L2_005 ← فُعْلٌ
AR00501,بُؤْبُؤ,اسم جامد,119,17298,الثقب الأسود في وسط العين تنفذ منه الرؤية.,بءبء,فُعْلُلٌ,v21:بأبأ:المحكم — المعاني,,,بُؤْبُؤ,APPROVED,,
AR00502,إِنْسَان العَيْن,تركيب,119,17298,المثال الذي يرى في سواد العين، ويراد به الحدقة.,,,,,,إِنْسَان العَيْن,APPROVED,,
AR00504,رِئَة,اسم جامد,119,18703,إحدى العضوين في الصدر يجري فيهما التنفس.,رءي,فِعَةٌ,roots-4662:رءي:المحكم — المعاني,roots-4662:رءي:مقاييس — المحور,roots-4662:رءي:الأساس — المجاز,رِئَة,APPROVED,,ويذكرها بعضهم في رءو | WAZN ← L2_015 المالك
AR00506,رُسْغ,اسم جامد,119,,المفصل بين الساعد والكف.,رسغ,فُعْلٌ,roots-4662:رسغ:المحكم — المعاني,roots-4662:رسغ:مقاييس — النص,roots-4662:رسغ:الأساس — المجاز,رُسْغ,APPROVED,,AR_ONLY
AR00508,خِنْصَر,اسم جامد,119,,أصغر أصابع اليد والقدم.,خنصر,فِعْلِلٌ,,,,خِنْصَر,APPROVED,,AR_ONLY
AR00510,غُرْفَة,اسم جامد,188,3159,حيّز من البناء تحيط به الجدران ويعلوه سقف ويُدخَل إليه من باب.,غرف,فُعْلَةٌ,roots-4662:غرف:المحكم — المعاني,roots-4662:غرف:مقاييس — النص,roots-4662:غرف:الأساس — المجاز,غُرْفَة,APPROVED,,WAZN_L2_005 ← فُعْلٌ
AR00511,حُجْرَة,اسم جامد,188,3159,بيت صغير من البناء محجور بجدران يسكنه المرء أو يخلو فيه.,حجر,فُعْلَةٌ,v21:حجر:المحكم — المعاني,v21:حجر:مقاييس — المحور,v21:حجر:الأساس — المجاز,حُجْرَة,APPROVED,,WAZN_L2_005 ← فُعْلٌ
AR00512,دِهْلِيز,اسم جامد,188,3160;3161;3186;3212,ممرّ أو حجرة صغيرة تُفضي إلى حجرة رئيسة.,دهلز,فِعْلِيلٌ (رباعي),,,,دِهْلِيز,APPROVED,,معرّب فارسي قديم مذكور في المعاجم تحت دهلز
AR00513,غُرْفَة اِنْتِظَار,تركيب,188,3161,حجرة صغيرة تتقدّم حجرة رئيسة يجلس فيها القادمون حتى يُؤذن لهم.,,,,,,غُرْفَة اِنْتِظَار,APPROVED,,
AR00514,مَرْسَم,اسم مكان,188,3162;3209,موضع يزاول فيه الفنان الرسم والتصوير.,رسم,مَفْعَلٌ,roots-4662:رسم:المحكم — المعاني,roots-4662:رسم:مقاييس — المحور,roots-4662:رسم:الأساس — المجاز,مَرْسَم,APPROVED,,POS_L2_007:MAKAN
AR00517,قَاعَة رَقْص,تركيب,188,3164,قاعة واسعة تُعَدّ لإقامة حفلات الرقص الرسمية.,,,,,,قَاعَة رَقْص,APPROVED,,
AR00518,قَبْو,اسم جامد,188,3165;3175,بناء معقود تحت مستوى الأرض في أسفل البيت يُتّخذ للخزن أو السكن.,قبو,فَعْلٌ,roots-4662:قبو:المحكم — المعاني,roots-4662:قبو:مقاييس — النص,,قَبْو,APPROVED,,
AR00519,سِرْدَاب,اسم جامد,188,3165;3175,بناء تحت الأرض يُنزَل إليه للخزن أو للاستتار.,سردب,فِعْلالٌ (رباعي),,,,سِرْدَاب,APPROVED,,معرّب فارسي قديم مذكور في المعاجم تحت سردب
AR00521,غُرْفَة نَوْم,تركيب,188,3167,غرفة في البيت مخصّصة للنوم.,,,,,,غُرْفَة نَوْم,APPROVED,,
AR00522,مَخْدَع,اسم مكان,188,3167;3168;3169;3181;3183,بيت صغير داخل البيت يُتّخذ للنوم.,خدع,مَفْعَلٌ,roots-4662:خدع:المحكم — المعاني,roots-4662:خدع:مقاييس — النص,roots-4662:خدع:الأساس — المجاز,مَخْدَع,APPROVED,,POS_L2_007:MAKAN؛ وفي المعاجم مُخْدَع ومِخْدَع أيضاً
AR00523,خِدْر,اسم جامد,188,3169,ناحية مستورة من البيت تُخصّ بها المرأة.,خدر,فِعْلٌ,roots-4662:خدر:المحكم — المعاني,roots-4662:خدر:مقاييس — المحور,roots-4662:خدر:الأساس — المجاز,خِدْر,APPROVED,,
AR00524,مَقْصَف,اسم مكان,188,3170,موضع في مؤسسة تعليمية يُباع فيه الطعام والشراب للطلبة.,قصف,مَفْعَلٌ,roots-4662:قصف:المحكم — المعاني,roots-4662:قصف:مقاييس — المحور,roots-4662:قصف:الأساس — المجاز,مَقْصَف,APPROVED,,POS_L2_007:MAKAN
AR00525,زِنْزَانَة,اسم جامد,188,3174,حجرة ضيّقة يُحبس فيها السجين.,,فِعْلَالَةٌ,,,,زِنْزَانَة,APPROVED,,ROOT_DEFER: مولّد حديث لا مدخل له في المعاجم القديمة؛ لم يُنسب إلى جذر دون حسم المالك | WAZN_L2_005 ← فِعْلَالٌ
AR00527,قَاعَة,اسم جامد,188,3176,حجرة واسعة في البناء تُعقد فيها المجالس والمناسبات.,قوع,فَعَلَةٌ,roots-4662:قوع:المحكم — المعاني,roots-4662:قوع:مقاييس — المحور,,قَاعَة,APPROVED,,معتلة العين | WAZN_L2_005 ← فَعَلٌ
AR00528,بَهْو,اسم جامد,188,3176;3184;3193;3204,حجرة فسيحة تُقام فيها المناسبات الرسمية.,بهو,فَعْلٌ,v21:بهو:المحكم — المعاني,v21:بهو:مقاييس — المحور,,بَهْو,APPROVED,,
AR00529,غُرْفَة الأَمَانَات,تركيب,188,3179,حجرة تُودَع فيها الأمتعة والمعاطف مؤقتاً لقاء أجر.,,,,,,غُرْفَة الأَمَانَات,APPROVED,,
AR00530,غُرْفَة الْمَعَاطِف,تركيب,188,3180,حجرة في مبنى عام تُترك فيها الملابس الخارجية والحقائب.,,,,,,غُرْفَة الْمَعَاطِف,APPROVED,,
AR00531,حُجَيْرَة,اسم جامد,188,3181,حجرة صغيرة جداً.,حجر,فُعَيْلَةٌ,v21:حجر:المحكم — المعاني,v21:حجر:مقاييس — المحور,v21:حجر:الأساس — المجاز,حُجَيْرَة,APPROVED,,تصغير حُجْرَة | WAZN ← L2_015 المالك
AR00532,مَمَرّ,اسم مكان,188,3182,مسلك طويل داخل البناء تنفتح عليه أبواب الحجرات.,مرر,مَفْعَلٌ,roots-4662:مرر:المحكم — المعاني,roots-4662:مرر:مقاييس — المحور,roots-4662:مرر:الأساس — المجاز,مَمَرّ,APPROVED,,POS_L2_007:MAKAN؛ أصله مَمْرَر
AR00533,رِوَاق,اسم جامد,188,3182;3200;3211,مسلك طويل في البناء تنفتح عليه الحجرات.,روق,فِعَالٌ,roots-4662:روق:المحكم — المعاني,roots-4662:روق:مقاييس — المحور,roots-4662:روق:الأساس — المجاز,رِوَاق,APPROVED,,
AR00534,خَلْوَة,اسم جامد,188,3183,حجرة خاصة ينفرد فيها المرء عن الناس.,خلو,فَعْلَةٌ,roots-4662:خلو:المحكم — المعاني,roots-4662:خلو:مقاييس — المحور,,خَلْوَة,APPROVED,,WAZN_L2_005 ← فَعْلٌ
AR00535,رَدْهَة,اسم جامد,188,3184;3193;3212,ساحة فسيحة عند مدخل مبنى عام كالفندق والمسرح.,رده,فَعْلَةٌ,roots-4662:رده:المحكم — المعاني,roots-4662:رده:مقاييس — المحور,,رَدْهَة,APPROVED,,WAZN_L2_005 ← فَعْلٌ
AR00536,مَدْخَل,اسم مكان,188,3186,الموضع الذي يلي الباب الخارجي من البيت.,دخل,مَفْعَلٌ,roots-4662:دخل:المحكم — المعاني,roots-4662:دخل:مقاييس — المحور,,مَدْخَل,APPROVED,,POS_L2_007:MAKAN
AR00538,مَخْزَن الطَّعَام,تركيب,188,3189;3197,حجرة صغيرة أو ركن تُحفظ فيه المؤونة وأدوات الأكل.,,,,,,مَخْزَن الطَّعَام,APPROVED,,
AR00539,مَغْسَلَة,اسم مكان,188,3190;14713,حجرة أو موضع تُغسل فيه الثياب والمفارش.,غسل,مَفْعَلَةٌ,roots-4662:غسل:المحكم — المعاني,roots-4662:غسل:مقاييس — المحور,roots-4662:غسل:الأساس — المجاز,مَغْسَلَة,APPROVED,,POS_L2_007:MAKAN | WAZN_L2_005 ← مَفْعَلٌ
AR00541,غُرْفَة الأَطْفَال,تركيب,188,3195,غرفة في البيت تُخصّ بالأطفال الصغار.,,,,,,غُرْفَة الأَطْفَال,APPROVED,,
AR00542,مَكْتَب,اسم مكان,188,3196,حجرة أو جناح يُزاوَل فيه العمل الإداري والكتابي.,كتب,مَفْعَلٌ,roots-4662:كتب:المحكم — المعاني,roots-4662:كتب:مقاييس — المحور,roots-4662:كتب:الأساس — المجاز,مَكْتَب,APPROVED,,POS_L2_007:MAKAN
AR00543,غُرْفَة الْجُلُوس,تركيب,188,3198;3222;3227,حجرة في البيت مؤثّثة للجلوس والراحة واستقبال الزوار.,,,,,,غُرْفَة الْجُلُوس,APPROVED,,
AR00545,غُرْفَة اللَّعِب,تركيب,188,3199;3226,غرفة في البيت تُخصّص للعب الأطفال.,,,,,,غُرْفَة اللَّعِب,APPROVED,,
AR00546,سَقِيفَة,اسم جامد,188,3200;3211,ظُلّة مسقوفة بارزة أمام مدخل البناء.,سقف,فَعِيلَةٌ,roots-4662:سقف:المحكم — المعاني,roots-4662:سقف:مقاييس — المحور,roots-4662:سقف:الأساس — المجاز,سَقِيفَة,APPROVED,,WAZN_L2_005 ← فَعِيلٌ
AR00547,قَاعَة الطَّعَام,تركيب,188,3201,قاعة يتناول فيها الجماعة طعامهم في مؤسسة تعليمية أو دينية.,,,,,,قَاعَة الطَّعَام,APPROVED,,
AR00548,مُسْتَوْدَع,اسم مكان,188,3202;3208,موضع تُحفظ فيه الأشياء وتُخزن.,ودع,مُسْتَفْعَلٌ,roots-4662:ودع:المحكم — المعاني,roots-4662:ودع:مقاييس — المحور,roots-4662:ودع:الأساس — المجاز,مُسْتَوْدَع,APPROVED,,POS_L2_007:MAKAN | WAZN ← L2_006 مف من اِسْتَفْعَلَ
AR00549,مَخْزَن,اسم مكان,188,3202;3208,حجرة تُخزن فيها الأمتعة والسلع.,خزن,مَفْعَلٌ,roots-4662:خزن:المحكم — المعاني,roots-4662:خزن:مقاييس — المحور,roots-4662:خزن:الأساس — المجاز,مَخْزَن,APPROVED,,POS_L2_007:MAKAN
AR00550,غُرْفَة الاِسْتِقْبَال,تركيب,188,3204,حجرة في البيت الكبير يُستقبل فيها الضيوف.,,,,,,غُرْفَة الاِسْتِقْبَال,APPROVED,,
AR00551,اِسْتُودْيُو,اسم جامد,188,3209,حجرة مجهّزة يُسجَّل فيها أو يُبثّ منها البرامج المرئية والمسموعة.,,,,,,اِسْتُودْيُو,APPROVED,,دخيل مستقر في الفصحى المعاصرة لمعنى غرفة البث؛ لا مفرد عربي بمعناه
AR00552,غُرْفَة الْمُطَالَعَة,تركيب,188,3210,حجرة في البيت تُخصّ بالقراءة والكتابة والبحث.,,,,,,غُرْفَة الْمُطَالَعَة,APPROVED,,
AR00554,قِسْم,اسم جامد,188,3213,جزء من المستشفى يُخصّ بفئة من المرضى.,قسم,فِعْلٌ,roots-4662:قسم:المحكم — المعاني,roots-4662:قسم:مقاييس — المحور,roots-4662:قسم:الأساس — المجاز,قِسْم,APPROVED,,
AR00555,غُرْفَة الْعَمَل,تركيب,188,3215,حجرة في البناء تُستعمل للعمل خاصة.,,,,,,غُرْفَة الْعَمَل,APPROVED,,
AR00557,قَاعَة الْوَلَائِم,تركيب,188,3217,قاعة في البناء معدّة لإقامة الولائم.,,,,,,قَاعَة الْوَلَائِم,APPROVED,,
AR00558,غُرْفَة الطَّعَام,تركيب,188,3218,غرفة في البيت أو الفندق تُتناول فيها الوجبات.,,,,,,غُرْفَة الطَّعَام,APPROVED,,
AR00559,غُرْفَة تَبْدِيل الْمَلَابِس,تركيب,188,3219,حجرة يبدّل فيها الممثلون أو اللاعبون ثيابهم.,,,,,,غُرْفَة تَبْدِيل الْمَلَابِس,APPROVED,,
AR00560,غُرْفَة الْمَعِيشَة,تركيب,188,3220;3222,غرفة في البيت يجتمع فيها أفراد الأسرة لشؤونهم اليومية.,,,,,,غُرْفَة الْمَعِيشَة,APPROVED,,
AR00561,غُرْفَة الضُّيُوف,تركيب,188,3221,غرفة في البيت أو الفندق تُعدّ لنوم الضيوف.,,,,,,غُرْفَة الضُّيُوف,APPROVED,,
AR00562,غُرْفَة النَّوْم الرَّئِيسِيَّة,تركيب,188,3223,غرفة النوم الكبرى في البيت المخصّصة لربّ الأسرة.,,,,,,غُرْفَة النَّوْم الرَّئِيسِيَّة,APPROVED,,
AR00563,حَمَّام السَّيِّدَات,تركيب,188,3224,دورة مياه مخصّصة للنساء في مبنى عام.,,,,,,حَمَّام السَّيِّدَات,APPROVED,,
AR00564,دَوْرَة الْمِيَاه,تركيب,188,3225;3233,حجرة فيها مرحاض ومغسلة لقضاء الحاجة.,,,,,,دَوْرَة الْمِيَاه,APPROVED,,
AR00566,مِرْحَاض,اسم مكان,188,3233,موضع قضاء الحاجة.,رحض,مِفْعَالٌ,roots-4662:رحض:المحكم — المعاني,roots-4662:رحض:مقاييس — المحور,roots-4662:رحض:الأساس — المجاز,مِرْحَاض,APPROVED,,POS_L2_007:MAKAN؛ على صيغة مِفْعال
AR00567,بُرْج الأَجْرَاس,تركيب,188,10113,الموضع من البرج الذي تُعلّق فيه الأجراس.,,,,,,بُرْج الأَجْرَاس,APPROVED,,
AR00570,مَذْبَح,اسم مكان,188,10918,الموضع المقدّس في المعبد الذي تُقام عليه الشعائر.,ذبح,مَفْعَلٌ,roots-4662:ذبح:المحكم — المعاني,roots-4662:ذبح:مقاييس — المحور,roots-4662:ذبح:الأساس — المجاز,مَذْبَح,APPROVED,,POS_L2_007:MAKAN
AR00571,غُرْفَة الْغَسِيل,تركيب,188,14713,حجرة في البيت تُغسل فيها الثياب.,,,,,,غُرْفَة الْغَسِيل,APPROVED,,
AR00573,دَوْر,اسم جامد,188,16421;17624,طبقة من طبقات البناء.,دور,فَعْلٌ,roots-4662:دور:المحكم — المعاني,roots-4662:دور:مقاييس — المحور,,دَوْر,APPROVED,,هذا المعنى مولّد معاصر
AR00575,سَطْح,اسم جامد,188,,أعلى البيت المكشوف الذي يُصعد إليه ويُجلس عليه.,سطح,فَعْلٌ,roots-4662:سطح:المحكم — المعاني,roots-4662:سطح:مقاييس — المحور,,سَطْح,APPROVED,,AR_ONLY
AR00580,مَنْزِل,اسم مكان,173,2999;3010;3012;3024,الموضع الذي ينزله المرء ويتخذه مسكناً دائماً.,نزل,مَفْعِلٌ,roots-4662:نزل:المحكم — المعاني,roots-4662:نزل:مقاييس — النص,roots-4662:نزل:الأساس — المجاز,مَنْزِل,APPROVED,,اسم مكان | POS_L2_007:MAKAN (من نص الملاحظة)
AR00581,دَار,اسم جامد,173,2999,البيت الجامع للبناء والساحة يقيم فيه المرء وأهله.,دور,فَعَلٌ,roots-4662:دور:المحكم — المعاني,roots-4662:دور:مقاييس — المحور,,دَار,APPROVED,,أصلها دَوَرٌ أُعِلّت العين
AR00582,بَيْت عَائِم,تركيب,173,3000,مسكنٌ مقام على قارب طافٍ على الماء يُتخذ للإقامة.,,,,,,بَيْت عَائِم,APPROVED,,لا مفرد فصيح مستقر؛ عَوّامة مصرية الاستعمال
AR00583,كَنِيسَة,اسم جامد,173,3001,معبد النصارى الذي يجتمعون فيه للصلاة.,كنس,فَعِيلَةٌ,roots-4662:كنس:المحكم — المعاني,roots-4662:كنس:مقاييس — المحور,roots-4662:كنس:الأساس — المجاز,كَنِيسَة,APPROVED,,قيل معرّب عن كِنِشْت؛ والمعاجم تذكرها في كنس | WAZN_L2_005 ← فَعِيلٌ
AR00586,قَلْعَة,اسم جامد,173,3005;13513;14009,بناءٌ ضخم محصّن يُتّخذ معقلاً للدفاع، يكون غالباً على مرتفع.,قلع,فَعْلَةٌ,roots-4662:قلع:المحكم — المعاني,roots-4662:قلع:مقاييس — المحور,,قَلْعَة,APPROVED,,WAZN_L2_005 ← فَعْلٌ
AR00589,مَهْجَع,اسم مكان,173,3009,بناءٌ أو مكانٌ ينام فيه جماعةٌ من الطلاب أو الجنود ونحوهم.,هجع,مَفْعَلٌ,roots-4662:هجع:المحكم — المعاني,roots-4662:هجع:مقاييس — المحور,roots-4662:هجع:الأساس — المجاز,مَهْجَع,APPROVED,,اسم مكان | POS_L2_007:MAKAN (من نص الملاحظة)
AR00590,مَسْكَن,اسم مكان,173,3010;3024;16811,البناء الذي يسكنه الإنسان ويستقر فيه.,سكن,مَفْعَلٌ,roots-4662:سكن:المحكم — المعاني,roots-4662:سكن:مقاييس — المحور,roots-4662:سكن:الأساس — المجاز,مَسْكَن,APPROVED,,اسم مكان | POS_L2_007:MAKAN (من نص الملاحظة)
AR00593,نُزُل,اسم جامد,173,3014;3015;3017;3022;3104,دارٌ تُهيَّأ لنزول المسافرين والضيوف بأجر.,نزل,فُعُلٌ,roots-4662:نزل:المحكم — المعاني,roots-4662:نزل:مقاييس — النص,roots-4662:نزل:الأساس — المجاز,نُزُل,APPROVED,,
AR00594,فُنْدُق,اسم جامد,173,3015,بناءٌ يقدّم المبيت والطعام للمسافرين والسائحين بأجر.,فندق,فُعْلُلٌ,,,,فُنْدُق,APPROVED,,قيل معرّب
AR00595,قَصْر,اسم جامد,173,3018;3021;3095;3116,دارٌ ضخمة فخمة البناء يسكنها الملوك والأعيان.,قصر,فَعْلٌ,roots-4662:قصر:المحكم — المعاني,roots-4662:قصر:مقاييس — المحور,roots-4662:قصر:الأساس — المجاز,قَصْر,APPROVED,,
AR00598,مَلْجَأ,اسم مكان,173,3028;3139,بناءٌ يُلجأ إليه للاحتماء من خطرٍ كالقصف ونحوه.,لجء,مَفْعَلٌ,roots-4662:لجء:المحكم — المعاني,roots-4662:لجء:مقاييس — النص,,مَلْجَأ,APPROVED,,اسم مكان | POS_L2_007:MAKAN (من نص الملاحظة)
AR00600,خَيْمَة,اسم جامد,173,3031;3128,بيتٌ من نسيج أو شعر يُنصب على أعمدة وأوتاد ويمكن نقله.,خيم,فَعْلَةٌ,roots-4662:خيم:المحكم — المعاني,roots-4662:خيم:مقاييس — المحور,,خَيْمَة,APPROVED,,WAZN_L2_005 ← فَعْلٌ
AR00602,فِيلَّا,اسم جامد,173,3032,دارٌ فسيحة مستقلة تحيط بها حديقة في حيّ سكني.,,,,,,فِيلَّا,APPROVED,,دخيل مستقر في الفصحى المعاصرة؛ لا مفرد عربي مستقر بمعناه
AR00604,قَاعَة,اسم جامد,173,3086;3100,حجرةٌ واسعة أو بناءٌ للاجتماعات والحفلات ونحوها.,قوع,فَعَلَةٌ,roots-4662:قوع:المحكم — المعاني,roots-4662:قوع:مقاييس — المحور,,قَاعَة,APPROVED,,معتلة العين | WAZN_L2_005 ← فَعَلٌ
AR00606,هُرْي,اسم جامد,173,3087,بيتٌ كبير تُخزَن فيه الحبوب.,هري,فُعْلٌ,roots-4662:هري:المحكم — المعاني,,,هُرْي,APPROVED,,
AR00607,ثُكْنَة,اسم جامد,173,3088;16811,مبنى أو مجموعة مبانٍ يقيم فيها الجنود.,ثكن,فُعْلَةٌ,v21:ثكن:المحكم — المعاني,v21:ثكن:مقاييس — المحور,,ثُكْنَة,APPROVED,,WAZN_L2_005 ← فُعْلٌ
AR00608,بُرْج الأَجْرَاس,تركيب,173,3091,برجٌ تُعلَّق فيه الأجراس، قائمٌ بنفسه غالباً.,,,,,,بُرْج الأَجْرَاس,APPROVED,,
AR00609,مَقْطُورَة,اسم مفعول,173,3092,عربةٌ مجهّزة للسكن تُجرّ خلف سيارة.,قطر,مَفْعُولَةٌ,roots-4662:قطر:المحكم — المعاني,roots-4662:قطر:مقاييس — النص,roots-4662:قطر:الأساس — المجاز,مَقْطُورَة,APPROVED,,WAZN_L2_005 ← مَفْعُولٌ
AR00610,خَان,اسم جامد,173,3093;3104,نُزُلٌ ذو فناء واسع ينزله المسافرون والقوافل.,,,,,,خَان,APPROVED,,معرّب فارسي مستقر في التراث؛ النُّزُل لا يخص ذا الفناء
AR00611,شَالِيه,اسم جامد,173,3094,بيتٌ خشبي صغير يُتّخذ للاصطياف أو العطلات.,,,,,,شَالِيه,APPROVED,,دخيل مستقر في الفصحى المعاصرة؛ لا مفرد عربي بمعناه
AR00612,مِرْآب,اسم جامد,173,3097,بناءٌ تُؤوى فيه السيارات.,,مِفْعَالٌ,,,,مِرْآب,APPROVED,,ROOT_DEFER: لفظ مجمعي اختُلف في جذره؛ لم يُنسب إلى جذر دون حسم المالك | WAZN ← SIBAWAYH_EXISTS
AR00614,دَفِيئَة,اسم جامد,173,3099,بيتٌ زجاجيّ يُزرع فيه ما يحتاج إلى الوقاية من البرد.,دفء,فَعِيلَةٌ,roots-4662:دفء:المحكم — المعاني,roots-4662:دفء:مقاييس — المحور,,دَفِيئَة,APPROVED,,WAZN_L2_005 ← فَعِيلٌ
AR00615,مَسْرَح,اسم مكان,173,3102;7105,بناءٌ تُعرض فيه التمثيليات والعروض الفنية.,سرح,مَفْعَلٌ,roots-4662:سرح:المحكم — المعاني,roots-4662:سرح:مقاييس — المحور,roots-4662:سرح:الأساس — المجاز,مَسْرَح,APPROVED,,اسم مكان | POS_L2_007:MAKAN (من نص الملاحظة)
AR00616,كُشْك,اسم جامد,173,3106,بناءٌ صغير مفتوح الواجهة تُباع منه الصحف والمرطّبات ونحوها.,,,,,,كُشْك,APPROVED,,معرّب فارسي مستقر؛ لا لفظ عربي بمعناه
AR00617,مَنَارَة,اسم جامد,173,3107,برجٌ في أعلاه نورٌ يهتدي به الملاحون في البحر.,نور,مَفْعَلَةٌ,roots-4662:نور:المحكم — المعاني,roots-4662:نور:مقاييس — المحور,,مَنَارَة,APPROVED,,WAZN_L2_005 ← مَفْعَلٌ
AR00618,مُجَمَّع تِجَارِيّ,تركيب,173,3109,بناءٌ كبير مغلق يضمّ متاجر كثيرة يتسوّق فيها الناس.,,,,,,مُجَمَّع تِجَارِيّ,APPROVED,,
AR00619,مَسْجِد,اسم مكان,173,3112,بيتٌ يجتمع فيه المسلمون للصلاة.,سجد,مَفْعِلٌ,roots-4662:سجد:المحكم — المعاني,roots-4662:سجد:مقاييس — المحور,roots-4662:سجد:الأساس — المجاز,مَسْجِد,APPROVED,,اسم مكان | POS_L2_007:MAKAN (من نص الملاحظة)
AR00621,مُلْحَق,اسم مفعول,173,3113;3114,بناءٌ أصغر تابعٌ لبناءٍ رئيس قائمٌ في ساحته أو ملاصقٌ له.,لحق,مُفْعَلٌ,roots-4662:لحق:المحكم — المعاني,roots-4662:لحق:مقاييس — المحور,roots-4662:لحق:الأساس — المجاز,مُلْحَق,APPROVED,,
AR00623,هَرَم,اسم جامد,173,3119,بناءٌ حجري ضخم مربّع القاعدة تلتقي جوانبه المائلة في رأس، اتُّخذ قبوراً للملوك.,هرم,فَعَلٌ,roots-4662:هرم:المحكم — المعاني,roots-4662:هرم:مقاييس — المحور,roots-4662:هرم:الأساس — المجاز,هَرَم,APPROVED,,
AR00624,سَقِيفَة,اسم جامد,173,3122,بناءٌ بسيط ذو سقف يُستظل به وتُحفظ فيه الأدوات أو الدواب.,سقف,فَعِيلَةٌ,roots-4662:سقف:المحكم — المعاني,roots-4662:سقف:مقاييس — المحور,roots-4662:سقف:الأساس — المجاز,سَقِيفَة,APPROVED,,WAZN_L2_005 ← فَعِيلٌ
AR00625,نَاطِحَة سَحَاب,تركيب,173,3123;16773,بناءٌ شاهق الارتفاع كثير الطبقات.,,,,,,نَاطِحَة سَحَاب,APPROVED,,
AR00626,إِصْطَبْل,اسم جامد,173,3124,بيتٌ تُؤوى فيه الخيل والدواب.,,,,,,إِصْطَبْل,APPROVED,,دخيل قديم مستقر؛ المَرْبِط موضع الربط لا البناء
AR00627,مَلْعَب,اسم مكان,173,3125,ساحةٌ للألعاب الرياضية تحيط بها مدرّجات للمتفرّجين.,لعب,مَفْعَلٌ,roots-4662:لعب:المحكم — المعاني,roots-4662:لعب:مقاييس — المحور,roots-4662:لعب:الأساس — المجاز,مَلْعَب,APPROVED,,اسم مكان | POS_L2_007:MAKAN (من نص الملاحظة)
AR00629,كَنِيس,اسم جامد,173,3127,معبد اليهود الذي يجتمعون فيه للعبادة والتعليم.,كنس,فَعِيلٌ,roots-4662:كنس:المحكم — المعاني,roots-4662:كنس:مقاييس — المحور,roots-4662:كنس:الأساس — المجاز,كَنِيس,APPROVED,,
AR00630,حَانَة,اسم جامد,173,3129;10228;14926,موضعٌ تُباع فيه الخمر وتُقدَّم فيه المشروبات.,حون,فَعَلَةٌ,v21:حون:المحكم — المعاني,,,حَانَة,APPROVED,,معتلة العين؛ وتُذكر أيضاً في حين | WAZN_L2_005 ← فَعَلٌ
AR00632,مَخْزَن,اسم مكان,173,3135,بناءٌ كبير تُحفظ فيه البضائع والمواد.,خزن,مَفْعَلٌ,roots-4662:خزن:المحكم — المعاني,roots-4662:خزن:مقاييس — المحور,roots-4662:خزن:الأساس — المجاز,مَخْزَن,APPROVED,,اسم مكان | POS_L2_007:MAKAN (من نص الملاحظة)
AR00633,مُسْتَوْدَع,اسم جامد,173,3135,بناءٌ كبير تُودَع فيه البضائع والمواد.,ودع,مُسْتَفْعَلٌ,roots-4662:ودع:المحكم — المعاني,roots-4662:ودع:مقاييس — المحور,roots-4662:ودع:الأساس — المجاز,مُسْتَوْدَع,APPROVED,,WAZN ← L2_006 مف من اِسْتَفْعَلَ
AR00636,دَار البَلَدِيَّة,تركيب,173,10229,البناء الذي تقوم فيه الدوائر الإدارية لحكومة المدينة.,,,,,,دَار البَلَدِيَّة,APPROVED,,
AR00637,مَرْقَص,اسم مكان,173,10230;10231,ملهىً يُرقص فيه على الموسيقى.,رقص,مَفْعَلٌ,roots-4662:رقص:المحكم — المعاني,roots-4662:رقص:مقاييس — المحور,roots-4662:رقص:الأساس — المجاز,مَرْقَص,APPROVED,,اسم مكان | POS_L2_007:MAKAN (من نص الملاحظة)
AR00638,مَكْتَبَة,اسم جامد,173,10232,بناءٌ أو حجرةٌ تُجمع فيها الكتب والدوريات للمطالعة.,كتب,مَفْعَلَةٌ,roots-4662:كتب:المحكم — المعاني,roots-4662:كتب:مقاييس — المحور,roots-4662:كتب:الأساس — المجاز,مَكْتَبَة,APPROVED,,WAZN_L2_005 ← مَفْعَلٌ
AR00643,مُنْشَأَة,اسم مفعول,173,10921,بناءٌ أو منشأٌ ثابت أُقيم لغرض معيّن.,نشء,مُفْعَلَةٌ,roots-4662:نشء:المحكم — المعاني,roots-4662:نشء:مقاييس — المحور,,مُنْشَأَة,APPROVED,,WAZN_L2_005 ← مُفْعَلٌ
AR00644,إِسْكَان,مصدر,173,12613,المساكن من بيوت وشقق منظوراً إليها جملةً.,سكن,إِفْعَالٌ,roots-4662:سكن:المحكم — المعاني,roots-4662:سكن:مقاييس — المحور,roots-4662:سكن:الأساس — المجاز,إِسْكَان,APPROVED,,
AR00647,رِبَاط,اسم جامد,173,,بناءٌ محصّن على الثغور يرابط فيه المجاهدون والمتعبّدون.,ربط,فِعَالٌ,roots-4662:ربط:المحكم — المعاني,roots-4662:ربط:مقاييس — المحور,roots-4662:ربط:الأساس — المجاز,رِبَاط,APPROVED,,AR_ONLY
AR00650,زَاوِيَة,اسم جامد,173,,بناءٌ صغير يتخذه أهل التصوف للعبادة والتعليم.,زوي,فَاعِلَةٌ,roots-4662:زوي:المحكم — المعاني,roots-4662:زوي:مقاييس — المحور,,زَاوِيَة,APPROVED,,AR_ONLY | WAZN_L2_005 ← فَاعِلٌ
AR00652,أُسْبُوع,اسم جامد,229,3947,مدة من الزمن تتألف من سبعة أيام متوالية.,سبع,أُفْعُولٌ,roots-4662:سبع:المحكم — المعاني,roots-4662:سبع:مقاييس — المحور,roots-4662:سبع:الأساس — المجاز,أُسْبُوع,APPROVED,,
AR00653,فَجْر,اسم جامد,229,3948;3955,أول ضوء النهار حين ينشق عنه ظلام الليل.,فجر,فَعْلٌ,roots-4662:فجر:المحكم — المعاني,roots-4662:فجر:مقاييس — المحور,roots-4662:فجر:الأساس — المجاز,فَجْر,APPROVED,,
AR00654,يَوْمُ عَمَلٍ,تركيب,229,3951,يوم من أيام الأسبوع غير يومي العطلة.,,,,,,يَوْمُ عَمَلٍ,APPROVED,,
AR00655,نِهَايَةُ الْأُسْبُوعِ,تركيب,229,3952,يوما العطلة في آخر الأسبوع.,,,,,,نِهَايَةُ الْأُسْبُوعِ,APPROVED,,تركيب حادث
AR00656,فَلَق,اسم جامد,229,3955,ضوء الصبح حين ينفلق عنه الليل.,فلق,فَعَلٌ,roots-4662:فلق:المحكم — المعاني,roots-4662:فلق:مقاييس — المحور,roots-4662:فلق:الأساس — المجاز,فَلَق,APPROVED,,
AR00663,أَرْبِعَاء,اسم جامد,229,3996,اليوم الواقع بعد الثلاثاء وقبل الخميس.,ربع,أَفْعِلَاءُ (جمع),roots-4662:ربع:المحكم — المعاني,roots-4662:ربع:مقاييس — المحور,roots-4662:ربع:الأساس — المجاز,أَرْبِعَاء,APPROVED,,يلزمه التعريف بأل | WAZN ← SIBAWAYH_EXISTS
AR00664,خَمِيس,اسم جامد,229,3997,اليوم الواقع بعد الأربعاء وقبل الجمعة.,خمس,فَعِيلٌ,roots-4662:خمس:المحكم — المعاني,roots-4662:خمس:مقاييس — المحور,roots-4662:خمس:الأساس — المجاز,خَمِيس,APPROVED,,يلزمه التعريف بأل
AR00666,سَبْت,اسم جامد,229,4000,اليوم الواقع بعد الجمعة وقبل الأحد.,سبت,فَعْلٌ,roots-4662:سبت:المحكم — المعاني,roots-4662:سبت:مقاييس — المحور,,سَبْت,APPROVED,,
AR00670,مُنْتَصَفُ النَّهَارِ,تركيب,229,4059,الوقت الواقع في وسط النهار.,,,,,,مُنْتَصَفُ النَّهَارِ,APPROVED,,
AR00672,بَعْدَ الظُّهْرِ,تركيب,229,4060,الوقت الممتد من زوال الشمس إلى المساء.,,,,,,بَعْدَ الظُّهْرِ,APPROVED,,
AR00673,غَسَق,اسم جامد,229,4061;4066,أول ظلمة الليل بعد غروب الشمس.,غسق,فَعَلٌ,roots-4662:غسق:المحكم — المعاني,roots-4662:غسق:مقاييس — المحور,roots-4662:غسق:الأساس — المجاز,غَسَق,APPROVED,,
AR00675,مَسَاء,اسم جامد,229,4062,الوقت من الظهر أو العصر إلى أول الليل.,مسو,فَعَالٍ,roots-4662:مسو:المحكم — المعاني,,,مَسَاء,APPROVED,,في اللسان تحت مسا | WAZN ← SIBAWAYH_EXISTS
AR00680,مُنْتَصَفُ اللَّيْلِ,تركيب,229,4065,الوقت الواقع في وسط الليل.,,,,,,مُنْتَصَفُ اللَّيْلِ,APPROVED,,
AR00683,سَنَة,اسم جامد,229,4074,مدة من الزمن قدرها اثنا عشر شهراً.,سنو,فَعَةٌ,roots-4662:سنو:المحكم — المعاني,,roots-4662:سنو:الأساس — المجاز,سَنَة,APPROVED,,في اللسان تحت سنا وسنه | WAZN ← L2_015 المالك
AR00685,سَنَةٌ مِيلَادِيَّةٌ,تركيب,229,4078,السنة من أول كانون الثاني إلى آخر كانون الأول.,,,,,,سَنَةٌ مِيلَادِيَّةٌ,APPROVED,,
AR00687,كَانُونُ الثَّانِي,تركيب,229,4643,الشهر الأول من السنة الميلادية.,,,,,,كَانُونُ الثَّانِي,APPROVED,,اسم الشهر في التقويم المستعمل في المشرق (أصله سرياني)؛ لفظ دخيل مستقر لا مقابل عربي أصيل له
AR00688,يَنَايِر,اسم جامد,229,4643,الشهر الأول من السنة الميلادية.,,,,,,يَنَايِر,APPROVED,,الاسم المعرّب عن اللاتينية المستعمل في مصر والمغرب؛ لفظ دخيل مستقر لا مقابل عربي أصيل له
AR00689,شُبَاط,اسم جامد,229,4644,الشهر الثاني من السنة الميلادية.,,,,,,شُبَاط,APPROVED,,اسم الشهر في التقويم المستعمل في المشرق (أصله سرياني)؛ لفظ دخيل مستقر لا مقابل عربي أصيل له
AR00690,فِبْرَايِر,اسم جامد,229,4644,الشهر الثاني من السنة الميلادية.,,,,,,فِبْرَايِر,APPROVED,,الاسم المعرّب عن اللاتينية المستعمل في مصر والمغرب؛ لفظ دخيل مستقر لا مقابل عربي أصيل له
AR00691,آذَار,اسم جامد,229,4645,الشهر الثالث من السنة الميلادية.,,,,,,آذَار,APPROVED,,اسم الشهر في التقويم المستعمل في المشرق (أصله سرياني)؛ لفظ دخيل مستقر لا مقابل عربي أصيل له
AR00692,مَارِس,اسم جامد,229,4645,الشهر الثالث من السنة الميلادية.,,,,,,مَارِس,APPROVED,,الاسم المعرّب عن اللاتينية المستعمل في مصر والمغرب؛ لفظ دخيل مستقر لا مقابل عربي أصيل له
AR00693,نَيْسَان,اسم جامد,229,4646,الشهر الرابع من السنة الميلادية.,,,,,,نَيْسَان,APPROVED,,اسم الشهر في التقويم المستعمل في المشرق (أصله سرياني)؛ لفظ دخيل مستقر لا مقابل عربي أصيل له
AR00694,أَبْرِيل,اسم جامد,229,4646,الشهر الرابع من السنة الميلادية.,,,,,,أَبْرِيل,APPROVED,,الاسم المعرّب عن اللاتينية المستعمل في مصر والمغرب؛ لفظ دخيل مستقر لا مقابل عربي أصيل له
AR00695,أَيَّار,اسم جامد,229,4647,الشهر الخامس من السنة الميلادية.,,,,,,أَيَّار,APPROVED,,اسم الشهر في التقويم المستعمل في المشرق (أصله سرياني)؛ لفظ دخيل مستقر لا مقابل عربي أصيل له
AR00696,مَايُو,اسم جامد,229,4647,الشهر الخامس من السنة الميلادية.,,,,,,مَايُو,APPROVED,,الاسم المعرّب عن اللاتينية المستعمل في مصر والمغرب؛ لفظ دخيل مستقر لا مقابل عربي أصيل له
AR00697,حَزِيرَان,اسم جامد,229,4648,الشهر السادس من السنة الميلادية.,,,,,,حَزِيرَان,APPROVED,,اسم الشهر في التقويم المستعمل في المشرق (أصله سرياني)؛ لفظ دخيل مستقر لا مقابل عربي أصيل له
AR00698,يُونْيُو,اسم جامد,229,4648,الشهر السادس من السنة الميلادية.,,,,,,يُونْيُو,APPROVED,,الاسم المعرّب عن اللاتينية المستعمل في مصر والمغرب؛ لفظ دخيل مستقر لا مقابل عربي أصيل له
AR00699,تَمُّوز,اسم جامد,229,4649,الشهر السابع من السنة الميلادية.,,,,,,تَمُّوز,APPROVED,,اسم الشهر في التقويم المستعمل في المشرق (أصله سرياني)؛ لفظ دخيل مستقر لا مقابل عربي أصيل له
AR00700,يُولْيُو,اسم جامد,229,4649,الشهر السابع من السنة الميلادية.,,,,,,يُولْيُو,APPROVED,,الاسم المعرّب عن اللاتينية المستعمل في مصر والمغرب؛ لفظ دخيل مستقر لا مقابل عربي أصيل له
AR00701,آب,اسم جامد,229,4650,الشهر الثامن من السنة الميلادية.,,,,,,آب,APPROVED,,اسم الشهر في التقويم المستعمل في المشرق (أصله سرياني)؛ لفظ دخيل مستقر لا مقابل عربي أصيل له
AR00702,أُغُسْطُس,اسم جامد,229,4650,الشهر الثامن من السنة الميلادية.,,,,,,أُغُسْطُس,APPROVED,,الاسم المعرّب عن اللاتينية المستعمل في مصر والمغرب؛ لفظ دخيل مستقر لا مقابل عربي أصيل له
AR00703,أَيْلُول,اسم جامد,229,4651,الشهر التاسع من السنة الميلادية.,,,,,,أَيْلُول,APPROVED,,اسم الشهر في التقويم المستعمل في المشرق (أصله سرياني)؛ لفظ دخيل مستقر لا مقابل عربي أصيل له
AR00704,سِبْتَمْبِر,اسم جامد,229,4651,الشهر التاسع من السنة الميلادية.,,,,,,سِبْتَمْبِر,APPROVED,,الاسم المعرّب عن اللاتينية المستعمل في مصر والمغرب؛ لفظ دخيل مستقر لا مقابل عربي أصيل له
AR00705,تِشْرِينُ الْأَوَّلُ,تركيب,229,4652,الشهر العاشر من السنة الميلادية.,,,,,,تِشْرِينُ الْأَوَّلُ,APPROVED,,اسم الشهر في التقويم المستعمل في المشرق (أصله سرياني)؛ لفظ دخيل مستقر لا مقابل عربي أصيل له
AR00706,أُكْتُوبَر,اسم جامد,229,4652,الشهر العاشر من السنة الميلادية.,,,,,,أُكْتُوبَر,APPROVED,,الاسم المعرّب عن اللاتينية المستعمل في مصر والمغرب؛ لفظ دخيل مستقر لا مقابل عربي أصيل له
AR00707,تِشْرِينُ الثَّانِي,تركيب,229,4653,الشهر الحادي عشر من السنة الميلادية.,,,,,,تِشْرِينُ الثَّانِي,APPROVED,,اسم الشهر في التقويم المستعمل في المشرق (أصله سرياني)؛ لفظ دخيل مستقر لا مقابل عربي أصيل له
AR00708,نُوفَمْبِر,اسم جامد,229,4653,الشهر الحادي عشر من السنة الميلادية.,,,,,,نُوفَمْبِر,APPROVED,,الاسم المعرّب عن اللاتينية المستعمل في مصر والمغرب؛ لفظ دخيل مستقر لا مقابل عربي أصيل له
AR00709,كَانُونُ الْأَوَّلُ,تركيب,229,4654,الشهر الثاني عشر من السنة الميلادية.,,,,,,كَانُونُ الْأَوَّلُ,APPROVED,,اسم الشهر في التقويم المستعمل في المشرق (أصله سرياني)؛ لفظ دخيل مستقر لا مقابل عربي أصيل له
AR00710,دِيسَمْبِر,اسم جامد,229,4654,الشهر الثاني عشر من السنة الميلادية.,,,,,,دِيسَمْبِر,APPROVED,,الاسم المعرّب عن اللاتينية المستعمل في مصر والمغرب؛ لفظ دخيل مستقر لا مقابل عربي أصيل له
AR00712,سَنَةٌ كَبِيسَةٌ,تركيب,229,4764,سنة تزيد يوماً فتكون ثلاثمئة وستة وستين يوماً.,,,,,,سَنَةٌ كَبِيسَةٌ,APPROVED,,
AR00716,رَبِيع,اسم جامد,229,5139,الفصل الذي يلي الشتاء ويسبق الصيف ويطلع فيه النبات.,ربع,فَعِيلٌ,roots-4662:ربع:المحكم — المعاني,roots-4662:ربع:مقاييس — المحور,roots-4662:ربع:الأساس — المجاز,رَبِيع,APPROVED,,
AR00718,سَاعَة,اسم جامد,229,5142,جزء من أربعة وعشرين جزءاً من اليوم والليلة.,سوع,فَعْلَةٌ,roots-4662:سوع:المحكم — المعاني,roots-4662:سوع:مقاييس — المحور,,سَاعَة,APPROVED,,في اللسان تحت سوع | WAZN_L2_005 ← فَعْلٌ
AR00719,دَقِيقَة,اسم جامد,229,5143,جزء من ستين جزءاً من الساعة.,دقق,فَعِيلَةٌ,roots-4662:دقق:المحكم — المعاني,roots-4662:دقق:مقاييس — المحور,roots-4662:دقق:الأساس — المجاز,دَقِيقَة,APPROVED,,دلالة الوحدة الزمنية حادثة | WAZN_L2_005 ← فَعِيلٌ
AR00721,خَرِيف,اسم جامد,229,5185,الفصل الذي يلي الصيف ويسبق الشتاء.,خرف,فَعِيلٌ,roots-4662:خرف:المحكم — المعاني,roots-4662:خرف:مقاييس — المحور,,خَرِيف,APPROVED,,
AR00722,عَامٌ دِرَاسِيٌّ,تركيب,229,7345,المدة التي تنعقد فيها الدراسة من أولها إلى عطلتها الصيفية.,,,,,,عَامٌ دِرَاسِيٌّ,APPROVED,,
AR00723,رُبْع,اسم جامد,229,13729,مدة ثلاثة أشهر من السنة.,ربع,فُعْلٌ,roots-4662:ربع:المحكم — المعاني,roots-4662:ربع:مقاييس — المحور,roots-4662:ربع:الأساس — المجاز,رُبْع,APPROVED,,يقال الربع الأول من السنة
AR00726,سَاعَةُ الذُّرْوَةِ,تركيب,229,14391,وقت اشتداد ازدحام السير في أول يوم العمل وآخره.,,,,,,سَاعَةُ الذُّرْوَةِ,APPROVED,,تركيب حادث
AR00728,قَرْن,اسم جامد,229,14795,مدة من الزمن قدرها مئة سنة.,قرن,فَعْلٌ,roots-4662:قرن:المحكم — المعاني,roots-4662:قرن:مقاييس — المحور,,قَرْن,APPROVED,,
AR00732,ذَاتَ يَوْمٍ,تركيب,229,16882,في يوم ما غير معيّن.,,,,,,ذَاتَ يَوْمٍ,APPROVED,,
AR00733,يَوْمًا مَا,تركيب,229,16882,في يوم غير معيّن من الماضي أو المستقبل.,,,,,,يَوْمًا مَا,APPROVED,,
AR00734,ضُحَى,اسم جامد,229,,ارتفاع النهار بعد طلوع الشمس.,ضحو,فُعَلٌ,v21:ضحو:المحكم — المعاني,,v21:ضحو:الأساس — المجاز,ضُحَى,APPROVED,,AR_ONLY
AR00735,سَحَر,اسم جامد,229,,آخر الليل قبيل الفجر.,سحر,فَعَلٌ,roots-4662:سحر:المحكم — المعاني,roots-4662:سحر:مقاييس — المحور,roots-4662:سحر:الأساس — المجاز,سَحَر,APPROVED,,AR_ONLY
AR00737,هَزِيع,اسم جامد,229,,طائفة من الليل نحو ثلثه أو ربعه.,هزع,فَعِيلٌ,roots-4662:هزع:المحكم — المعاني,roots-4662:هزع:مقاييس — المحور,,هَزِيع,APPROVED,,AR_ONLY
AR00742,كَوَى,فعل,112,2249,أحرق جلد غيره بحديدة محمّاة أو نحوها.,كوي,فَعَلَ,roots-4662:كوي:المحكم — المعاني,roots-4662:كوي:مقاييس — المحور,roots-4662:كوي:الأساس — المجاز,كَوَى,APPROVED,,الجذر في اللسان كوى
AR00743,هَرَا,فعل,112,2250;2251;2325,ضرب غيره بالهراوة وهي العصا الغليظة.,هرو,فَعَلَ,roots-4662:هرو:المحكم — المعاني,roots-4662:هرو:مقاييس — النص,,هَرَا,APPROVED,,في اللسان: هَرَوْتُه بالهِراوة ضربته بها؛ وهو قليل الاستعمال
AR00744,سَحَقَ,فعل,112,2256;5996,ضغط على الشيء ضغطاً شديداً حتى فتّته أو هشّمه.,سحق,فَعَلَ,roots-4662:سحق:المحكم — المعاني,roots-4662:سحق:مقاييس — المحور,roots-4662:سحق:الأساس — المجاز,سَحَقَ,APPROVED,,
AR00745,رَضَّ,فعل,112,2256;2352,دقّ الجسد أو العضو دقاً يكسره أو يترك فيه أثراً دون أن يُدميه.,رضض,فَعَلَ,roots-4662:رضض:المحكم — المعاني,roots-4662:رضض:مقاييس — المحور,roots-4662:رضض:الأساس — المجاز,رَضَّ,APPROVED,,
AR00750,رَفَسَ,فعل,112,2271,ضرب غيره بقدمه ضربة شديدة.,رفس,فَعَلَ,roots-4662:رفس:المحكم — المعاني,roots-4662:رفس:مقاييس — النص,,رَفَسَ,APPROVED,,
AR00751,رَكَلَ,فعل,112,2271,ضرب غيره برجله.,ركل,فَعَلَ,roots-4662:ركل:المحكم — المعاني,roots-4662:ركل:مقاييس — المحور,,رَكَلَ,APPROVED,,
AR00752,لَكَمَ,فعل,112,2274;8424;12048,ضرب غيره بقبضة يده.,لكم,فَعَلَ,roots-4662:لكم:المحكم — المعاني,roots-4662:لكم:مقاييس — النص,roots-4662:لكم:الأساس — المجاز,لَكَمَ,APPROVED,,
AR00753,وَكَزَ,فعل,112,2274,ضرب غيره بجُمع كفّه.,وكز,فَعَلَ,roots-4662:وكز:المحكم — المعاني,roots-4662:وكز:مقاييس — النص,,وَكَزَ,APPROVED,,
AR00755,هَشَّمَ,فعل,112,2275,كسر الشيء الصلب كسراً شديداً متكرراً.,هشم,فَعَّلَ,roots-4662:هشم:المحكم — المعاني,roots-4662:هشم:مقاييس — المحور,roots-4662:هشم:الأساس — المجاز,هَشَّمَ,APPROVED,,
AR00756,رَمَحَ,فعل,112,2309,طعن غيره بالرمح.,رمح,فَعَلَ,roots-4662:رمح:المحكم — المعاني,roots-4662:رمح:مقاييس — النص,,رَمَحَ,APPROVED,,في اللسان: رَمَحَه طعنه بالرمح
AR00757,رَجَمَ,فعل,112,2310,رمى غيره بالحجارة ليؤذيه أو يقتله.,رجم,فَعَلَ,roots-4662:رجم:المحكم — المعاني,roots-4662:رجم:مقاييس — المحور,roots-4662:رجم:الأساس — المجاز,رَجَمَ,APPROVED,,
AR00759,أَوْجَعَ,فعل,112,2311,أحدث في غيره ألماً.,وجع,أَفْعَلَ,roots-4662:وجع:المحكم — المعاني,roots-4662:وجع:مقاييس — النص,,أَوْجَعَ,APPROVED,,
AR00760,آلَمَ,فعل,112,2311,أوقع بغيره الألم.,ءلم,أَفْعَلَ,v21:ألم:المحكم — المعاني,v21:ألم:مقاييس — المحور,,آلَمَ,APPROVED,,الجذر في اللسان ألم
AR00762,سَاطَ,فعل,112,2312;2357;2374,ضرب غيره بالسوط.,سوط,فَعَلَ,roots-4662:سوط:المحكم — المعاني,roots-4662:سوط:مقاييس — المحور,roots-4662:سوط:الأساس — المجاز,سَاطَ,APPROVED,,في اللسان: ساطه بالسوط يسوطه
AR00763,كَسَرَ,فعل,112,2315;2327,أحدث في العظم أو الشيء الصلب صدعاً أو فصلاً.,كسر,فَعَلَ,roots-4662:كسر:المحكم — المعاني,roots-4662:كسر:مقاييس — المحور,roots-4662:كسر:الأساس — المجاز,كَسَرَ,APPROVED,,
AR00764,نَطَحَ,فعل,112,2317,ضرب غيره برأسه أو بقرنه.,نطح,فَعَلَ,roots-4662:نطح:المحكم — المعاني,roots-4662:نطح:مقاييس — المحور,roots-4662:نطح:الأساس — المجاز,نَطَحَ,APPROVED,,
AR00765,خَدَشَ,فعل,112,2321;15135,مزّق الجلد قليلاً بظفر أو مخلب أو نحوهما.,خدش,فَعَلَ,roots-4662:خدش:المحكم — المعاني,roots-4662:خدش:مقاييس — المحور,roots-4662:خدش:الأساس — المجاز,خَدَشَ,APPROVED,,
AR00766,خَمَشَ,فعل,112,2321,خدش الوجه أو الجلد بالأظفار.,خمش,فَعَلَ,roots-4662:خمش:المحكم — المعاني,roots-4662:خمش:مقاييس — المحور,roots-4662:خمش:الأساس — المجاز,خَمَشَ,APPROVED,,
AR00767,لَطَمَ,فعل,112,2322;2326;2371;2375;6054,ضرب الخدّ أو الوجه بباطن الكف.,لطم,فَعَلَ,roots-4662:لطم:المحكم — المعاني,roots-4662:لطم:مقاييس — المحور,roots-4662:لطم:الأساس — المجاز,لَطَمَ,APPROVED,,
AR00769,هَشَمَ,فعل,112,2327,كسر العظم أو الرأس.,هشم,فَعَلَ,roots-4662:هشم:المحكم — المعاني,roots-4662:هشم:مقاييس — المحور,roots-4662:هشم:الأساس — المجاز,هَشَمَ,APPROVED,,
AR00772,وَخَزَ,فعل,112,2350,طعن غيره طعناً خفيفاً بشيء محدّد الطرف.,وخز,فَعَلَ,roots-4662:وخز:المحكم — المعاني,roots-4662:وخز:مقاييس — النص,roots-4662:وخز:الأساس — المجاز,وَخَزَ,APPROVED,,
AR00773,نَخَسَ,فعل,112,2350,غرز في جسد غيره طرف عود أو نحوه بسرعة.,نخس,فَعَلَ,roots-4662:نخس:المحكم — المعاني,roots-4662:نخس:مقاييس — المحور,roots-4662:نخس:الأساس — المجاز,نَخَسَ,APPROVED,,
AR00774,نَهَشَ,فعل,112,2359,تناول اللحم بالأنياب أو المخالب فجرحه وقطعه.,نهش,فَعَلَ,,roots-4662:نهش:مقاييس — النص,,نَهَشَ,APPROVED,,
AR00775,مَزَّقَ,فعل,112,2359,قطّع الجسد أو الجلد قطعاً متفرقة.,مزق,فَعَّلَ,roots-4662:مزق:المحكم — المعاني,roots-4662:مزق:مقاييس — المحور,roots-4662:مزق:الأساس — المجاز,مَزَّقَ,APPROVED,,
AR00776,رَمَى,فعل,112,2360,قذف غيره بشيء ليصيبه.,رمي,فَعَلَ,roots-4662:رمي:المحكم — المعاني,roots-4662:رمي:مقاييس — النص,roots-4662:رمي:الأساس — المجاز,رَمَى,APPROVED,,الجذر في اللسان رمى
AR00777,رَشَقَ,فعل,112,2360,رمى غيره بالسهام أو الحجارة متتابعة.,رشق,فَعَلَ,roots-4662:رشق:المحكم — المعاني,roots-4662:رشق:مقاييس — المحور,roots-4662:رشق:الأساس — المجاز,رَشَقَ,APPROVED,,
AR00778,هَرَسَ,فعل,112,5996,دقّ الشيء وضغطه حتى تفتّت.,هرس,فَعَلَ,roots-4662:هرس:المحكم — المعاني,roots-4662:هرس:مقاييس — المحور,roots-4662:هرس:الأساس — المجاز,هَرَسَ,APPROVED,,
AR00779,رَكَبَ,فعل,112,7026,ضرب غيره بركبته.,ركب,فَعَلَ,roots-4662:ركب:المحكم — المعاني,roots-4662:ركب:مقاييس — المحور,,رَكَبَ,APPROVED,,في اللسان: رَكَبَه يَرْكُبُه ضربه بركبته؛ قليل الاستعمال
AR00780,كَلَمَ,فعل,112,7950,جرح غيره.,كلم,فَعَلَ,roots-4662:كلم:المحكم — المعاني,roots-4662:كلم:مقاييس — المحور,roots-4662:كلم:الأساس — المجاز,كَلَمَ,APPROVED,,في اللسان: الكَلْم الجرح
AR00783,تَسْمِيم,مصدر,112,9083,إدخال السم في جسد غيره أو في طعامه وشرابه.,سمم,تَفْعِيلٌ,roots-4662:سمم:المحكم — المعاني,roots-4662:سمم:مقاييس — المحور,,تَسْمِيم,APPROVED,,
AR00784,أَوْسَعَ ضَرْبًا,تركيب,112,9129,ضرب غيره ضرباً كثيراً حتى آذاه.,,,,,,أَوْسَعَ ضَرْبًا,APPROVED,,يتعدى بالمفعول: أوسعه ضرباً
AR00786,شَوَّهَ,فعل,112,12043;12070,أفسد عضواً من أعضاء غيره إفساداً دائماً يقبح به منظره.,شوه,فَعَّلَ,v21:شوه:المحكم — المعاني,,v21:شوه:الأساس — المجاز,شَوَّهَ,APPROVED,,لا يخص إتلاف العضو إتلافاً دائماً كل الخصوص
AR00788,عَصَا,فعل,112,12049,ضرب غيره بالعصا.,عصو,فَعَلَ,v21:عصو:المحكم — المعاني,v21:عصو:مقاييس — النص,,عَصَا,APPROVED,,في اللسان: عَصَوْتُه بالعصا ضربته؛ قليل الاستعمال
AR00789,سَمَّمَ,فعل,112,12051,جعل في جسد غيره سمّاً ليؤذيه أو يقتله.,سمم,فَعَّلَ,roots-4662:سمم:المحكم — المعاني,roots-4662:سمم:مقاييس — المحور,,سَمَّمَ,APPROVED,,
AR00790,سَمَّ,فعل,112,12051,جعل السمّ في طعام غيره أو جسده.,سمم,فَعَلَ,roots-4662:سمم:المحكم — المعاني,roots-4662:سمم:مقاييس — المحور,,سَمَّ,APPROVED,,
AR00791,مَثَّلَ,فعل,112,12070,قطع أطراف غيره أو جدع أنفه وأذنه تنكيلاً.,مثل,فَعَّلَ,roots-4662:مثل:المحكم — المعاني,roots-4662:مثل:مقاييس — المحور,,مَثَّلَ,APPROVED,,يتعدى بالباء: مثّل به
AR00792,لَدَغَ,فعل,112,15088,أصاب بإبرته أو نابه فأدخل فيه السم.,لدغ,فَعَلَ,roots-4662:لدغ:المحكم — المعاني,roots-4662:لدغ:مقاييس — النص,,لَدَغَ,APPROVED,,
AR00793,لَسَعَ,فعل,112,15088,ضرب بإبرة ذنبه فآلم.,لسع,فَعَلَ,roots-4662:لسع:المحكم — المعاني,roots-4662:لسع:مقاييس — النص,roots-4662:لسع:الأساس — المجاز,لَسَعَ,APPROVED,,
AR00795,خَدَّرَ,فعل,112,17276,أعطى غيره مادة تذهب بإحساسه أو وعيه.,خدر,فَعَّلَ,roots-4662:خدر:المحكم — المعاني,roots-4662:خدر:مقاييس — المحور,roots-4662:خدر:الأساس — المجاز,خَدَّرَ,APPROVED,,
AR00796,لَوَى,فعل,112,17310,فتل عضواً من أعضاء غيره حتى آذاه.,لوي,فَعَلَ,roots-4662:لوي:المحكم — المعاني,roots-4662:لوي:مقاييس — المحور,roots-4662:لوي:الأساس — المجاز,لَوَى,APPROVED,,الجذر في اللسان لوى
AR00798,نَكَّلَ,فعل,112,,أنزل بغيره عقوبة شديدة تجعله عبرة.,نكل,فَعَّلَ,roots-4662:نكل:المحكم — المعاني,roots-4662:نكل:مقاييس — النص,,نَكَّلَ,APPROVED,,AR_ONLY
AR00801,اِزْدَادَ,فعل,91,1870,صار أكثر أو أكبر في مقدار أو قيمة.,زيد,اِفْتَعَلَ,roots-4662:زيد:المحكم — المعاني,roots-4662:زيد:مقاييس — المحور,roots-4662:زيد:الأساس — المجاز,اِزْدَادَ,APPROVED,,
AR00802,زَادَ,فعل,91,1870,كثُر أو كبُر مقداره أو قيمته.,زيد,فَعَلَ,roots-4662:زيد:المحكم — المعاني,roots-4662:زيد:مقاييس — المحور,roots-4662:زيد:الأساس — المجاز,زَادَ,APPROVED,,
AR00803,تَزَايَدَ,فعل,91,1870,زاد شيئاً فشيئاً على التتابع.,زيد,تَفَاعَلَ,roots-4662:زيد:المحكم — المعاني,roots-4662:زيد:مقاييس — المحور,roots-4662:زيد:الأساس — المجاز,تَزَايَدَ,APPROVED,,
AR00804,زِيَادَة,مصدر,91,1871;13724,صعود الشيء في مقداره أو قيمته على مقياس.,زيد,فِعَالَةٌ,roots-4662:زيد:المحكم — المعاني,roots-4662:زيد:مقاييس — المحور,roots-4662:زيد:الأساس — المجاز,زِيَادَة,APPROVED,,WAZN_L2_005 ← فِعَالٌ
AR00805,اِزْدِيَاد,مصدر,91,1871,صيرورة الشيء أكثر أو أكبر في مقداره.,زيد,اِفْتِعَالٌ,roots-4662:زيد:المحكم — المعاني,roots-4662:زيد:مقاييس — المحور,roots-4662:زيد:الأساس — المجاز,اِزْدِيَاد,APPROVED,,WAZN ← L2_006 مص من اِفْتَعَلَ
AR00806,تَزَايُد,مصدر,91,1871,زيادة الشيء شيئاً فشيئاً على التتابع.,زيد,تَفَاعُلٌ,roots-4662:زيد:المحكم — المعاني,roots-4662:زيد:مقاييس — المحور,roots-4662:زيد:الأساس — المجاز,تَزَايُد,APPROVED,,WAZN ← L2_006 مص من تَفَاعَلَ
AR00807,اِنْخَفَضَ,فعل,91,1872;1877;1954;12886;17560,نزل إلى مستوى أدنى على مقياس.,خفض,اِنْفَعَلَ,roots-4662:خفض:المحكم — المعاني,,roots-4662:خفض:الأساس — المجاز,اِنْخَفَضَ,APPROVED,,
AR00808,هَبَطَ,فعل,91,1872;1954,نزل في قيمته أو مقداره.,هبط,فَعَلَ,roots-4662:هبط:المحكم — المعاني,roots-4662:هبط:مقاييس — المحور,,هَبَطَ,APPROVED,,
AR00809,اِنْخِفَاض,مصدر,91,1873;1876;16962,نزول الشيء إلى مستوى أدنى على مقياس.,خفض,اِنْفِعَالٌ,roots-4662:خفض:المحكم — المعاني,,roots-4662:خفض:الأساس — المجاز,اِنْخِفَاض,APPROVED,,WAZN ← L2_006 مص من اِنْفَعَلَ
AR00810,هُبُوط,مصدر,91,1873,نزول القيمة أو المقدار.,هبط,فُعُولٌ,roots-4662:هبط:المحكم — المعاني,roots-4662:هبط:مقاييس — المحور,,هُبُوط,APPROVED,,WAZN ← L2_015 المالك
AR00811,اِرْتَفَعَ,فعل,91,1874,صعد إلى مستوى أعلى على مقياس.,رفع,اِفْتَعَلَ,roots-4662:رفع:المحكم — المعاني,roots-4662:رفع:مقاييس — المحور,roots-4662:رفع:الأساس — المجاز,اِرْتَفَعَ,APPROVED,,
AR00813,اِرْتِفَاع,مصدر,91,1875;16964,صعود الشيء إلى مستوى أعلى على مقياس.,رفع,اِفْتِعَالٌ,roots-4662:رفع:المحكم — المعاني,roots-4662:رفع:مقاييس — المحور,roots-4662:رفع:الأساس — المجاز,اِرْتِفَاع,APPROVED,,WAZN ← L2_006 مص من اِفْتَعَلَ
AR00815,نَقْص,مصدر,91,1876,قلّة الشيء عمّا كان عليه في مقداره.,نقص,فَعْلٌ,roots-4662:نقص:المحكم — المعاني,roots-4662:نقص:مقاييس — النص,,نَقْص,APPROVED,,
AR00816,تَنَاقُص,مصدر,91,1876,نقص الشيء شيئاً فشيئاً على التتابع.,نقص,تَفَاعُلٌ,roots-4662:نقص:المحكم — المعاني,roots-4662:نقص:مقاييس — النص,,تَنَاقُص,APPROVED,,WAZN ← L2_006 مص من تَفَاعَلَ
AR00817,نَقَصَ,فعل,91,1877,قلّ مقداره عمّا كان عليه.,نقص,فَعَلَ,roots-4662:نقص:المحكم — المعاني,roots-4662:نقص:مقاييس — النص,,نَقَصَ,APPROVED,,
AR00818,تَنَاقَصَ,فعل,91,1877;1994,نقص شيئاً فشيئاً على التتابع.,نقص,تَفَاعَلَ,roots-4662:نقص:المحكم — المعاني,roots-4662:نقص:مقاييس — النص,,تَنَاقَصَ,APPROVED,,
AR00820,تَضَاءَلَ,فعل,91,1879;1994,صغر وقلّ شيئاً فشيئاً.,ضءل,تَفَاعَلَ,v21:ضأل:المحكم — المعاني,v21:ضأل:مقاييس — المحور,v21:ضأل:الأساس — المجاز,تَضَاءَلَ,APPROVED,,
AR00821,قَلَّ,فعل,91,1879,صار أقلّ مقداراً أو عدداً.,قلل,فَعَلَ,roots-4662:قلل:المحكم — المعاني,roots-4662:قلل:مقاييس — المحور,roots-4662:قلل:الأساس — المجاز,قَلَّ,APPROVED,,
AR00822,هَوَى,فعل,91,1881,سقط من مستوى عالٍ إلى مستوى أدنى بسرعة.,هوي,فَعَلَ,roots-4662:هوي:المحكم — المعاني,roots-4662:هوي:مقاييس — المحور,roots-4662:هوي:الأساس — المجاز,هَوَى,APPROVED,,
AR00823,تَهَاوَى,فعل,91,1881;1886,تساقط سريعاً في قيمته أو مقداره.,هوي,تَفَاعَلَ,roots-4662:هوي:المحكم — المعاني,roots-4662:هوي:مقاييس — المحور,roots-4662:هوي:الأساس — المجاز,تَهَاوَى,APPROVED,,
AR00824,نَمَا,فعل,91,1882,زاد وكبر على مرّ الزمن.,نمو,فَعَلَ,roots-4662:نمو:المحكم — المعاني,,,نَمَا,APPROVED,,ويُذكر في الجذر نمي أيضاً
AR00825,تَنَامَى,فعل,91,1882;11654,نما شيئاً فشيئاً وتزايد.,نمو,تَفَاعَلَ,roots-4662:نمو:المحكم — المعاني,,,تَنَامَى,APPROVED,,ويُذكر في الجذر نمي أيضاً
AR00827,تَرَاجَعَ,فعل,91,1884;1889,عاد إلى مستوى أدنى مما كان عليه.,رجع,تَفَاعَلَ,roots-4662:رجع:المحكم — المعاني,roots-4662:رجع:مقاييس — المحور,roots-4662:رجع:الأساس — المجاز,تَرَاجَعَ,APPROVED,,
AR00828,تَدَنَّى,فعل,91,1884,نزل إلى مستوى منخفض.,دنو,تَفَعَّلَ,roots-4662:دنو:المحكم — المعاني,,roots-4662:دنو:الأساس — المجاز,تَدَنَّى,APPROVED,,
AR00829,تَرَاجُع,مصدر,91,1885,النزول إلى مستوى أدنى، ويغلب فيه الذمّ.,رجع,تَفَاعُلٌ,roots-4662:رجع:المحكم — المعاني,roots-4662:رجع:مقاييس — المحور,roots-4662:رجع:الأساس — المجاز,تَرَاجُع,APPROVED,,WAZN ← L2_006 مص من تَفَاعَلَ
AR00830,تَدَنِّي,مصدر,91,1885,النزول إلى مستوى منخفض.,دنو,تَفَعُّلٌ,roots-4662:دنو:المحكم — المعاني,,roots-4662:دنو:الأساس — المجاز,تَدَنِّي,APPROVED,,لفظه منقوص؛ يكتب بلا تنوين تدنّي | WAZN ← L2_006 مص من تَفَعَّلَ
AR00831,اِنْهَارَ,فعل,91,1886,سقطت قيمته أو مقداره سقوطاً سريعاً شديداً.,هور,اِنْفَعَلَ,roots-4662:هور:المحكم — المعاني,roots-4662:هور:مقاييس — المحور,roots-4662:هور:الأساس — المجاز,اِنْهَارَ,APPROVED,,
AR00832,اِنْهِيَار,مصدر,91,1887,سقوط القيمة أو المقدار سقوطاً سريعاً شديداً.,هور,اِنْفِعَالٌ,roots-4662:هور:المحكم — المعاني,roots-4662:هور:مقاييس — المحور,roots-4662:هور:الأساس — المجاز,اِنْهِيَار,APPROVED,,WAZN ← L2_006 مص من اِنْفَعَلَ
AR00833,تَهَاوِي,مصدر,91,1887,تساقط القيمة أو المقدار سريعاً.,هوي,تَفَاعُلٌ,roots-4662:هوي:المحكم — المعاني,roots-4662:هوي:مقاييس — المحور,roots-4662:هوي:الأساس — المجاز,تَهَاوِي,APPROVED,,لفظه منقوص؛ يكتب بلا تنوين تهاوي | WAZN ← L2_006 مص من تَفَاعَلَ
AR00834,قَفَزَ,فعل,91,1888;1894,ارتفع فجأة ارتفاعاً كبيراً.,قفز,فَعَلَ,roots-4662:قفز:المحكم — المعاني,roots-4662:قفز:مقاييس — المحور,roots-4662:قفز:الأساس — المجاز,قَفَزَ,APPROVED,,
AR00835,اِنْزَلَقَ,فعل,91,1889,انحدر شيئاً فشيئاً إلى مستوى أدنى.,زلق,اِنْفَعَلَ,roots-4662:زلق:المحكم — المعاني,roots-4662:زلق:مقاييس — المحور,roots-4662:زلق:الأساس — المجاز,اِنْزَلَقَ,APPROVED,,
AR00836,رَبِحَ,فعل,91,1890,زادت قيمته بمقدار معيّن.,ربح,فَعِلَ,roots-4662:ربح:المحكم — المعاني,roots-4662:ربح:مقاييس — المحور,roots-4662:ربح:الأساس — المجاز,رَبِحَ,APPROVED,,
AR00837,كَسَبَ,فعل,91,1890,أصاب زيادة في قيمته بمقدار معيّن.,كسب,فَعَلَ,roots-4662:كسب:المحكم — المعاني,roots-4662:كسب:مقاييس — المحور,roots-4662:كسب:الأساس — المجاز,كَسَبَ,APPROVED,,
AR00838,تَقَدَّمَ,فعل,91,1893,ارتفع إلى مرتبة أعلى على مقياس.,قدم,تَفَعَّلَ,roots-4662:قدم:المحكم — المعاني,roots-4662:قدم:مقاييس — المحور,roots-4662:قدم:الأساس — المجاز,تَقَدَّمَ,APPROVED,,
AR00839,وَثَبَ,فعل,91,1894,ارتفع فجأة طفرةً واحدة.,وثب,فَعَلَ,roots-4662:وثب:المحكم — المعاني,roots-4662:وثب:مقاييس — النص,roots-4662:وثب:الأساس — المجاز,وَثَبَ,APPROVED,,
AR00841,تَضَاعَفَ ثَلَاثَ مَرَّات,تركيب,91,1997,صار ثلاثة أمثال ما كان عليه.,,,,,,تَضَاعَفَ ثَلَاثَ مَرَّات,APPROVED,,التركيب يتضمن عدداً لكن موقعه تركيب لا عدد
AR00842,تَذَبْذَبَ,فعل,91,2016,تردّد صعوداً ونزولاً على غير انتظام.,ذبذب,تَفَعْلَلَ,,,,تَذَبْذَبَ,APPROVED,,
AR00843,تَقَلَّبَ,فعل,91,2016,تغيّر من حال إلى حال صعوداً ونزولاً.,قلب,تَفَعَّلَ,roots-4662:قلب:المحكم — المعاني,roots-4662:قلب:مقاييس — المحور,roots-4662:قلب:الأساس — المجاز,تَقَلَّبَ,APPROVED,,
AR00844,تَذَبْذُب,مصدر,91,2017,تردّد القيمة صعوداً ونزولاً على غير انتظام.,ذبذب,تَفَعْلُلٌ,,,,تَذَبْذُب,APPROVED,,WAZN ← L2_006 مص من تَفَعْلَلَ
AR00845,تَقَلُّب,مصدر,91,2017,تغيّر القيمة من حال إلى حال صعوداً ونزولاً.,قلب,تَفَعُّلٌ,roots-4662:قلب:المحكم — المعاني,roots-4662:قلب:مقاييس — المحور,roots-4662:قلب:الأساس — المجاز,تَقَلُّب,APPROVED,,WAZN ← L2_006 مص من تَفَعَّلَ
AR00846,قَفْزَة,اسم جامد,91,2018,ارتفاع حادّ مفاجئ، ويكثر في الأسعار.,قفز,فَعْلَةٌ,roots-4662:قفز:المحكم — المعاني,roots-4662:قفز:مقاييس — المحور,roots-4662:قفز:الأساس — المجاز,قَفْزَة,APPROVED,,اسم مرّة | WAZN_L2_005 ← فَعْلٌ
AR00847,اِنْفَجَرَ,فعل,91,7701,زاد عدده أو امتداده فجأة زيادة كبيرة.,فجر,اِنْفَعَلَ,roots-4662:فجر:المحكم — المعاني,roots-4662:فجر:مقاييس — المحور,roots-4662:فجر:الأساس — المجاز,اِنْفَجَرَ,APPROVED,,استعارة
AR00848,اِنْفِجَار,مصدر,91,7702,زيادة سريعة مفاجئة مقلقة في العدد أو الامتداد.,فجر,اِنْفِعَالٌ,roots-4662:فجر:المحكم — المعاني,roots-4662:فجر:مقاييس — المحور,roots-4662:فجر:الأساس — المجاز,اِنْفِجَار,APPROVED,,WAZN ← L2_006 مص من اِنْفَعَلَ
AR00849,تَكَاثَرَ,فعل,91,11654,كثر عدده سريعاً.,كثر,تَفَاعَلَ,roots-4662:كثر:المحكم — المعاني,roots-4662:كثر:مقاييس — النص,,تَكَاثَرَ,APPROVED,,
AR00850,نُمُوّ,مصدر,91,12488,الزيادة في مقدار أو بُعد على مرّ الزمن.,نمو,فُعُولٌ,roots-4662:نمو:المحكم — المعاني,,,نُمُوّ,APPROVED,,ويُذكر في الجذر نمي أيضاً | WAZN ← L2_015 المالك
AR00851,تَنَامِي,مصدر,91,12488,الزيادة المتتابعة شيئاً فشيئاً.,نمو,تَفَاعُلٌ,roots-4662:نمو:المحكم — المعاني,,,تَنَامِي,APPROVED,,لفظه منقوص؛ يكتب بلا تنوين تنامي | WAZN ← L2_006 مص من تَفَاعَلَ
AR00855,وَصَلَ,فعل,91,12879,انتهى إلى قيمة أو مستوى معيّن.,وصل,فَعَلَ,roots-4662:وصل:المحكم — المعاني,roots-4662:وصل:مقاييس — المحور,,وَصَلَ,APPROVED,,
AR00856,نَزَلَ,فعل,91,12886;17560,انحطّ إلى قيمة أدنى، ويغلب في النقص اليسير.,نزل,فَعَلَ,roots-4662:نزل:المحكم — المعاني,roots-4662:نزل:مقاييس — النص,roots-4662:نزل:الأساس — المجاز,نَزَلَ,APPROVED,,
AR00858,تَأَرْجَحَ,فعل,91,12978,تنقّل سريعاً بين قيمة وأخرى.,رجح,تَأَفْعَلَ,roots-4662:رجح:المحكم — المعاني,roots-4662:رجح:مقاييس — المحور,roots-4662:رجح:الأساس — المجاز,تَأَرْجَحَ,APPROVED,,يُعامَل أيضاً رباعياً على أرجح فيكون تَفَعْلَلَ | WAZN ← L2_015 المالك
AR00862,تَغَيَّرَ,فعل,91,13593,انتقل من حال إلى حال.,غير,تَفَعَّلَ,roots-4662:غير:المحكم — المعاني,roots-4662:غير:مقاييس — المحور,roots-4662:غير:الأساس — المجاز,تَغَيَّرَ,APPROVED,,
AR00863,رِبْح,اسم جامد,91,13724,زيادة تحصل في المال أو القيمة.,ربح,فِعْلٌ,roots-4662:ربح:المحكم — المعاني,roots-4662:ربح:مقاييس — المحور,roots-4662:ربح:الأساس — المجاز,رِبْح,APPROVED,,
AR00864,بِشَكْل مُتَزَايِد,تركيب,91,13836,على نحو يزداد مقداره أو تكراره.,,,,,,بِشَكْل مُتَزَايِد,APPROVED,,
AR00865,أَكْثَرَ فَأَكْثَرَ,تركيب,91,13836,بزيادة متتابعة في المقدار أو التكرار.,,,,,,أَكْثَرَ فَأَكْثَرَ,APPROVED,,
AR00866,اِنْتَفَخَ,فعل,91,14503,كبر حجمه وتضخّم.,نفخ,اِفْتَعَلَ,roots-4662:نفخ:المحكم — المعاني,roots-4662:نفخ:مقاييس — المحور,roots-4662:نفخ:الأساس — المجاز,اِنْتَفَخَ,APPROVED,,استعارة
AR00867,مُتَزَايِد,اسم فاعل,91,15206,آخذ في الزيادة.,زيد,مُتَفَاعِلٌ,roots-4662:زيد:المحكم — المعاني,roots-4662:زيد:مقاييس — المحور,roots-4662:زيد:الأساس — المجاز,مُتَزَايِد,APPROVED,,WAZN ← L2_006 فا من تَفَاعَلَ
AR00868,مُتَنَامِي,اسم فاعل,91,15206,آخذ في النموّ شيئاً فشيئاً.,نمو,مُتَفَاعِلٌ,roots-4662:نمو:المحكم — المعاني,,,مُتَنَامِي,APPROVED,,لفظه منقوص؛ يكتب بلا تنوين متنامي | WAZN ← L2_006 فا من تَفَاعَلَ
AR00869,اِنْكَمَشَ,فعل,91,16744,نقص مقداره أو حجمه وتقبّض.,كمش,اِنْفَعَلَ,roots-4662:كمش:المحكم — المعاني,roots-4662:كمش:مقاييس — المحور,roots-4662:كمش:الأساس — المجاز,اِنْكَمَشَ,APPROVED,,
AR00870,تَقَلَّصَ,فعل,91,16744,نقص وانضمّ بعضه إلى بعض.,قلص,تَفَعَّلَ,roots-4662:قلص:المحكم — المعاني,roots-4662:قلص:مقاييس — المحور,,تَقَلَّصَ,APPROVED,,
AR00871,اِنْكِمَاش,مصدر,91,16745,نقص المقدار أو الحجم وتقبّضه.,كمش,اِنْفِعَالٌ,roots-4662:كمش:المحكم — المعاني,roots-4662:كمش:مقاييس — المحور,roots-4662:كمش:الأساس — المجاز,اِنْكِمَاش,APPROVED,,WAZN ← L2_006 مص من اِنْفَعَلَ
AR00872,تَقَلُّص,مصدر,91,16745,نقص الشيء وانضمام بعضه إلى بعض.,قلص,تَفَعُّلٌ,roots-4662:قلص:المحكم — المعاني,roots-4662:قلص:مقاييس — المحور,,تَقَلُّص,APPROVED,,WAZN ← L2_006 مص من تَفَعَّلَ
AR00873,مُنْخَفِض,اسم فاعل,91,16941,نازل عن مستواه المعتاد.,خفض,مُنْفَعِلٌ,roots-4662:خفض:المحكم — المعاني,,roots-4662:خفض:الأساس — المجاز,مُنْخَفِض,APPROVED,,WAZN ← L2_006 فا من اِنْفَعَلَ
AR00874,مُتَدَنِّي,اسم فاعل,91,16941,نازل إلى مستوى منخفض.,دنو,مُتَفَعِّلٌ,roots-4662:دنو:المحكم — المعاني,,roots-4662:دنو:الأساس — المجاز,مُتَدَنِّي,APPROVED,,لفظه منقوص؛ يكتب بلا تنوين متدنّي | WAZN ← L2_006 فا من تَفَعَّلَ
AR00875,مُرْتَفِع,اسم فاعل,91,16942,زائد عن مستواه المعتاد.,رفع,مُفْتَعِلٌ,roots-4662:رفع:المحكم — المعاني,roots-4662:رفع:مقاييس — المحور,roots-4662:رفع:الأساس — المجاز,مُرْتَفِع,APPROVED,,WAZN ← L2_006 فا من اِفْتَعَلَ
AR00876,مُتَسَارِع,اسم فاعل,91,16954,آخذ في ازدياد سرعته أو معدّله.,سرع,مُتَفَاعِلٌ,roots-4662:سرع:المحكم — المعاني,roots-4662:سرع:مقاييس — المحور,,مُتَسَارِع,APPROVED,,WAZN ← L2_006 فا من تَفَاعَلَ
AR00877,بِانْخِفَاض,تركيب,91,17656,مع نقصٍ بمقدار يُذكر بعده.,,,,,,بِانْخِفَاض,APPROVED,,حرف الجر مع المصدر؛ يقوم مقام الحرف الإنجليزي
AR00879,تَدَهْوَرَ,فعل,91,,انحدر إلى حال أسوأ.,دهور,تَفَعْلَلَ,,,,تَدَهْوَرَ,APPROVED,,AR_ONLY
AR00880,فُسْتَان,اسم جامد,134,2657;2682,ثوبٌ نسائي من قطعة واحدة يستر البدن وينسدل على الساقين.,,,,,,فُسْتَان,APPROVED,,دخيل/معرّب لا جذر عربي له؛ مستقر في الفصحى المعاصرة
AR00881,دِرْع,اسم جامد,134,2657;2682;3076,قميص المرأة السابغ، وهو ثوبها الذي تلبسه.,درع,فِعْلٌ,roots-4662:درع:المحكم — المعاني,roots-4662:درع:مقاييس — المحور,,دِرْع,APPROVED,,
AR00882,تَنُّورَة دَاخِلِيَّة,تركيب,134,2686;2715,تنورة خفيفة تلبسها المرأة تحت الفستان أو التنورة.,,,,,,تَنُّورَة دَاخِلِيَّة,APPROVED,,
AR00883,فُسْتَان سَهْرَة,تركيب,134,2687;2731,فستان طويل فاخر يُلبس في الحفلات الرسمية والمناسبات المسائية.,,,,,,فُسْتَان سَهْرَة,APPROVED,,
AR00885,قَمِيص نَوْم,تركيب,134,2689;3351;3352;3353,ثوبٌ نسائي خفيف واسع يُلبس عند النوم.,,,,,,قَمِيص نَوْم,APPROVED,,
AR00886,جَوْرَب,اسم جامد,134,2691;2692;2925;2933;2972;3398,لفافة منسوجة تُلبس في القدم وأسفل الساق.,,,,,,جَوْرَب,APPROVED,,معرّب (فارسي)؛ يذكره المعجميون في (جرب)
AR00887,رَان,اسم جامد,134,2695,غطاءٌ للساق كالخفّ إلا أنه بلا قدم وأطول منه، يُلبس وقايةً.,رين,فَعَلٌ,roots-4662:رين:المحكم — المعاني,roots-4662:رين:مقاييس — المحور,,رَان,APPROVED,,لفظ تراثي؛ الجذر على ما في لسان العرب (رين) | WAZN ← SIBAWAYH_EXISTS
AR00888,قَبَاء,اسم جامد,134,2696,ثوبٌ يُلبس فوق الثياب مشقوق المقدَّم يُضمّ بأزرار أو حزام.,قبو,فَعَالٍ,roots-4662:قبو:المحكم — المعاني,roots-4662:قبو:مقاييس — النص,,قَبَاء,APPROVED,,WAZN ← SIBAWAYH_EXISTS
AR00889,سُتْرَة,اسم جامد,134,2696;2913;2996,ثوبٌ قصير ذو كمّين يُلبس فوق القميص ويُغلق من الأمام.,ستر,فُعْلَةٌ,roots-4662:ستر:المحكم — المعاني,roots-4662:ستر:مقاييس — المحور,,سُتْرَة,APPROVED,,WAZN_L2_005 ← فُعْلٌ
AR00890,تَنُّورَة,اسم جامد,134,2732,ثوبٌ نسائي يُشدّ على الخصر وينسدل على الساقين.,,,,,,تَنُّورَة,APPROVED,,دخيل/معرّب لا جذر عربي له؛ مستقر في الفصحى المعاصرة
AR00891,سِرْوَال قَصِير,تركيب,134,2864,سروال لا يتجاوز الركبتين.,,,,,,سِرْوَال قَصِير,APPROVED,,
AR00892,بِنْطَال قَصِير,تركيب,134,2864,بنطال لا يتجاوز الركبتين.,,,,,,بِنْطَال قَصِير,APPROVED,,
AR00893,بِنْطَال,اسم جامد,134,2866;2878,لباسٌ يستر من الخصر إلى الكعبين بشقّين لكل ساق شقّ.,,,,,,بِنْطَال,APPROVED,,دخيل/معرّب لا جذر عربي له (من الإيطالية)؛ مستقر في الفصحى المعاصرة
AR00894,سِرْوَال,اسم جامد,134,2866;2878,لباسٌ يستر النصف الأسفل من البدن، لكل ساق منه شقّ.,,,,,,سِرْوَال,APPROVED,,معرّب (فارسي)؛ يذكره المعجميون في (سرل)
AR00895,مِلْحَفَة,اسم جامد,134,2900,ملاءةٌ واسعة يُلتحف بها فوق الثياب.,لحف,مِفْعَلَةٌ,roots-4662:لحف:المحكم — المعاني,roots-4662:لحف:مقاييس — المحور,roots-4662:لحف:الأساس — المجاز,مِلْحَفَة,APPROVED,,WAZN_L2_005 ← مِفْعَلٌ
AR00896,لِفَاع,اسم جامد,134,2900;2944,ثوبٌ يُتلفّع به فيُجلَّل به الرأس والكتفان أو البدن.,لفع,فِعَالٌ,roots-4662:لفع:المحكم — المعاني,roots-4662:لفع:مقاييس — المحور,roots-4662:لفع:الأساس — المجاز,لِفَاع,APPROVED,,
AR00897,قَمِيص,اسم جامد,134,2906;2907,ثوبٌ يُلبس على أعلى البدن، له كمّان وجيب.,قمص,فَعِيلٌ,roots-4662:قمص:المحكم — المعاني,roots-4662:قمص:مقاييس — المحور,roots-4662:قمص:الأساس — المجاز,قَمِيص,APPROVED,,
AR00898,بُلُوزَة,اسم جامد,134,2907,ثوبٌ نسائي يُلبس على أعلى البدن يشبه القميص.,,,,,,بُلُوزَة,APPROVED,,دخيل/معرّب لا جذر عربي له؛ مستقر في الفصحى المعاصرة
AR00899,عَبَاءَة,اسم جامد,134,2908;3619,كساءٌ واسع مفتوح المقدم يُلبس فوق الثياب، بلا أكمام أو بأكمام واسعة.,عبي,فَعَالَةٌ,,,,عَبَاءَة,APPROVED,,WAZN ← L2_015 المالك
AR00900,رِدَاء,اسم جامد,134,2908;2909,ثوبٌ يُلقى على الكتفين وأعلى البدن فوق الثياب.,ردي,فِعَالٌ,roots-4662:ردي:المحكم — المعاني,roots-4662:ردي:مقاييس — المحور,roots-4662:ردي:الأساس — المجاز,رِدَاء,APPROVED,,
AR00904,رَبْطَة عُنُق,تركيب,134,2915;2940,شريط من قماش يُعقد حول العنق تحت الياقة.,,,,,,رَبْطَة عُنُق,APPROVED,,
AR00905,لِبَاس,اسم جامد,134,2935;3059;3074,ما يستر به الإنسانُ بدنه من الثياب على العموم.,لبس,فِعَالٌ,roots-4662:لبس:المحكم — المعاني,roots-4662:لبس:مقاييس — المحور,roots-4662:لبس:الأساس — المجاز,لِبَاس,APPROVED,,
AR00906,مَلْبَس,اسم جامد,134,2935;2936;3059,ما يُلبَس من الثياب، اسمٌ لما يُرتدى.,لبس,مَفْعَلٌ,roots-4662:لبس:المحكم — المعاني,roots-4662:لبس:مقاييس — المحور,roots-4662:لبس:الأساس — المجاز,مَلْبَس,APPROVED,,
AR00907,كِسْوَة,اسم جامد,134,2935,ما يُكسى به البدن من الثياب.,كسو,فِعْلَةٌ,roots-4662:كسو:المحكم — المعاني,,,كِسْوَة,APPROVED,,WAZN_L2_005 ← فِعْلٌ
AR00909,زِينَة,اسم جامد,134,2937,ما يُتجمَّل به من الثياب الفاخرة والحُلِيّ، ومنه «خذوا زينتكم عند كل مسجد».,زين,فِعْلَةٌ,roots-4662:زين:المحكم — المعاني,roots-4662:زين:مقاييس — المحور,roots-4662:زين:الأساس — المجاز,زِينَة,APPROVED,,WAZN_L2_005 ← فِعْلٌ
AR00913,نِطَاق,اسم جامد,134,2942,شقّة من قماش تُشدّ على الوسط.,نطق,فِعَالٌ,roots-4662:نطق:المحكم — المعاني,roots-4662:نطق:مقاييس — المحور,roots-4662:نطق:الأساس — المجاز,نِطَاق,APPROVED,,
AR00916,خِمَار,اسم جامد,134,2943,ثوبٌ تغطي به المرأة رأسها.,خمر,فِعَالٌ,roots-4662:خمر:المحكم — المعاني,roots-4662:خمر:مقاييس — المحور,roots-4662:خمر:الأساس — المجاز,خِمَار,APPROVED,,
AR00917,شَال,اسم جامد,134,2944;3655;3667,قطعة نسيج تُلقى على الكتفين أو الرأس.,,,,,,شَال,APPROVED,,معرّب (فارسي)؛ لا جذر عربي له
AR00918,رِبَاط,اسم جامد,134,2976,ما يُشدّ به الشيء، ويراد هنا ما يُعقد على الساق ليمسك الجورب.,ربط,فِعَالٌ,roots-4662:ربط:المحكم — المعاني,roots-4662:ربط:مقاييس — المحور,roots-4662:ربط:الأساس — المجاز,رِبَاط,APPROVED,,يُخصَّص بالإضافة (رباط الجورب)
AR00920,سِرْوَال دَاخِلِيّ,تركيب,134,2985;2990;7201,سروال قصير يُلبس تحت الثياب ساتراً العورة.,,,,,,سِرْوَال دَاخِلِيّ,APPROVED,,
AR00921,كَنْزَة,اسم جامد,134,2992;2993;2995,ثوبٌ منسوج من صوف ونحوه ذو كمّين طويلين يُلبس على أعلى البدن.,,,,,,كَنْزَة,APPROVED,,دخيل غير مقطوع الأصل؛ مستعمل في العربية المعاصرة، فلا جذر يُثبت
AR00922,لِبَاس سِبَاحَة,تركيب,134,3026;11150,ما يُلبس عند السباحة.,,,,,,لِبَاس سِبَاحَة,APPROVED,,
AR00923,بِيكِينِي,اسم جامد,134,3030,لباس سباحة نسائي من قطعتين.,,,,,,بِيكِينِي,APPROVED,,دخيل/معرّب لا جذر عربي له
AR00924,جِلْبَاب,اسم جامد,134,3033,ثوبٌ واسع سابغ يُلبس فوق الثياب.,جلبب,فِعْلالٌ (رباعي),,,,جِلْبَاب,APPROVED,,
AR00928,تَنُّورَة قَصِيرَة,تركيب,134,3036,تنورة قصيرة جداً تعلو الركبتين.,,,,,,تَنُّورَة قَصِيرَة,APPROVED,,
AR00929,كِسَاء,اسم جامد,134,3057,ثوبٌ يُلتحف به أو يُكتسى، ويُطلق على اللباس عامة في الأسلوب الأدبي.,كسو,فِعَالٌ,roots-4662:كسو:المحكم — المعاني,,,كِسَاء,APPROVED,,
AR00930,رِيَاش,اسم جامد,134,3057,فاخر الثياب وحسنها، لفظ أدبي قديم.,ريش,فِعَالٌ,roots-4662:ريش:المحكم — المعاني,roots-4662:ريش:مقاييس — المحور,roots-4662:ريش:الأساس — المجاز,رِيَاش,APPROVED,,
AR00931,زِيّ,اسم جامد,134,3062;3067;3068;3383;3543,هيئة اللباس المميزة لفئة أو مقام أو زمان أو مكان.,زوي,فِعْلٌ,roots-4662:زوي:المحكم — المعاني,roots-4662:زوي:مقاييس — المحور,,زِيّ,APPROVED,,أصله زِوْيٌ على فِعْل
AR00932,حُلَّة كَهَنُوتِيَّة,تركيب,134,3066,ثوب يلبسه رجال الدين في الطقوس الكنسية.,,,,,,حُلَّة كَهَنُوتِيَّة,APPROVED,,
AR00933,لِبَاس دَاخِلِيّ,تركيب,134,3070;3071;3072;3073;3075;3355,ما يُلبس تحت الثياب ملاصقاً للجسد.,,,,,,لِبَاس دَاخِلِيّ,APPROVED,,
AR00934,قُفَّاز,اسم جامد,134,3140;3141;3142;3680,غطاءٌ لليد يُلبس عليها.,قفز,فُعَّالٌ,roots-4662:قفز:المحكم — المعاني,roots-4662:قفز:مقاييس — المحور,roots-4662:قفز:الأساس — المجاز,قُفَّاز,APPROVED,,يُخصَّص بالوصف (قفاز بلا أصابع منفصلة)
AR00936,مِمْطَر,اسم جامد,134,3349,ثوبٌ يُتوقّى به من المطر.,مطر,مِفْعَلٌ,roots-4662:مطر:المحكم — المعاني,roots-4662:مطر:مقاييس — النص,roots-4662:مطر:الأساس — المجاز,مِمْطَر,APPROVED,,
AR00937,مَنَامَة,اسم جامد,134,3350,ثياب النوم من سروال وقميص.,نوم,مَفْعَلَةٌ,roots-4662:نوم:المحكم — المعاني,roots-4662:نوم:مقاييس — المحور,roots-4662:نوم:الأساس — المجاز,مَنَامَة,APPROVED,,WAZN_L2_005 ← مَفْعَلٌ
AR00938,بِيجَامَة,اسم جامد,134,3350,ثياب النوم من سروال واسع وقميص.,,,,,,بِيجَامَة,APPROVED,,دخيل/معرّب لا جذر عربي له
AR00939,ثِيَاب النَّوْم,تركيب,134,3354,ما يُلبس عند النوم من الثياب.,,,,,,ثِيَاب النَّوْم,APPROVED,,
AR00940,قَمِيص دَاخِلِيّ,تركيب,134,3356,قميص خفيف يُلبس على أعلى البدن تحت الثياب.,,,,,,قَمِيص دَاخِلِيّ,APPROVED,,
AR00941,جِينْز,اسم جامد,134,3378,سروالٌ متين من نسيج قطني أزرق غالباً.,,,,,,جِينْز,APPROVED,,دخيل/معرّب لا جذر عربي له
AR00943,بَدْلَة عَمَل,تركيب,134,3379;3380,ثوب سابغ يُلبس فوق الثياب وقايةً أثناء العمل.,,,,,,بَدْلَة عَمَل,APPROVED,,
AR00944,حَمَّالَة صَدْر,تركيب,134,3395;3396,لباس نسائي داخلي يسند الثديين.,,,,,,حَمَّالَة صَدْر,APPROVED,,
AR00945,كِيمُونُو,اسم جامد,134,3402,ثوبٌ ياباني طويل واسع الأكمام يُشدّ بحزام.,,,,,,كِيمُونُو,APPROVED,,دخيل/معرّب لا جذر عربي له
AR00946,قُفْطَان,اسم جامد,134,3403,ثوبٌ طويل واسع يلبسه الرجال والنساء.,,,,,,قُفْطَان,APPROVED,,دخيل/معرّب لا جذر عربي له
AR00947,زِيّ رَسْمِيّ,تركيب,134,3542,لباس مميز موحّد يلبسه أفراد هيئة أو مؤسسة.,,,,,,زِيّ رَسْمِيّ,APPROVED,,
AR00948,زِيّ مُوَحَّد,تركيب,134,3542,لباس واحد الهيئة يلبسه المنتسبون إلى مدرسة أو هيئة.,,,,,,زِيّ مُوَحَّد,APPROVED,,
AR00949,زِيّ تَنَكُّرِيّ,تركيب,134,3543,لباس يُتنكَّر به في حفلة أو عرض.,,,,,,زِيّ تَنَكُّرِيّ,APPROVED,,
AR00950,هِنْدَام,اسم جامد,134,3545,هيئة الإنسان في لباسه وتأنّقه.,,,,,,هِنْدَام,APPROVED,,معرّب (فارسي)
AR00951,جُرْمُوق,اسم جامد,134,3548,خفٌّ صغير يُلبس فوق الخفّ أو الحذاء وقايةً.,,,,,,جُرْمُوق,APPROVED,,معرّب (فارسي)؛ يذكره المعجميون في (جرمق)
AR00952,خُفّ,اسم جامد,134,3552;3558;3670,ما يُلبس في القدم من جلد ونحوه ويستر الكعبين وقد يعلو الساق.,خفف,فُعْلٌ,roots-4662:خفف:المحكم — المعاني,roots-4662:خفف:مقاييس — المحور,roots-4662:خفف:الأساس — المجاز,خُفّ,APPROVED,,
AR00953,بَابُوج,اسم جامد,134,3552,نعلٌ ليّن يُلبس في البيت.,,,,,,بَابُوج,APPROVED,,دخيل/معرّب لا جذر عربي له (فارسي)
AR00954,نَعْل,اسم جامد,134,3553;3642,ما وُقِيَت به القدم من الأرض، يُشدّ بسيور أو شِسع بين الأصابع.,نعل,فَعْلٌ,roots-4662:نعل:المحكم — المعاني,roots-4662:نعل:مقاييس — المحور,roots-4662:نعل:الأساس — المجاز,نَعْل,APPROVED,,
AR00955,صَنْدَل,اسم جامد,134,3553,نعلٌ خفيف مفتوح تُشدّ إلى القدم بسيور.,,,,,,صَنْدَل,APPROVED,,دخيل/معرّب لا جذر عربي له
AR00956,حِذَاء رِيَاضِيّ,تركيب,134,3556,حذاء ليّن يُلبس للرياضة أو في الأحوال العادية.,,,,,,حِذَاء رِيَاضِيّ,APPROVED,,
AR00958,قَبْقَاب,اسم جامد,134,3561,نعلٌ متّخذ من خشب.,قبب,فَعْلالٌ (مضاعف),roots-4662:قبب:المحكم — المعاني,roots-4662:قبب:مقاييس — المحور,roots-4662:قبب:الأساس — المجاز,قَبْقَاب,APPROVED,,L2_011 root قبقب→قبب
AR00959,سَارِي,اسم جامد,134,3601,ثوبٌ نسائي هندي من شقّة طويلة تُلفّ على البدن.,,,,,,سَارِي,APPROVED,,دخيل/معرّب لا جذر عربي له
AR00961,سَمَل,اسم جامد,134,3646;3657,الثوب الخَلَق البالي.,سمل,فَعَلٌ,roots-4662:سمل:المحكم — المعاني,roots-4662:سمل:مقاييس — المحور,,سَمَل,APPROVED,,يُجمع على أَسْمَال
AR00964,مِنْدِيل,اسم جامد,134,3659;4058,قطعة قماش تُلفّ على العنق أو تُعقد عليه.,ندل,مِفْعِيلٌ,roots-4662:ندل:المحكم — المعاني,roots-4662:ندل:مقاييس — المحور,,مِنْدِيل,APPROVED,,يُخصَّص بالإضافة (منديل عنق)
AR00965,بِنْطَال رِيَاضِيّ,تركيب,134,3663,بنطال واسع مرن الخصر يُلبس للرياضة والراحة.,,,,,,بِنْطَال رِيَاضِيّ,APPROVED,,
AR00966,بَدْلَة رِيَاضِيَّة,تركيب,134,3665,طقم من سترة وبنطال يُلبس للرياضة أو الراحة.,,,,,,بَدْلَة رِيَاضِيَّة,APPROVED,,
AR00968,سِرْبَال,اسم جامد,134,,القميص أو كل ما يُلبس، لفظ قديم.,سربل,فِعْلالٌ (رباعي),v21:سربل:المحكم — المعاني,,,سِرْبَال,APPROVED,,AR_ONLY
AR00969,قَلَنْسُوَة,اسم جامد,134,,غطاءٌ يُلبس على الرأس.,قلس,فَعَنْلُوَةٌ,roots-4662:قلس:المحكم — المعاني,roots-4662:قلس:مقاييس — المحور,roots-4662:قلس:الأساس — المجاز,قَلَنْسُوَة,APPROVED,,AR_ONLY
AR00970,نِقَاب,اسم جامد,134,,ما تستر به المرأة وجهها إلا العينين.,نقب,فِعَالٌ,roots-4662:نقب:المحكم — المعاني,roots-4662:نقب:مقاييس — المحور,,نِقَاب,APPROVED,,AR_ONLY
AR00972,مِرْط,اسم جامد,134,,كساءٌ من صوف أو خزّ يُؤتزر به.,مرط,فِعْلٌ,roots-4662:مرط:المحكم — المعاني,roots-4662:مرط:مقاييس — المحور,,مِرْط,APPROVED,,AR_ONLY
AR00974,طَيْلَسَان,اسم جامد,134,,كساءٌ يُلقى على الرأس والكتفين.,,,,,,طَيْلَسَان,APPROVED,,AR_ONLY
AR00976,هَذَر,مصدر,39,567,كلام كثير فيه خلط وسقط.,هذر,فَعَلٌ,roots-4662:هذر:المحكم — المعاني,roots-4662:هذر:مقاييس — النص,,هَذَر,APPROVED,,
AR00977,لَغْو,مصدر,39,567,كلام ساقط لا يُعتدّ به ولا يُحصل منه على فائدة.,لغو,فَعْلٌ,roots-4662:لغو:المحكم — المعاني,roots-4662:لغو:مقاييس — المحور,roots-4662:لغو:الأساس — المجاز,لَغْو,APPROVED,,
AR00979,زَعَقَ,فعل,39,568;569;604;605;606;611;626,صاح بالكلام صياحًا حادًّا شديدًا.,زعق,فَعَلَ,roots-4662:زعق:المحكم — المعاني,roots-4662:زعق:مقاييس — المحور,,زَعَقَ,APPROVED,,
AR00982,تَذَمَّرَ,فعل,39,571;623,أظهر الشكوى والتبرّم بكلام فيه ضعف وإلحاح.,ذمر,تَفَعَّلَ,roots-4662:ذمر:المحكم — المعاني,roots-4662:ذمر:مقاييس — المحور,roots-4662:ذمر:الأساس — المجاز,تَذَمَّرَ,APPROVED,,
AR00984,نَهَقَ,فعل,39,573,تكلّم بصوت عالٍ خشن منكر.,نهق,فَعَلَ,roots-4662:نهق:المحكم — المعاني,roots-4662:نهق:مقاييس — المحور,,نَهَقَ,APPROVED,,استعماله في كلام الإنسان مجازي من صوت الحيوان
AR00986,هَذَى,فعل,39,574,تكلّم بكلام غير معقول ولا متّسق.,هذي,فَعَلَ,,roots-4662:هذي:مقاييس — النص,roots-4662:هذي:الأساس — المجاز,هَذَى,APPROVED,,معتل اللام
AR00988,غَرَّدَ,فعل,39,576;616;620,قال كلامًا بصوت رخيم مطرب كتغريد الطائر.,غرد,فَعَّلَ,roots-4662:غرد:المحكم — المعاني,roots-4662:غرد:مقاييس — المحور,,غَرَّدَ,APPROVED,,استعماله في كلام الإنسان مجازي من صوت الحيوان
AR00989,زَقْزَقَ,فعل,39,577,تكلّم بأصوات قصيرة حادّة متتابعة كأصوات العصافير.,زقق,فَعْلَلَ,roots-4662:زقق:المحكم — المعاني,roots-4662:زقق:مقاييس — المحور,roots-4662:زقق:الأساس — المجاز,زَقْزَقَ,APPROVED,,استعماله في كلام الإنسان مجازي من صوت الحيوان؛ يُذكر في بعض المعاجم رباعياً في مادة مستقلة
AR00990,ضَحِكَ,فعل,39,578,أظهر بصوته انبساطًا أو سخرية مصاحبًا لكلامه.,ضحك,فَعِلَ,v21:ضحك:المحكم — المعاني,v21:ضحك:مقاييس — النص,v21:ضحك:الأساس — المجاز,ضَحِكَ,APPROVED,,يُقيَّد بالحال لإفادة الخفوت
AR00991,طَقْطَقَ بِلِسَانِه,تركيب,39,579,أحدث بلسانه صوتًا متكررًا يعبّر به عن الاستنكار أو القلق.,,,,,,طَقْطَقَ بِلِسَانِه,APPROVED,,
AR00992,نَاغَى,فعل,39,580,كلّم غيره بصوت ليّن رقيق كما يُكلَّم الطفل.,نغي,فَاعَلَ,roots-4662:نغي:المحكم — المعاني,roots-4662:نغي:مقاييس — النص,roots-4662:نغي:الأساس — المجاز,نَاغَى,APPROVED,,معتل اللام
AR00993,هَدَلَ,فعل,39,580,تكلّم بصوت رخيم ليّن متردّد كهديل الحمام.,هدل,فَعَلَ,roots-4662:هدل:المحكم — المعاني,roots-4662:هدل:مقاييس — المحور,,هَدَلَ,APPROVED,,استعماله في كلام الإنسان مجازي من صوت الحيوان
AR00994,نَعَقَ,فعل,39,581,تكلّم بصوت أجشّ منكر.,نعق,فَعَلَ,roots-4662:نعق:المحكم — المعاني,roots-4662:نعق:مقاييس — المحور,,نَعَقَ,APPROVED,,استعماله في كلام الإنسان مجازي من صوت الحيوان
AR00995,تَكَلَّمَ بِصَوْتٍ أَجَشّ,تركيب,39,581;587;599,قال كلامه بصوت غليظ خشن فيه بحّة.,,,,,,تَكَلَّمَ بِصَوْتٍ أَجَشّ,APPROVED,,
AR00996,دَنْدَنَ,فعل,39,582;585,تكلّم أو ترنّم بصوت خافت متصل لا يكاد يُفهم.,دنن,فَعْلَلَ,roots-4662:دنن:المحكم — المعاني,roots-4662:دنن:مقاييس — المحور,,دَنْدَنَ,APPROVED,,يُذكر في بعض المعاجم رباعياً في مادة مستقلة
AR00997,تَرَنَّمَ,فعل,39,582,رجّع صوته بالكلام في لين وتطريب.,رنم,تَفَعَّلَ,roots-4662:رنم:المحكم — المعاني,roots-4662:رنم:مقاييس — النص,roots-4662:رنم:الأساس — المجاز,تَرَنَّمَ,APPROVED,,
AR01000,لَهَثَ,فعل,39,586,أخرج نفسه متتابعًا بصوت مسموع وهو يتكلّم من تعب أو جهد.,لهث,فَعَلَ,roots-4662:لهث:المحكم — المعاني,roots-4662:لهث:مقاييس — النص,roots-4662:لهث:الأساس — المجاز,لَهَثَ,APPROVED,,
AR01004,دَمْدَمَ,فعل,39,589;602,تكلّم بصوت غليظ متصل فيه غضب.,دمم,فَعْلَلَ,roots-4662:دمم:المحكم — المعاني,roots-4662:دمم:مقاييس — المحور,roots-4662:دمم:الأساس — المجاز,دَمْدَمَ,APPROVED,,يُذكر في بعض المعاجم رباعياً في مادة مستقلة
AR01005,نَخَرَ,فعل,39,590;608,أخرج صوتًا من أنفه مع كلامه استنكارًا أو غضبًا.,نخر,فَعَلَ,roots-4662:نخر:المحكم — المعاني,roots-4662:نخر:مقاييس — المحور,roots-4662:نخر:الأساس — المجاز,نَخَرَ,APPROVED,,
AR01006,هَمْهَمَ,فعل,39,590;596,أخرج كلامًا خفيًّا يردّده في صدره لا يكاد يُفهم.,همم,فَعْلَلَ,roots-4662:همم:المحكم — المعاني,,,هَمْهَمَ,APPROVED,,يُذكر في بعض المعاجم رباعياً في مادة مستقلة
AR01007,غَرْغَرَ,فعل,39,591,تكلّم وفي حلقه صوت كتردّد الماء.,غرر,فَعْلَلَ,roots-4662:غرر:المحكم — المعاني,roots-4662:غرر:مقاييس — المحور,roots-4662:غرر:الأساس — المجاز,غَرْغَرَ,APPROVED,,يُذكر في بعض المعاجم رباعياً في مادة مستقلة
AR01008,فَحَّ,فعل,39,592,قال كلامه بصوت حادّ من بين أسنانه تعبيرًا عن الغيظ أو الاستهزاء.,فحح,فَعَلَ,roots-4662:فحح:المحكم — المعاني,roots-4662:فحح:مقاييس — النص,,فَحَّ,APPROVED,,استعماله في كلام الإنسان مجازي من صوت الحيوان
AR01011,وَلْوَلَ,فعل,39,594;619,رفع صوته بالصياح والدعاء بالويل جزعًا.,ولول,فَعْلَلَ,v21:ولول:المحكم — المعاني,,v21:ولول:الأساس — المجاز,وَلْوَلَ,APPROVED,,يُذكر في بعض المعاجم رباعياً في مادة مستقلة | L2_011 root ولل→ولول
AR01013,غَمْغَمَ,فعل,39,596,تكلّم كلامًا لا يتبيّن من خفائه.,غمم,فَعْلَلَ,roots-4662:غمم:المحكم — المعاني,roots-4662:غمم:مقاييس — المحور,roots-4662:غمم:الأساس — المجاز,غَمْغَمَ,APPROVED,,يُذكر في بعض المعاجم رباعياً في مادة مستقلة
AR01014,خَرْخَرَ,فعل,39,597,تكلّم بصوت ليّن متردّد كخرخرة الهرّ.,خرر,فَعْلَلَ,roots-4662:خرر:المحكم — المعاني,roots-4662:خرر:مقاييس — المحور,roots-4662:خرر:الأساس — المجاز,خَرْخَرَ,APPROVED,,استعماله في كلام الإنسان مجازي من صوت الحيوان؛ يُذكر في بعض المعاجم رباعياً في مادة مستقلة
AR01015,قَالَ بِحِدَّة,تركيب,39,598,تكلّم بكلام قصير حادّ مفاجئ.,,,,,,قَالَ بِحِدَّة,APPROVED,,
AR01016,هَذْرَمَ,فعل,39,600;609,أسرع في كلامه حتى تتلاحق كلماته.,هذرم,فَعْلَلَ,,,,هَذْرَمَ,APPROVED,,
AR01017,زَأَرَ,فعل,39,601,صاح بصوت شديد غليظ من غضب.,زءر,فَعَلَ,roots-4662:زءر:المحكم — المعاني,roots-4662:زءر:مقاييس — المحور,roots-4662:زءر:الأساس — المجاز,زَأَرَ,APPROVED,,استعماله في كلام الإنسان مجازي من صوت الحيوان
AR01018,هَدَرَ,فعل,39,601;602,تكلّم بصوت عميق متصل مدوٍّ.,هدر,فَعَلَ,roots-4662:هدر:المحكم — المعاني,roots-4662:هدر:مقاييس — النص,roots-4662:هدر:الأساس — المجاز,هَدَرَ,APPROVED,,
AR01019,تَلَعْثَمَ,فعل,39,609;610,تكلّم متقطعًا متعثّرًا لا يُبين كلامه.,لعثم,تَفَعْلَلَ,,,,تَلَعْثَمَ,APPROVED,,
AR01020,قَالَ بِصَوْتٍ رَفِيع,تركيب,39,612;613,تكلّم بصوت حادّ دقيق.,,,,,,قَالَ بِصَوْتٍ رَفِيع,APPROVED,,
AR01021,أَرْعَدَ,فعل,39,614,تكلّم بصوت عالٍ غاضب متوعّد.,رعد,أَفْعَلَ,roots-4662:رعد:المحكم — المعاني,roots-4662:رعد:مقاييس — المحور,roots-4662:رعد:الأساس — المجاز,أَرْعَدَ,APPROVED,,من قولهم: أرعد وأبرق
AR01023,ضَحِكَ ضِحْكَةً مَكْتُومَة,تركيب,39,615,ضحك ضحكًا خافتًا متقطعًا يكتمه.,,,,,,ضَحِكَ ضِحْكَةً مَكْتُومَة,APPROVED,,
AR01024,رَجَّعَ,فعل,39,616;620,ردّد صوته في حلقه بالكلام أو الغناء ترديدًا مرتعشًا.,رجع,فَعَّلَ,roots-4662:رجع:المحكم — المعاني,roots-4662:رجع:مقاييس — المحور,roots-4662:رجع:الأساس — المجاز,رَجَّعَ,APPROVED,,
AR01027,نَاحَ,فعل,39,619,رفع صوته بالبكاء والتفجّع.,نوح,فَعَلَ,roots-4662:نوح:المحكم — المعاني,roots-4662:نوح:مقاييس — المحور,roots-4662:نوح:الأساس — المجاز,نَاحَ,APPROVED,,أجوف واوي
AR01029,حَشْرَجَ,فعل,39,621,تكلّم وفي صدره صوت متردّد كالغرغرة من ضيق النفس.,حشرج,فَعْلَلَ,,,,حَشْرَجَ,APPROVED,,
AR01030,نَشَجَ,فعل,39,622,بكى بصوت متقطع خافت يتردّد في صدره.,نشج,فَعَلَ,roots-4662:نشج:المحكم — المعاني,roots-4662:نشج:مقاييس — المحور,roots-4662:نشج:الأساس — المجاز,نَشَجَ,APPROVED,,
AR01031,هَتَفَ,فعل,39,624,صاح بصوت عالٍ تعبيرًا عن الفرح أو الحماسة.,هتف,فَعَلَ,roots-4662:هتف:المحكم — المعاني,roots-4662:هتف:مقاييس — النص,,هَتَفَ,APPROVED,,
AR01032,هَلَّلَ,فعل,39,624,رفع صوته فرحًا وابتهاجًا.,هلل,فَعَّلَ,roots-4662:هلل:المحكم — المعاني,roots-4662:هلل:مقاييس — المحور,roots-4662:هلل:الأساس — المجاز,هَلَّلَ,APPROVED,,
AR01034,لَجْلَجَ,فعل,39,,ردّد كلامه في فيه ولم يُبنه.,لجج,فَعْلَلَ,roots-4662:لجج:المحكم — المعاني,roots-4662:لجج:مقاييس — المحور,roots-4662:لجج:الأساس — المجاز,لَجْلَجَ,APPROVED,,AR_ONLY؛ يُذكر في بعض المعاجم رباعياً في مادة مستقلة
AR01036,حَقِيبَة ظَهْر,تركيب,78,1665;1684;4417,حقيبة ذات حمالتين تُحمل على الظهر في السفر والتنزه.,,,,,,حَقِيبَة ظَهْر,APPROVED,,
AR01040,صُنْدُوق,اسم جامد,78,1670;1673;4229;4238;4243,صندوق صغير مزخرف تُحفظ فيه النفائس.,صندق,فُعْلُولٌ (رباعي),,,,صُنْدُوق,APPROVED,,
AR01042,قِنِّينَة,اسم جامد,78,1678;4227;4419,إناء من زجاج ضيّق العنق تُحفظ فيه السوائل.,قنن,فِعِّيلَةٌ,roots-4662:قنن:المحكم — المعاني,roots-4662:قنن:مقاييس — النص,roots-4662:قنن:الأساس — المجاز,قِنِّينَة,APPROVED,,WAZN_L2_005 ← فِعِّيلٌ
AR01045,قَدَح,اسم جامد,78,1680;4247,إناء يُشرب فيه الماء ونحوه.,قدح,فَعَلٌ,roots-4662:قدح:المحكم — المعاني,,roots-4662:قدح:الأساس — المجاز,قَدَح,APPROVED,,
AR01046,حَقِيبَة يَد,تركيب,78,1681,حقيبة صغيرة تحمل فيها المرأة حاجاتها اليومية.,,,,,,حَقِيبَة يَد,APPROVED,,
AR01048,مِغْرَفَة,اسم جامد,78,1685,أداة ذات مقبض طويل وتجويف كبير يُغرف بها المرق والسائل الحار.,غرف,مِفْعَلَةٌ,roots-4662:غرف:المحكم — المعاني,roots-4662:غرف:مقاييس — النص,roots-4662:غرف:الأساس — المجاز,مِغْرَفَة,APPROVED,,WAZN_L2_005 ← مِفْعَلٌ
AR01049,خِزَانَة,اسم جامد,78,1686;4454,موضع مغلق يُقفل تُحفظ فيه الثياب والأمتعة.,خزن,فِعَالَةٌ,roots-4662:خزن:المحكم — المعاني,roots-4662:خزن:مقاييس — المحور,roots-4662:خزن:الأساس — المجاز,خِزَانَة,APPROVED,,WAZN_L2_005 ← فِعَالٌ
AR01050,كُوب,اسم جامد,78,1687;4247;4423,إناء أسطواني كبير ذو عروة يُشرب فيه.,كوب,فُعْلٌ,roots-4662:كوب:المحكم — المعاني,roots-4662:كوب:مقاييس — النص,,كُوب,APPROVED,,
AR01051,قِدْر,اسم جامد,78,1690;4310;7202,إناء يُطبخ فيه الطعام.,قدر,فِعْلٌ,roots-4662:قدر:المحكم — المعاني,roots-4662:قدر:مقاييس — المحور,roots-4662:قدر:الأساس — المجاز,قِدْر,APPROVED,,
AR01055,خَزَّان,اسم جامد,78,1692;4453,وعاء كبير يُخزّن فيه الماء أو السائل أو الغاز.,خزن,فَعَّالٌ,roots-4662:خزن:المحكم — المعاني,roots-4662:خزن:مقاييس — المحور,roots-4662:خزن:الأساس — المجاز,خَزَّان,APPROVED,,
AR01056,صِهْرِيج,اسم جامد,78,1692;4453,وعاء كبير يُحبس فيه الماء أو السائل.,صهرج,فِعْلِيلٌ (رباعي),,,,صِهْرِيج,APPROVED,,
AR01057,كِيس,اسم جامد,78,1693;4221;4418,وعاء كبير من خيش أو ورق غليظ تُحفظ فيه السلع وتُنقل.,كيس,فِعْلٌ,roots-4662:كيس:المحكم — المعاني,roots-4662:كيس:مقاييس — المحور,roots-4662:كيس:الأساس — المجاز,كِيس,APPROVED,,
AR01058,غِرَارَة,اسم جامد,78,1693,وعاء كبير من صوف أو شعر يُجعل فيه الحبّ والتبن ونحوهما.,غرر,فِعَالَةٌ,roots-4662:غرر:المحكم — المعاني,roots-4662:غرر:مقاييس — المحور,roots-4662:غرر:الأساس — المجاز,غِرَارَة,APPROVED,,WAZN_L2_005 ← فِعَالٌ
AR01059,حَقِيبَة مَدْرَسِيَّة,تركيب,78,1694,حقيبة تُحمل على الكتف أو الظهر تُجعل فيها كتب المدرسة.,,,,,,حَقِيبَة مَدْرَسِيَّة,APPROVED,,
AR01060,مِلْعَقَة,اسم جامد,78,1698,أداة ذات تجويف صغير ومقبض يُتناول بها الطعام ويُحرَّك.,لعق,مِفْعَلَةٌ,roots-4662:لعق:المحكم — المعاني,roots-4662:لعق:مقاييس — المحور,roots-4662:لعق:الأساس — المجاز,مِلْعَقَة,APPROVED,,WAZN_L2_005 ← مِفْعَلٌ
AR01062,حَقِيبَة سَفَر,تركيب,78,1699,حقيبة ذات مقبض وغطاء تُحمل فيها الثياب والأمتعة في السفر.,,,,,,حَقِيبَة سَفَر,APPROVED,,
AR01064,مِلْعَقَة شَاي,تركيب,78,2023,ملعقة صغيرة يُحرَّك بها الشاي ونحوه.,,,,,,مِلْعَقَة شَاي,APPROVED,,
AR01065,أَمْبُولَة,اسم جامد,78,4208,قارورة زجاجية صغيرة مختومة تُحفظ فيها جرعة من الدواء.,,,,,,أَمْبُولَة,APPROVED,,دخيل مستقر في الفصحى المعاصرة؛ لا لفظ عربي أصيل بهذا المعنى
AR01066,مِنْفَضَة,اسم جامد,78,4209,إناء صغير يُنفض فيه رماد السجائر.,نفض,مِفْعَلَةٌ,roots-4662:نفض:المحكم — المعاني,roots-4662:نفض:مقاييس — المحور,roots-4662:نفض:الأساس — المجاز,مِنْفَضَة,APPROVED,,WAZN_L2_005 ← مِفْعَلٌ
AR01068,بِرْمِيل,اسم جامد,78,4222;4250;4263,وعاء أسطواني كبير من خشب أو معدن تُخزّن فيه السوائل.,,,,,,بِرْمِيل,APPROVED,,مولّد مستقر في الفصحى المعاصرة؛ أصله غير عربي على الأرجح، ولا لفظ أصيل للوعاء الأسطواني ذي الأضلاع
AR01069,دَنّ,اسم جامد,78,4222;4250;4288,وعاء ضخم يُحفظ فيه الشراب والسوائل.,دنن,فَعْلٌ,roots-4662:دنن:المحكم — المعاني,roots-4662:دنن:مقاييس — المحور,,دَنّ,APPROVED,,
AR01071,حَوْض,اسم جامد,78,4223;4424;18679,وعاء واسع مفتوح يُجمع فيه الماء ونحوه.,حوض,فَعْلٌ,v21:حوض:المحكم — المعاني,v21:حوض:مقاييس — النص,v21:حوض:الأساس — المجاز,حَوْض,APPROVED,,
AR01072,سَلَّة,اسم جامد,78,4224;4270,وعاء مضفور من القصب أو الخوص أو نحوهما تُحمل فيه الأشياء.,سلل,فَعْلَةٌ,roots-4662:سلل:المحكم — المعاني,roots-4662:سلل:مقاييس — المحور,,سَلَّة,APPROVED,,WAZN_L2_005 ← فَعْلٌ
AR01073,قُفَّة,اسم جامد,78,4224,وعاء مضفور من الخوص يُحمل فيه المتاع.,قفف,فُعْلَةٌ,roots-4662:قفف:المحكم — المعاني,roots-4662:قفف:مقاييس — المحور,,قُفَّة,APPROVED,,WAZN_L2_005 ← فُعْلٌ
AR01075,سَلَّة مُهْمَلَات,تركيب,78,4226,سلة يُلقى فيها ما لا حاجة إليه.,,,,,,سَلَّة مُهْمَلَات,APPROVED,,
AR01076,زُجَاجَة,اسم جامد,78,4227,إناء من زجاج ضيّق الفم تُحفظ فيه السوائل.,زجج,فُعَالَةٌ,roots-4662:زجج:المحكم — المعاني,roots-4662:زجج:مقاييس — المحور,roots-4662:زجج:الأساس — المجاز,زُجَاجَة,APPROVED,,WAZN_L2_005 ← فُعَالٌ
AR01077,قَارُورَة,اسم جامد,78,4227;4419,إناء من زجاج تستقر فيه السوائل.,قرر,فَاعُولَةٌ,roots-4662:قرر:المحكم — المعاني,roots-4662:قرر:مقاييس — المحور,roots-4662:قرر:الأساس — المجاز,قَارُورَة,APPROVED,,WAZN_L2_005 ← فَاعُولٌ
AR01078,قَصْعَة,اسم جامد,78,4228,إناء مقعّر واسع يُوضع فيه الطعام.,قصع,فَعْلَةٌ,roots-4662:قصع:المحكم — المعاني,roots-4662:قصع:مقاييس — المحور,roots-4662:قصع:الأساس — المجاز,قَصْعَة,APPROVED,,WAZN_L2_005 ← فَعْلٌ
AR01080,دَلْو,اسم جامد,78,4231;4421,إناء ذو مقبض يُستقى به الماء ويُحمل.,دلو,فَعْلٌ,roots-4662:دلو:المحكم — المعاني,,,دَلْو,APPROVED,,
AR01083,زَمْزَمِيَّة,اسم جامد,78,4233,وعاء يحمل فيه المسافر أو الجندي ماءه.,زمم,فَعْلَلِيَّةٌ,roots-4662:زمم:المحكم — المعاني,roots-4662:زمم:مقاييس — المحور,roots-4662:زمم:الأساس — المجاز,زَمْزَمِيَّة,APPROVED,,منسوبة إلى زمزم، وتذكر المعاجم زمزم في مادة زمم | WAZN ← L2_007 نسبة فَعْلَلٌ
AR01085,خَرْطُوشَة,اسم جامد,78,4236,غلاف يُركَّب في جهاز ويحوي مادة يستعملها الجهاز.,,,,,,خَرْطُوشَة,APPROVED,,دخيل مستقر في الفصحى المعاصرة؛ لا لفظ عربي أصيل بهذا المعنى
AR01086,غِلَاف,اسم جامد,78,4237,ما يُجعل فيه الشيء ليحفظه ويصونه.,غلف,فِعَالٌ,roots-4662:غلف:المحكم — المعاني,roots-4662:غلف:مقاييس — النص,,غِلَاف,APPROVED,,
AR01087,تَابُوت,اسم جامد,78,4239;4287,صندوق يوضع فيه الميت.,تبت,فَاعُولٌ,,,,تَابُوت,APPROVED,,في لسان العرب تحت تبت، وقيل أصله تَأْبُوَة على فَعْلُوَة من توب
AR01088,وِعَاء,اسم جامد,78,4241,كل ما يُجعل فيه شيء ليحويه أو يُنقل به.,وعي,فِعَالٌ,roots-4662:وعي:المحكم — المعاني,roots-4662:وعي:مقاييس — المحور,,وِعَاء,APPROVED,,
AR01091,بُوتَقَة,اسم جامد,78,4245,وعاء يُصهر فيه المعدن ونحوه على نار شديدة.,,,,,,بُوتَقَة,APPROVED,,معرّب مستقر في الفصحى؛ ويقال في القديم بُوطَة وهي معرّبة أيضاً
AR01092,مِمْلَحَة,اسم جامد,78,4246,إناء صغير يوضع فيه الملح على المائدة.,ملح,مِفْعَلَةٌ,roots-4662:ملح:المحكم — المعاني,roots-4662:ملح:مقاييس — النص,roots-4662:ملح:الأساس — المجاز,مِمْلَحَة,APPROVED,,WAZN_L2_005 ← مِفْعَلٌ
AR01100,مُوَزِّع,اسم فاعل,78,4262,جهاز يخزن مادة ويُخرج منها مقداراً محدداً عند الحاجة.,وزع,مُفَعِّلٌ,roots-4662:وزع:المحكم — المعاني,roots-4662:وزع:مقاييس — النص,roots-4662:وزع:الأساس — المجاز,مُوَزِّع,APPROVED,,WAZN ← L2_006 فا من فَعَّلَ
AR01101,ظَرْف بَرِيدِيّ,تركيب,78,4278,ظرف تُرسل فيه الأشياء بالبريد.,,,,,,ظَرْف بَرِيدِيّ,APPROVED,,
AR01102,نَاوُوس,اسم جامد,78,4287,تابوت من حجر يُدفن فيه الميت.,نوس,فَاعُولٌ,roots-4662:نوس:المحكم — المعاني,roots-4662:نوس:مقاييس — المحور,,نَاوُوس,APPROVED,,
AR01103,خُرْج,اسم جامد,78,4301,وعاء ذو جانبين يوضع على ظهر الدابة.,خرج,فُعْلٌ,roots-4662:خرج:المحكم — المعاني,roots-4662:خرج:مقاييس — المحور,roots-4662:خرج:الأساس — المجاز,خُرْج,APPROVED,,
AR01104,سَمَاوَر,اسم جامد,78,4305,وعاء معدني مزخرف يُغلى فيه ماء الشاي.,,,,,,سَمَاوَر,APPROVED,,دخيل مستقر في الفصحى المعاصرة؛ لا لفظ عربي أصيل بهذا المعنى
AR01105,تِرْمُس,اسم جامد,78,4307,وعاء يحفظ حرارة ما فيه من شراب.,,,,,,تِرْمُس,APPROVED,,دخيل مستقر في الفصحى المعاصرة؛ لا لفظ عربي أصيل بهذا المعنى
AR01106,مِرْجَل,اسم جامد,78,4310,قدر عظيمة من نحاس أو حجر يُغلى فيها.,رجل,مِفْعَلٌ,roots-4662:رجل:المحكم — المعاني,roots-4662:رجل:مقاييس — المحور,roots-4662:رجل:الأساس — المجاز,مِرْجَل,APPROVED,,
AR01107,طَاجِن,اسم جامد,78,4312,إناء ذو غطاء يُطهى فيه الطعام على نار هادئة.,طجن,فَاعِلٌ,v21:طجن:المحكم — المعاني,,,طَاجِن,APPROVED,,معرّب قديم تذكره المعاجم في مادة طجن
AR01108,مِلَفّ,اسم جامد,78,4416,غلاف مطوي تُحفظ فيه الأوراق.,لفف,مِفْعَلٌ,roots-4662:لفف:المحكم — المعاني,roots-4662:لفف:مقاييس — المحور,,مِلَفّ,APPROVED,,
AR01109,مَزْهَرِيَّة,اسم جامد,78,4420,إناء للزينة تُوضع فيه الأزهار.,زهر,مَفْعَلِيَّةٌ,roots-4662:زهر:المحكم — المعاني,roots-4662:زهر:مقاييس — المحور,roots-4662:زهر:الأساس — المجاز,مَزْهَرِيَّة,APPROVED,,WAZN ← L2_007 نسبة مَفْعَلٌ
AR01110,مَاصَّة,اسم فاعل,78,4422,أنبوب دقيق يُسحب به السائل ويُنقل بمقدار.,مصص,فَاعِلَةٌ,roots-4662:مصص:المحكم — المعاني,roots-4662:مصص:مقاييس — المحور,roots-4662:مصص:الأساس — المجاز,مَاصَّة,APPROVED,,WAZN_L2_005 ← فَاعِلٌ
AR01111,زُجَاجَة نَبِيذ,تركيب,78,4441,زجاجة يُعبّأ فيها النبيذ.,,,,,,زُجَاجَة نَبِيذ,APPROVED,,
AR01112,خِزَانَة أَدْرَاج,تركيب,78,4442,قطعة أثاث ذات أدراج تُحفظ فيها الأمتعة.,,,,,,خِزَانَة أَدْرَاج,APPROVED,,
AR01113,قِرْبَة مَاء سَاخِن,تركيب,78,4443,وعاء ليّن يُملأ ماءً ساخناً للتدفئة.,,,,,,قِرْبَة مَاء سَاخِن,APPROVED,,
AR01114,خَزْنَة,اسم جامد,78,4454,صندوق حديدي محكم القفل تُحفظ فيه الأموال والنفائس.,خزن,فَعْلَةٌ,roots-4662:خزن:المحكم — المعاني,roots-4662:خزن:مقاييس — المحور,roots-4662:خزن:الأساس — المجاز,خَزْنَة,APPROVED,,WAZN_L2_005 ← فَعْلٌ
AR01115,أَصِيص,اسم جامد,78,4455,إناء يُزرع فيه النبات.,ءصص,فَعِيلٌ,v21:أصص:المحكم — المعاني,v21:أصص:مقاييس — المحور,,أَصِيص,APPROVED,,
AR01117,دُرْج,اسم جامد,78,11155,صندوق بلا غطاء ينزلق في المكتب أو الخزانة.,درج,فُعْلٌ,roots-4662:درج:المحكم — المعاني,roots-4662:درج:مقاييس — المحور,roots-4662:درج:الأساس — المجاز,دُرْج,APPROVED,,
AR01118,حَوْض سَمَك,تركيب,78,18374,حوض زجاجي يُربّى فيه السمك.,,,,,,حَوْض سَمَك,APPROVED,,
AR01119,مِرْكَن,اسم جامد,78,18679,إناء واسع تُغسل فيه الثياب.,ركن,مِفْعَلٌ,roots-4662:ركن:المحكم — المعاني,roots-4662:ركن:مقاييس — المحور,roots-4662:ركن:الأساس — المجاز,مِرْكَن,APPROVED,,
AR01120,قِرْبَة,اسم جامد,78,,وعاء من جلد يُحمل فيه الماء.,قرب,فِعْلَةٌ,roots-4662:قرب:المحكم — المعاني,roots-4662:قرب:مقاييس — المحور,roots-4662:قرب:الأساس — المجاز,قِرْبَة,APPROVED,,AR_ONLY | WAZN_L2_005 ← فِعْلٌ
AR01121,زِقّ,اسم جامد,78,,وعاء من جلد يُجعل فيه الشراب أو السمن.,زقق,فِعْلٌ,roots-4662:زقق:المحكم — المعاني,roots-4662:زقق:مقاييس — المحور,roots-4662:زقق:الأساس — المجاز,زِقّ,APPROVED,,AR_ONLY
AR01122,كُوز,اسم جامد,78,,إناء صغير ذو عروة يُشرب فيه.,كوز,فُعْلٌ,roots-4662:كوز:المحكم — المعاني,roots-4662:كوز:مقاييس — المحور,,كُوز,APPROVED,,AR_ONLY
AR01123,قُلَّة,اسم جامد,78,,جرة صغيرة من فخار يُبرَّد فيها الماء.,قلل,فُعْلَةٌ,roots-4662:قلل:المحكم — المعاني,roots-4662:قلل:مقاييس — المحور,roots-4662:قلل:الأساس — المجاز,قُلَّة,APPROVED,,AR_ONLY | WAZN_L2_005 ← فُعْلٌ
AR01126,مُكْحُلَة,اسم جامد,78,,وعاء صغير يُجعل فيه الكحل.,كحل,مُفْعُلَةٌ,roots-4662:كحل:المحكم — المعاني,roots-4662:كحل:مقاييس — المحور,roots-4662:كحل:الأساس — المجاز,مُكْحُلَة,APPROVED,,AR_ONLY | WAZN_L2_005 ← مُفْعُلٌ
AR01129,رَدِيء,صفة مشبهة,354,6123;6134;6147;6219;6288;6297;6666;6669;16190,ناقص الجودة فاسد الصنعة.,ردء,فَعِيلٌ,roots-4662:ردء:المحكم — المعاني,,roots-4662:ردء:الأساس — المجاز,رَدِيء,APPROVED,,
AR01130,رَائِع,اسم فاعل,354,6126;6129;6135;6139;6142;6221;6283;6284;6286;6313;6316;7652;14588;18802,بالغ الحسن والجودة يثير الإعجاب.,روع,فَاعِلٌ,roots-4662:روع:المحكم — المعاني,roots-4662:روع:مقاييس — المحور,roots-4662:روع:الأساس — المجاز,رَائِع,APPROVED,,
AR01132,فَائِق,اسم فاعل,354,6127;6128,عالٍ في جودته يعلو على غيره.,فوق,فَاعِلٌ,roots-4662:فوق:المحكم — المعاني,roots-4662:فوق:مقاييس — المحور,roots-4662:فوق:الأساس — المجاز,فَائِق,APPROVED,,
AR01133,مُمْتَاز,اسم فاعل,354,6127;6128;6284;6285;6312;6313;6673;6674,بالغ الجودة متقدم على نظائره.,ميز,مُفْتَعِلٌ,roots-4662:ميز:المحكم — المعاني,roots-4662:ميز:مقاييس — المحور,roots-4662:ميز:الأساس — المجاز,مُمْتَاز,APPROVED,,مُمْتَاز يصلح وزنه للفاعل والمفعول؛ رجّح الفاعل | WAZN ← L2_006 فا من اِفْتَعَلَ
AR01134,مُذْهِل,اسم فاعل,354,6129;6140;6144;6282;6298;6734;7652;18801;18802,بالغ الجودة حتى يدهش الناظر.,ذهل,مُفْعِلٌ,roots-4662:ذهل:المحكم — المعاني,roots-4662:ذهل:مقاييس — المحور,,مُذْهِل,APPROVED,,WAZN ← L2_006 فا من أَفْعَلَ
AR01135,مُتَمَيِّز,اسم فاعل,354,6130;18795,بارز الجودة ظاهر الفضل على غيره.,ميز,مُتَفَعِّلٌ,roots-4662:ميز:المحكم — المعاني,roots-4662:ميز:مقاييس — المحور,roots-4662:ميز:الأساس — المجاز,مُتَمَيِّز,APPROVED,,WAZN ← L2_006 فا من تَفَعَّلَ
AR01136,فَذّ,صفة مشبهة,354,6130,فريد في جودته لا نظير له.,فذذ,فَعْلٌ,roots-4662:فذذ:المحكم — المعاني,roots-4662:فذذ:مقاييس — المحور,,فَذّ,APPROVED,,
AR01137,مُزْرِي,اسم فاعل,354,6131,حقير الحال يدعو إلى الاستخفاف.,زري,مُفْعِلٌ,roots-4662:زري:المحكم — المعاني,roots-4662:زري:مقاييس — المحور,,مُزْرِي,APPROVED,,أصله مُزْرٍ | WAZN ← L2_006 فا من أَفْعَلَ
AR01138,فَظِيع,صفة مشبهة,354,6133;6137;6219;6272;6280;17637,شديد القبح بالغ السوء.,فظع,فَعِيلٌ,roots-4662:فظع:المحكم — المعاني,roots-4662:فظع:مقاييس — النص,,فَظِيع,APPROVED,,
AR01139,مُرِيع,اسم فاعل,354,6133;6280,بالغ السوء يفزع منه.,روع,مُفْعِلٌ,roots-4662:روع:المحكم — المعاني,roots-4662:روع:مقاييس — المحور,roots-4662:روع:الأساس — المجاز,مُرِيع,APPROVED,,WAZN ← L2_006 فا من أَفْعَلَ
AR01141,خَيَالِيّ,اسم منسوب,354,6135,بالغ الحسن حتى كأنه من نسج الخيال.,خيل,فَعَالِيٌّ,roots-4662:خيل:المحكم — المعاني,roots-4662:خيل:مقاييس — المحور,,خَيَالِيّ,APPROVED,,POS_L2_007:NISBA | WAZN ← L2_007 نسبة فَعَالٍ
AR01142,سَيِّئ,صفة مشبهة,354,6137;6147;6288,قبيح الصفة غير مرضيّ.,سوء,فَيْعِلٌ,roots-4662:سوء:المحكم — المعاني,,,سَيِّئ,APPROVED,,WAZN ← L2_015 المالك
AR01146,مُدْهِش,اسم فاعل,354,6144;6298,يثير التعجب لحسنه البالغ.,دهش,مُفْعِلٌ,roots-4662:دهش:المحكم — المعاني,roots-4662:دهش:مقاييس — النص,,مُدْهِش,APPROVED,,WAZN ← L2_006 فا من أَفْعَلَ
AR01148,مِنَ الدَّرَجَةِ الْأُولَى,تركيب,354,6285,في أعلى مراتب الجودة.,,,,,,مِنَ الدَّرَجَةِ الْأُولَى,APPROVED,,
AR01149,هَائِل,اسم فاعل,354,6286,عظيم في قدره وجودته.,هول,فَاعِلٌ,roots-4662:هول:المحكم — المعاني,roots-4662:هول:مقاييس — المحور,roots-4662:هول:الأساس — المجاز,هَائِل,APPROVED,,دلالة الاستحسان حادثة؛ أصله المخيف
AR01152,مَقْبُول,اسم مفعول,354,6289;6291;6293;6295,مرضيّ لا يرقى إلى الجودة العالية.,قبل,مَفْعُولٌ,roots-4662:قبل:المحكم — المعاني,roots-4662:قبل:مقاييس — المحور,roots-4662:قبل:الأساس — المجاز,مَقْبُول,APPROVED,,
AR01153,لَا بَأْسَ بِهِ,تركيب,354,6289;6293,مقبول لا عيب ظاهر فيه ولا تميز.,,,,,,لَا بَأْسَ بِهِ,APPROVED,,
AR01154,مُتَوَسِّط,اسم فاعل,354,6290;6294,في منزلة بين الجيد والرديء.,وسط,مُتَفَعِّلٌ,roots-4662:وسط:المحكم — المعاني,roots-4662:وسط:مقاييس — المحور,roots-4662:وسط:الأساس — المجاز,مُتَوَسِّط,APPROVED,,WAZN ← L2_006 فا من تَفَعَّلَ
AR01156,لَائِق,اسم فاعل,354,6291,مناسب مقبول في مستواه.,ليق,فَاعِلٌ,roots-4662:ليق:المحكم — المعاني,roots-4662:ليق:مقاييس — المحور,,لَائِق,APPROVED,,
AR01158,مِنَ الدَّرَجَةِ الثَّانِيَةِ,تركيب,354,6296,دون الأعلى جودةً في مرتبة وسطى أو دنيا.,,,,,,مِنَ الدَّرَجَةِ الثَّانِيَةِ,APPROVED,,
AR01159,مِنَ الدَّرَجَةِ الثَّالِثَةِ,تركيب,354,6297,في مرتبة دنيا من الجودة.,,,,,,مِنَ الدَّرَجَةِ الثَّالِثَةِ,APPROVED,,
AR01161,بَيْنَ بَيْنَ,تركيب,354,6388,لا هو بالجيد ولا بالرديء.,,,,,,بَيْنَ بَيْنَ,APPROVED,,
AR01162,دُونَ الْمُسْتَوَى,تركيب,354,6666,أقل من القدر المعتاد أو المطلوب.,,,,,,دُونَ الْمُسْتَوَى,APPROVED,,
AR01163,مُتَدَنِّي,اسم فاعل,354,6669,منحطّ في مستواه دون المطلوب.,دنو,مُتَفَعِّلٌ,roots-4662:دنو:المحكم — المعاني,,roots-4662:دنو:الأساس — المجاز,مُتَدَنِّي,APPROVED,,أصله مُتَدَنٍّ | WAZN ← L2_006 فا من تَفَعَّلَ
AR01164,مِنَ الطِّرَازِ الْأَوَّلِ,تركيب,354,6673;6674,من أعلى الأصناف جودةً.,,,,,,مِنَ الطِّرَازِ الْأَوَّلِ,APPROVED,,
AR01165,لَا يُصَدَّقُ,تركيب,354,6734,بالغ الجودة حتى يكاد لا يُصدَّق.,,,,,,لَا يُصَدَّقُ,APPROVED,,
AR01166,سَاءَ,فعل,354,9122,كان قبيحاً غير مرضيّ.,سوء,فَعَلَ,roots-4662:سوء:المحكم — المعاني,,,سَاءَ,APPROVED,,
AR01168,سَمِج,صفة مشبهة,354,9274;9275,قبيح ثقيل لا ملاحة فيه.,سمج,فَعِلٌ,roots-4662:سمج:المحكم — المعاني,roots-4662:سمج:مقاييس — المحور,,سَمِج,APPROVED,,تقريب: يفوته طابع العامية
AR01169,اِمْتِيَاز,مصدر,354,10126,بلوغ الشيء غاية الجودة وتقدمه على غيره.,ميز,اِفْتِعَالٌ,roots-4662:ميز:المحكم — المعاني,roots-4662:ميز:مقاييس — المحور,roots-4662:ميز:الأساس — المجاز,اِمْتِيَاز,APPROVED,,WAZN ← L2_006 مص من اِفْتَعَلَ
AR01171,مَرْغُوب,اسم مفعول,354,10852;15007,تميل إليه النفوس وتطلبه.,رغب,مَفْعُولٌ,roots-4662:رغب:المحكم — المعاني,roots-4662:رغب:مقاييس — المحور,roots-4662:رغب:الأساس — المجاز,مَرْغُوب,APPROVED,,
AR01172,خَارِق,اسم فاعل,354,14559,يتجاوز المعتاد في جودته.,خرق,فَاعِلٌ,roots-4662:خرق:المحكم — المعاني,roots-4662:خرق:مقاييس — المحور,roots-4662:خرق:الأساس — المجاز,خَارِق,APPROVED,,
AR01175,كَرِيه,صفة مشبهة,354,14599,تنفر منه النفس لقبحه.,كره,فَعِيلٌ,roots-4662:كره:المحكم — المعاني,roots-4662:كره:مقاييس — المحور,roots-4662:كره:الأساس — المجاز,كَرِيه,APPROVED,,
AR01178,رَائِج,اسم فاعل,354,15007,كثير الطلب عند الناس.,روج,فَاعِلٌ,roots-4662:روج:المحكم — المعاني,roots-4662:روج:مقاييس — النص,,رَائِج,APPROVED,,
AR01179,خَلَّاب,صيغة مبالغة,354,15203,آسر للنفس بحسنه.,خلب,فَعَّالٌ,roots-4662:خلب:المحكم — المعاني,roots-4662:خلب:مقاييس — المحور,roots-4662:خلب:الأساس — المجاز,خَلَّاب,APPROVED,,POS_L2_007:MUBALAGHA
AR01181,عَلَى نَحْوٍ حَسَنٍ,تركيب,354,18721,بطريقة مرضيّة محمودة.,,,,,,عَلَى نَحْوٍ حَسَنٍ,APPROVED,,
AR01182,غُثَاء,اسم جامد,354,18798,ما لا قيمة فيه ولا نفع من الأشياء.,غثو,فُعَالٌ,v21:غثو:المحكم — المعاني,,,غُثَاء,APPROVED,,مجاز
AR01183,دُرَّة,اسم جامد,354,18799,الشيء النفيس البالغ الحسن، تشبيهاً باللؤلؤة.,درر,فُعْلَةٌ,roots-4662:درر:المحكم — المعاني,roots-4662:درر:مقاييس — المحور,,دُرَّة,APPROVED,,WAZN_L2_005 ← فُعْلٌ
AR01185,كَنْز,اسم جامد,354,18800,الشيء الثمين البالغ النفع والحسن.,كنز,فَعْلٌ,roots-4662:كنز:المحكم — المعاني,roots-4662:كنز:مقاييس — المحور,roots-4662:كنز:الأساس — المجاز,كَنْز,APPROVED,,مجاز عن المال المدفون
AR01186,لَا نَظِيرَ لَهُ,تركيب,354,18803,بلغ من الحسن ما لا يماثله فيه غيره.,,,,,,لَا نَظِيرَ لَهُ,APPROVED,,تقريب: لا مثل عربي ثابت مقابل
AR01187,سَقَط,اسم جامد,354,18804,رديء المتاع وما لا خير فيه.,سقط,فَعَلٌ,roots-4662:سقط:المحكم — المعاني,roots-4662:سقط:مقاييس — المحور,roots-4662:سقط:الأساس — المجاز,سَقَط,APPROVED,,
AR01189,لَا قِيمَةَ لَهُ,تركيب,354,18805,خالٍ من النفع والحسن.,,,,,,لَا قِيمَةَ لَهُ,APPROVED,,
AR01190,نَفِيس,صفة مشبهة,354,,عالي القيمة يُرغب فيه ويُضنّ به.,نفس,فَعِيلٌ,roots-4662:نفس:المحكم — المعاني,roots-4662:نفس:مقاييس — المحور,roots-4662:نفس:الأساس — المجاز,نَفِيس,APPROVED,,AR_ONLY
AR01191,خَسِيس,صفة مشبهة,354,,دنيء القيمة حقير الجودة.,خسس,فَعِيلٌ,roots-4662:خسس:المحكم — المعاني,roots-4662:خسس:مقاييس — المحور,,خَسِيس,APPROVED,,AR_ONLY
AR01192,سَخِيف,صفة مشبهة,354,,رقيق القيمة لا يُعتدّ به.,سخف,فَعِيلٌ,roots-4662:سخف:المحكم — المعاني,roots-4662:سخف:مقاييس — المحور,,سَخِيف,APPROVED,,AR_ONLY
AR01195,أَرَادَ,فعل,366,6412;6683,طلب الشيء ومالت نفسه إلى نيله أو فعله.,رود,أَفْعَلَ,roots-4662:رود:المحكم — المعاني,roots-4662:رود:مقاييس — المحور,,أَرَادَ,APPROVED,,معتل العين
AR01196,رَغِبَ,فعل,366,6412;6413;7430;13040,مالت نفسه إلى الشيء وأحبّ نيله.,رغب,فَعِلَ,roots-4662:رغب:المحكم — المعاني,roots-4662:رغب:مقاييس — المحور,roots-4662:رغب:الأساس — المجاز,رَغِبَ,APPROVED,,يتعدّى بفي
AR01199,رَغْبَة,مصدر,366,6414;6427;6429;6602,ميل النفس إلى الشيء وحبّ نيله.,رغب,فَعْلَةٌ,roots-4662:رغب:المحكم — المعاني,roots-4662:رغب:مقاييس — المحور,roots-4662:رغب:الأساس — المجاز,رَغْبَة,APPROVED,,WAZN_L2_005 ← فَعْلٌ
AR01201,رَاغِب,اسم فاعل,366,6415;8737,مَن مالت نفسه إلى الشيء وأحبّ نيله.,رغب,فَاعِلٌ,roots-4662:رغب:المحكم — المعاني,roots-4662:رغب:مقاييس — المحور,roots-4662:رغب:الأساس — المجاز,رَاغِب,APPROVED,,يتعدّى بفي
AR01205,تَلَهَّفَ,فعل,366,6418;15067,اشتدّ حرصه على الشيء وتحرّق إليه.,لهف,تَفَعَّلَ,roots-4662:لهف:المحكم — المعاني,roots-4662:لهف:مقاييس — المحور,,تَلَهَّفَ,APPROVED,,
AR01207,لَهْفَة,مصدر,366,6420,شدّة الحرص على الشيء والتحرّق إليه.,لهف,فَعْلَةٌ,roots-4662:لهف:المحكم — المعاني,roots-4662:لهف:مقاييس — المحور,,لَهْفَة,APPROVED,,WAZN_L2_005 ← فَعْلٌ
AR01208,مُتَلَهِّف,اسم فاعل,366,6421;6546;9890;10288,شديد الحرص على الشيء متحرّق إليه.,لهف,مُتَفَعِّلٌ,roots-4662:لهف:المحكم — المعاني,roots-4662:لهف:مقاييس — المحور,,مُتَلَهِّف,APPROVED,,WAZN ← L2_006 فا من تَفَعَّلَ
AR01211,ظَمَأ,مصدر,366,6422,شدّة الشوق إلى الشيء على التشبيه بالعطش.,ظمء,فَعَلٌ,v21:ظمأ:المحكم — المعاني,,v21:ظمأ:الأساس — المجاز,ظَمَأ,APPROVED,,
AR01214,ظَمِئَ,فعل,366,6423,اشتدّ شوقه إلى الشيء.,ظمء,فَعِلَ,v21:ظمأ:المحكم — المعاني,,v21:ظمأ:الأساس — المجاز,ظَمِئَ,APPROVED,,يتعدّى بإلى
AR01216,ظَمْآن,صفة مشبهة,366,6424,شديد الشوق إلى نيل الشيء.,ظمء,فَعْلانُ,v21:ظمأ:المحكم — المعاني,,v21:ظمأ:الأساس — المجاز,ظَمْآن,APPROVED,,
AR01222,طَمَحَ,فعل,366,6428,سما بأمله إلى بلوغ غاية عالية.,طمح,فَعَلَ,v21:طمح:المحكم — المعاني,v21:طمح:مقاييس — المحور,v21:طمح:الأساس — المجاز,طَمَحَ,APPROVED,,يتعدّى بإلى
AR01224,أُمْنِيَة,اسم جامد,366,6429,ما يرجو المرء حصوله أو يتمنّاه.,مني,أُفْعُولَةٌ,roots-4662:مني:المحكم — المعاني,roots-4662:مني:مقاييس — المحور,,أُمْنِيَة,APPROVED,,أصلها أُمْنُويَة | WAZN_L2_005 ← أُفْعُولٌ
AR01225,تَمَنَّى,فعل,366,6430;6684,رغب في حصول أمر يبعد وقوعه أو يستحيل.,مني,تَفَعَّلَ,roots-4662:مني:المحكم — المعاني,roots-4662:مني:مقاييس — المحور,,تَمَنَّى,APPROVED,,
AR01226,وَدَّ,فعل,366,6430;6684;17678,أحبّ حصول الأمر وتمنّاه.,ودد,فَعِلَ,roots-4662:ودد:المحكم — المعاني,roots-4662:ودد:مقاييس — المحور,,وَدَّ,APPROVED,,
AR01228,طُمُوح,مصدر,366,6595;6702,تطلّع المرء إلى بلوغ غاية بعيدة.,طمح,فُعُولٌ,v21:طمح:المحكم — المعاني,v21:طمح:مقاييس — المحور,v21:طمح:الأساس — المجاز,طُمُوح,APPROVED,,WAZN ← L2_015 المالك
AR01230,رَجَا,فعل,366,6604,أمّل حصول أمر محبوب يتوقّعه.,رجو,فَعَلَ,roots-4662:رجو:المحكم — المعاني,,roots-4662:رجو:الأساس — المجاز,رَجَا,APPROVED,,
AR01233,رَجَاء,مصدر,366,6605,ترقّب حصول المحبوب مع ظنّ وقوعه.,رجو,فَعَالٍ,roots-4662:رجو:المحكم — المعاني,,roots-4662:رجو:الأساس — المجاز,رَجَاء,APPROVED,,WAZN ← SIBAWAYH_EXISTS
AR01237,أَمَلًا فِي,تركيب,366,9844;18389,رغبةً في حصول أمر يُرجى.,,,,,,أَمَلًا فِي,APPROVED,,
AR01238,طَمَعًا فِي,تركيب,366,9844,رغبةً في نيل أمر يُطلب.,,,,,,طَمَعًا فِي,APPROVED,,
AR01239,مُتَحَفِّز,اسم فاعل,366,10287,متأهّب شديد الرغبة في الإقدام على أمر.,حفز,مُتَفَعِّلٌ,v21:حفز:المحكم — المعاني,v21:حفز:مقاييس — المحور,,مُتَحَفِّز,APPROVED,,WAZN ← L2_006 فا من تَفَعَّلَ
AR01242,مَرْغُوب,اسم مفعول,366,13267,ما تميل إليه النفوس وتطلبه.,رغب,مَفْعُولٌ,roots-4662:رغب:المحكم — المعاني,roots-4662:رغب:مقاييس — المحور,roots-4662:رغب:الأساس — المجاز,مَرْغُوب,APPROVED,,
AR01243,مَنْشُود,اسم مفعول,366,13267,ما يُطلب ويُسعى إلى بلوغه.,نشد,مَفْعُولٌ,roots-4662:نشد:المحكم — المعاني,roots-4662:نشد:مقاييس — المحور,roots-4662:نشد:الأساس — المجاز,مَنْشُود,APPROVED,,
AR01244,مُرَاد,اسم مفعول,366,13267,ما يريده المرء ويقصده.,رود,مُفْعَلٌ,roots-4662:رود:المحكم — المعاني,roots-4662:رود:مقاييس — المحور,,مُرَاد,APPROVED,,معتل العين | WAZN ← SIBAWAYH_EXISTS
AR01246,إِرَادَة,مصدر,366,13858,ميل النفس إلى أمر وعزمها عليه.,رود,إِفْعَالَةٌ,roots-4662:رود:المحكم — المعاني,roots-4662:رود:مقاييس — المحور,,إِرَادَة,APPROVED,,معتل العين | WAZN_L2_005 ← إِفْعَالٌ
AR01247,كَارِه,اسم فاعل,366,15556;15557,مَن لا يرغب في الأمر ونفسه تأباه.,كره,فَاعِلٌ,roots-4662:كره:المحكم — المعاني,roots-4662:كره:مقاييس — المحور,roots-4662:كره:الأساس — المجاز,كَارِه,APPROVED,,
AR01249,نَزْوَة,اسم مرة,366,18539,رغبة مفاجئة طارئة تدفع إلى فعل.,نزو,فَعْلَةٌ,roots-4662:نزو:المحكم — المعاني,roots-4662:نزو:مقاييس — النص,roots-4662:نزو:الأساس — المجاز,نَزْوَة,APPROVED,,POS_L2_007:ISM_MARRA اسم مرة لا مقابل له في قائمة الأقسام المغلقة؛ وُسم مصدراً مؤقتاً | WAZN_L2_005 ← فَعْلٌ
AR01250,هَوِيَ,فعل,366,,أحبّ الشيء ومالت نفسه إليه.,هوي,فَعِلَ,roots-4662:هوي:المحكم — المعاني,roots-4662:هوي:مقاييس — المحور,roots-4662:هوي:الأساس — المجاز,هَوِيَ,APPROVED,,AR_ONLY
AR01251,هَوَى,مصدر,366,,ميل النفس إلى ما تشتهيه.,هوي,فَعَلٌ,roots-4662:هوي:المحكم — المعاني,roots-4662:هوي:مقاييس — المحور,roots-4662:هوي:الأساس — المجاز,هَوَى,APPROVED,,AR_ONLY
AR01253,صَبَا,فعل,366,,مال بقلبه إلى الشيء واشتاق إليه.,صبو,فَعَلَ,v21:صبو:المحكم — المعاني,,v21:صبو:الأساس — المجاز,صَبَا,APPROVED,,AR_ONLY؛ يتعدّى بإلى
AR01254,رَامَ,فعل,366,,طلب الشيء وقصد إلى نيله.,روم,فَعَلَ,roots-4662:روم:المحكم — المعاني,roots-4662:روم:مقاييس — المحور,,رَامَ,APPROVED,,AR_ONLY؛ معتل العين
AR01255,نَهِم,صفة مشبهة,366,,مفرط الرغبة في الشيء لا يشبع منه.,نهم,فَعِلٌ,roots-4662:نهم:المحكم — المعاني,roots-4662:نهم:مقاييس — المحور,roots-4662:نهم:الأساس — المجاز,نَهِم,APPROVED,,AR_ONLY
AR01256,غاضِب,اسم فاعل,46,769,من ثارت نفسه وانفعل على شخص أو أمر كرهه.,غضب,فَاعِلٌ,roots-4662:غضب:المحكم — المعاني,roots-4662:غضب:مقاييس — المحور,roots-4662:غضب:الأساس — المجاز,غاضِب,APPROVED,,
AR01257,غَضْبان,صفة مشبهة,46,769,من امتلأت نفسه غضبًا على شخص أو أمر.,غضب,فَعْلانُ,roots-4662:غضب:المحكم — المعاني,roots-4662:غضب:مقاييس — المحور,roots-4662:غضب:الأساس — المجاز,غَضْبان,APPROVED,,
AR01258,مُرْتاع,اسم فاعل,46,771;6949;8777;8800;8835,من أفزعه أمر هائل فاضطرب له.,روع,مُفْتَعِلٌ,roots-4662:روع:المحكم — المعاني,roots-4662:روع:مقاييس — المحور,roots-4662:روع:الأساس — المجاز,مُرْتاع,APPROVED,,WAZN ← L2_006 فا من اِفْتَعَلَ
AR01260,مُنْزَعِج,اسم فاعل,46,772;779;6956;8861,من أقلقه أمر وكدّر صفوه.,زعج,مُنْفَعِلٌ,roots-4662:زعج:المحكم — المعاني,roots-4662:زعج:مقاييس — المحور,,مُنْزَعِج,APPROVED,,WAZN ← L2_006 فا من اِنْفَعَلَ
AR01262,خائِب الأَمَل,تركيب,46,773,من لم يتحقق ما كان يرجوه فحزن لذلك.,,,,,,خائِب الأَمَل,APPROVED,,
AR01266,مُمْتَعِض,اسم فاعل,46,776;4333;8805;8873;8876,من شقّ عليه أمر فغضب منه غضبًا يسيرًا.,معض,مُفْتَعِلٌ,roots-4662:معض:المحكم — المعاني,roots-4662:معض:مقاييس — النص,,مُمْتَعِض,APPROVED,,WAZN ← L2_006 فا من اِفْتَعَلَ
AR01267,مَسْرُور,اسم مفعول,46,777;7221;8792;8832,من أدخل عليه أمر السرور.,سرر,مَفْعُولٌ,roots-4662:سرر:المحكم — المعاني,roots-4662:سرر:مقاييس — النص,roots-4662:سرر:الأساس — المجاز,مَسْرُور,APPROVED,,
AR01269,مُسْتاء,اسم فاعل,46,778;779;4333;8805;8874,من ساءه أمر فكرهه وتكدّر منه.,سوء,مُفْتَعِلٌ,roots-4662:سوء:المحكم — المعاني,,,مُسْتاء,APPROVED,,WAZN ← L2_006 فا من اِفْتَعَلَ
AR01271,مُتَكَدِّر,اسم فاعل,46,779,من ذهب صفاء نفسه لأمر ساءه.,كدر,مُتَفَعِّلٌ,roots-4662:كدر:المحكم — المعاني,roots-4662:كدر:مقاييس — المحور,roots-4662:كدر:الأساس — المجاز,مُتَكَدِّر,APPROVED,,WAZN ← L2_006 فا من تَفَعَّلَ
AR01272,مَذْعُور,اسم مفعول,46,4327;6952,من تملّكه الخوف الشديد حتى شلّ حركته.,ذعر,مَفْعُولٌ,roots-4662:ذعر:المحكم — المعاني,roots-4662:ذعر:مقاييس — المحور,,مَذْعُور,APPROVED,,
AR01273,مَرْعُوب,اسم مفعول,46,4327;6952;8839,من ملأ الرعب قلبه.,رعب,مَفْعُولٌ,roots-4662:رعب:المحكم — المعاني,roots-4662:رعب:مقاييس — المحور,roots-4662:رعب:الأساس — المجاز,مَرْعُوب,APPROVED,,
AR01275,خَجِل,صفة مشبهة,46,6932;7141;8779,من استحيا واضطرب لأمر صدر منه أو وقع عليه.,خجل,فَعِلٌ,roots-4662:خجل:المحكم — المعاني,roots-4662:خجل:مقاييس — المحور,,خَجِل,APPROVED,,
AR01276,قَلِق,صفة مشبهة,46,6934;6955;7106;7112;8787;8878,من اضطربت نفسه وانشغلت خوفًا مما قد يقع.,قلق,فَعِلٌ,roots-4662:قلق:المحكم — المعاني,roots-4662:قلق:مقاييس — المحور,,قَلِق,APPROVED,,
AR01279,مُتَلَهِّف,اسم فاعل,46,6937,من اشتد شوقه وتطلعه إلى أمر.,لهف,مُتَفَعِّلٌ,roots-4662:لهف:المحكم — المعاني,roots-4662:لهف:مقاييس — المحور,,مُتَلَهِّف,APPROVED,,WAZN ← L2_006 فا من تَفَعَّلَ
AR01281,مُرْتَبِك,اسم فاعل,46,6941;7114;7142;7146;7196;8796;8797;8877,من اختلط عليه أمره فلم يدر ما يفعل.,ربك,مُفْتَعِلٌ,roots-4662:ربك:المحكم — المعاني,roots-4662:ربك:مقاييس — المحور,roots-4662:ربك:الأساس — المجاز,مُرْتَبِك,APPROVED,,WAZN ← L2_006 فا من اِفْتَعَلَ
AR01282,مُرْتاح,اسم فاعل,46,6942,من سكنت نفسه وزال عنه التعب والقلق.,روح,مُفْتَعِلٌ,roots-4662:روح:المحكم — المعاني,roots-4662:روح:مقاييس — المحور,roots-4662:روح:الأساس — المجاز,مُرْتاح,APPROVED,,WAZN ← L2_006 فا من اِفْتَعَلَ
AR01283,مُطْمَئِنّ,اسم فاعل,46,6942;8788;17674,من سكنت نفسه وزال عنها القلق.,طمءن,مُفْعَلِلٌّ,v21:طمأن:المحكم — المعاني,,,مُطْمَئِنّ,APPROVED,,WAZN ← L2_015 المالك
AR01284,ناقِم,اسم فاعل,46,6943;8806;8836,من أنكر على غيره أمرًا وحمل عليه غضبًا مستقرًا.,نقم,فَاعِلٌ,roots-4662:نقم:المحكم — المعاني,roots-4662:نقم:مقاييس — المحور,,ناقِم,APPROVED,,
AR01287,مُتَقَزِّز,اسم فاعل,46,6944,من عافت نفسه شيئًا مستقذرًا.,قزز,مُتَفَعِّلٌ,,roots-4662:قزز:مقاييس — النص,,مُتَقَزِّز,APPROVED,,WAZN ← L2_006 فا من تَفَعَّلَ
AR01289,كَئِيب,صفة مشبهة,46,6945;7148;7149;7150;7151;7152;7155;8793,من ساءت حاله وانكسرت نفسه من الحزن.,كءب,فَعِيلٌ,roots-4662:كءب:المحكم — المعاني,roots-4662:كءب:مقاييس — المحور,roots-4662:كءب:الأساس — المجاز,كَئِيب,APPROVED,,
AR01292,مُتَوَتِّر,اسم فاعل,46,6950;7186;8776;8872,من اشتد قلقه وشدّ أعصابه ترقبًا لأمر.,وتر,مُتَفَعِّلٌ,roots-4662:وتر:المحكم — المعاني,roots-4662:وتر:مقاييس — النص,roots-4662:وتر:الأساس — المجاز,مُتَوَتِّر,APPROVED,,WAZN ← L2_006 فا من تَفَعَّلَ
AR01293,مَكْرُوب,اسم مفعول,46,6950;7113;8800;8802,من اشتد عليه الغمّ وضاقت نفسه.,كرب,مَفْعُولٌ,roots-4662:كرب:المحكم — المعاني,roots-4662:كرب:مقاييس — المحور,roots-4662:كرب:الأساس — المجاز,مَكْرُوب,APPROVED,,
AR01295,مَذْهُول,اسم مفعول,46,6951;7191;8781,من غاب عن رشده لشدة ما فاجأه.,ذهل,مَفْعُولٌ,roots-4662:ذهل:المحكم — المعاني,roots-4662:ذهل:مقاييس — المحور,,مَذْهُول,APPROVED,,
AR01297,مُتَأَلِّم,اسم فاعل,46,6953;7188;7200,من يجد ألمًا شديدًا في نفسه.,ءلم,مُتَفَعِّلٌ,v21:ألم:المحكم — المعاني,v21:ألم:مقاييس — المحور,,مُتَأَلِّم,APPROVED,,WAZN ← L2_006 فا من تَفَعَّلَ
AR01298,مَكْلُوم,اسم مفعول,46,6954;8834,من جرحته مصيبة في نفسه جرحًا باقي الأثر.,كلم,مَفْعُولٌ,roots-4662:كلم:المحكم — المعاني,roots-4662:كلم:مقاييس — المحور,roots-4662:كلم:الأساس — المجاز,مَكْلُوم,APPROVED,,
AR01299,مَهْمُوم,اسم مفعول,46,7106;8787,من شغل الهمّ قلبه بما يخشاه.,همم,مَفْعُولٌ,roots-4662:همم:المحكم — المعاني,,,مَهْمُوم,APPROVED,,
AR01300,مُرْهَق,اسم مفعول,46,7113,من أثقلته الهموم والمطالب حتى ضاق بها.,رهق,مُفْعَلٌ,roots-4662:رهق:المحكم — المعاني,roots-4662:رهق:مقاييس — المحور,roots-4662:رهق:الأساس — المجاز,مُرْهَق,APPROVED,,
AR01301,مُهان,اسم مفعول,46,7143;7163,من نيل من كرامته فشعر بالهوان.,هون,مُفْعَلٌ,roots-4662:هون:المحكم — المعاني,roots-4662:هون:مقاييس — المحور,,مُهان,APPROVED,,
AR01302,ذَلِيل,صفة مشبهة,46,7143,من هانت نفسه وانكسرت بإهانة.,ذلل,فَعِيلٌ,roots-4662:ذلل:المحكم — المعاني,roots-4662:ذلل:مقاييس — المحور,roots-4662:ذلل:الأساس — المجاز,ذَلِيل,APPROVED,,
AR01306,واجِم,اسم فاعل,46,7149;17694,من سكت عن الكلام من شدة الحزن أو الغيظ.,وجم,فَاعِلٌ,roots-4662:وجم:المحكم — المعاني,roots-4662:وجم:مقاييس — المحور,,واجِم,APPROVED,,
AR01307,كاسِف البال,تركيب,46,7150;7157;8790,سيئ الحال منكسر النفس من الحزن.,,,,,,كاسِف البال,APPROVED,,
AR01310,شَقِيّ,صفة مشبهة,46,7153,من لزمه العناء وسوء الحال.,شقو,فَعِيلٌ,v21:شقو:المحكم — المعاني,v21:شقو:مقاييس — المحور,v21:شقو:الأساس — المجاز,شَقِيّ,APPROVED,,
AR01311,مُكْتَئِب,اسم فاعل,46,7155;7158;8790;8793,من غلب عليه الحزن وانطفأ نشاطه.,كءب,مُفْتَعِلٌ,roots-4662:كءب:المحكم — المعاني,roots-4662:كءب:مقاييس — المحور,roots-4662:كءب:الأساس — المجاز,مُكْتَئِب,APPROVED,,WAZN ← L2_006 فا من اِفْتَعَلَ
AR01312,يائِس,اسم فاعل,46,7156;8799,من انقطع رجاؤه مما كان يأمله.,يءس,فَاعِلٌ,roots-4662:يءس:المحكم — المعاني,roots-4662:يءس:مقاييس — المحور,roots-4662:يءس:الأساس — المجاز,يائِس,APPROVED,,
AR01313,قانِط,اسم فاعل,46,7156,من بلغ أشد اليأس.,قنط,فَاعِلٌ,roots-4662:قنط:المحكم — المعاني,roots-4662:قنط:مقاييس — النص,,قانِط,APPROVED,,
AR01314,مُنْكَسِر,اسم فاعل,46,7157;7159;15175,من انكسرت نفسه بخيبة أو مصيبة.,كسر,مُنْفَعِلٌ,roots-4662:كسر:المحكم — المعاني,roots-4662:كسر:مقاييس — المحور,roots-4662:كسر:الأساس — المجاز,مُنْكَسِر,APPROVED,,WAZN ← L2_006 فا من اِنْفَعَلَ
AR01315,مُنْقَبِض,اسم فاعل,46,7158;7161,من ضاق صدره وذهب انشراحه.,قبض,مُنْفَعِلٌ,roots-4662:قبض:المحكم — المعاني,roots-4662:قبض:مقاييس — المحور,roots-4662:قبض:الأساس — المجاز,مُنْقَبِض,APPROVED,,WAZN ← L2_006 فا من اِنْفَعَلَ
AR01316,خائِب,اسم فاعل,46,7159,من لم ينل ما أمّله فانكسرت نفسه.,خيب,فَاعِلٌ,roots-4662:خيب:المحكم — المعاني,roots-4662:خيب:مقاييس — المحور,roots-4662:خيب:الأساس — المجاز,خائِب,APPROVED,,
AR01317,ساخِط,اسم فاعل,46,7160;8836,من كره أمرًا ولم يرض به فغضب منه.,سخط,فَاعِلٌ,,,,ساخِط,APPROVED,,
AR01319,مَشْدُوه,اسم مفعول,46,7162;8871,من تحيّر وذهل لأمر عجيب.,شده,مَفْعُولٌ,v21:شده:المحكم — المعاني,v21:شده:مقاييس — النص,,مَشْدُوه,APPROVED,,
AR01320,واجِد,اسم فاعل,46,7163;8874,من غضب على صاحبه لإساءة نالته منه.,وجد,فَاعِلٌ,roots-4662:وجد:المحكم — المعاني,roots-4662:وجد:مقاييس — المحور,roots-4662:وجد:الأساس — المجاز,واجِد,APPROVED,,
AR01321,مُغْضَب,اسم مفعول,46,7164;8808;8837,من أثير غضبه حتى بلغ منه مبلغًا شديدًا.,غضب,مُفْعَلٌ,roots-4662:غضب:المحكم — المعاني,roots-4662:غضب:مقاييس — المحور,roots-4662:غضب:الأساس — المجاز,مُغْضَب,APPROVED,,
AR01322,مُهْتاج,اسم فاعل,46,7186,من ثارت نفسه واشتد انفعالها.,هيج,مُفْتَعِلٌ,roots-4662:هيج:المحكم — المعاني,roots-4662:هيج:مقاييس — المحور,roots-4662:هيج:الأساس — المجاز,مُهْتاج,APPROVED,,WAZN ← L2_006 فا من اِفْتَعَلَ
AR01323,مُغْتاظ,اسم فاعل,46,7187;8809;8837;8873,من امتلأ صدره غيظًا مما نزل به.,غيظ,مُفْتَعِلٌ,roots-4662:غيظ:المحكم — المعاني,roots-4662:غيظ:مقاييس — المحور,roots-4662:غيظ:الأساس — المجاز,مُغْتاظ,APPROVED,,WAZN ← L2_006 فا من اِفْتَعَلَ
AR01324,مُسْتَفَزّ,اسم مفعول,46,7187,من استُثير غضبه بما يُهيّجه.,فزز,مُسْتَفْعَلٌ,roots-4662:فزز:المحكم — المعاني,roots-4662:فزز:مقاييس — المحور,,مُسْتَفَزّ,APPROVED,,WAZN ← L2_006 مف من اِسْتَفْعَلَ
AR01325,مُتَوَجِّع,اسم فاعل,46,7188,من يشكو ألمًا نفسيًا شديدًا.,وجع,مُتَفَعِّلٌ,roots-4662:وجع:المحكم — المعاني,roots-4662:وجع:مقاييس — النص,,مُتَوَجِّع,APPROVED,,WAZN ← L2_006 فا من تَفَعَّلَ
AR01326,مُشَوَّش,اسم مفعول,46,7196;8801,من اختلط عليه فكره فلم يتبين أمره.,شوش,مُفَعَّلٌ,,,,مُشَوَّش,APPROVED,,WAZN ← L2_006 مف من فَعَّلَ
AR01327,مُلْتاع,اسم فاعل,46,7200,من أحرق الحزن أو الشوق قلبه.,لوع,مُفْتَعِلٌ,roots-4662:لوع:المحكم — المعاني,,,مُلْتاع,APPROVED,,WAZN ← L2_006 فا من اِفْتَعَلَ
AR01328,سَعِيد,صفة مشبهة,46,7221,من طابت نفسه وانشرح صدره.,سعد,فَعِيلٌ,roots-4662:سعد:المحكم — المعاني,roots-4662:سعد:مقاييس — المحور,roots-4662:سعد:الأساس — المجاز,سَعِيد,APPROVED,,
AR01329,فَرِح,صفة مشبهة,46,7221,من امتلأت نفسه سرورًا بأمر.,فرح,فَعِلٌ,roots-4662:فرح:المحكم — المعاني,roots-4662:فرح:مقاييس — المحور,,فَرِح,APPROVED,,
AR01331,تَقَزُّز,مصدر,46,7252,عيافة النفس للشيء المستقذر.,قزز,تَفَعُّلٌ,,roots-4662:قزز:مقاييس — النص,,تَقَزُّز,APPROVED,,WAZN ← L2_006 مص من تَفَعَّلَ
AR01332,اِنْزِعاج,مصدر,46,7253;7263,قلق النفس وتكدّرها مما يضايقها.,زعج,اِنْفِعَالٌ,roots-4662:زعج:المحكم — المعاني,roots-4662:زعج:مقاييس — المحور,,اِنْزِعاج,APPROVED,,WAZN ← L2_006 مص من اِنْفَعَلَ
AR01334,غَضَب,مصدر,46,7254,انفعال يثور في النفس عند إساءة أو مكروه يصيبها.,غضب,فَعَلٌ,roots-4662:غضب:المحكم — المعاني,roots-4662:غضب:مقاييس — المحور,roots-4662:غضب:الأساس — المجاز,غَضَب,APPROVED,,
AR01335,سُخْط,مصدر,46,7254;7278;14759,كراهية الأمر وعدم الرضا به مع غضب على فاعله.,سخط,فُعْلٌ,,,,سُخْط,APPROVED,,
AR01336,لَوْعَة,مصدر,46,7261;7302,حرقة في القلب من حزن أو شوق.,لوع,فَعْلَةٌ,roots-4662:لوع:المحكم — المعاني,,,لَوْعَة,APPROVED,,WAZN_L2_005 ← فَعْلٌ
AR01337,كَرْب,مصدر,46,7261;7298,الغمّ الشديد الذي يأخذ بالنفس.,كرب,فَعْلٌ,roots-4662:كرب:المحكم — المعاني,roots-4662:كرب:مقاييس — المحور,roots-4662:كرب:الأساس — المجاز,كَرْب,APPROVED,,
AR01339,اِمْتِعاض,مصدر,46,7263;7284,غضب يسير يجده المرء مما يشق عليه.,معض,اِفْتِعَالٌ,roots-4662:معض:المحكم — المعاني,roots-4662:معض:مقاييس — النص,,اِمْتِعاض,APPROVED,,WAZN ← L2_006 مص من اِفْتَعَلَ
AR01340,يَأْس,مصدر,46,7264;8794,انقطاع الرجاء من الأمر.,يءس,فَعْلٌ,roots-4662:يءس:المحكم — المعاني,roots-4662:يءس:مقاييس — المحور,roots-4662:يءس:الأساس — المجاز,يَأْس,APPROVED,,
AR01341,قُنُوط,مصدر,46,7264;8794,أشد اليأس من الخير.,قنط,فُعُولٌ,roots-4662:قنط:المحكم — المعاني,roots-4662:قنط:مقاييس — النص,,قُنُوط,APPROVED,,WAZN ← L2_015 المالك
AR01342,قَلَق,مصدر,46,7265;10660,اضطراب النفس وانشغالها خوفًا من مكروه متوقع.,قلق,فَعَلٌ,roots-4662:قلق:المحكم — المعاني,roots-4662:قلق:مقاييس — المحور,,قَلَق,APPROVED,,
AR01345,نَشْوَة,مصدر,46,7266;7288,ارتياح وطرب يغمر النفس.,نشو,فَعْلَةٌ,roots-4662:نشو:المحكم — المعاني,,roots-4662:نشو:الأساس — المجاز,نَشْوَة,APPROVED,,WAZN_L2_005 ← فَعْلٌ
AR01347,دَهْشَة,مصدر,46,7270,تحيّر المرء أمام أمر مفاجئ عجيب.,دهش,فَعْلَةٌ,roots-4662:دهش:المحكم — المعاني,roots-4662:دهش:مقاييس — النص,,دَهْشَة,APPROVED,,WAZN_L2_005 ← فَعْلٌ
AR01349,اِرْتِباك,مصدر,46,7271;7277;7283,اختلاط الأمر على المرء واضطرابه فيه.,ربك,اِفْتِعَالٌ,roots-4662:ربك:المحكم — المعاني,roots-4662:ربك:مقاييس — المحور,roots-4662:ربك:الأساس — المجاز,اِرْتِباك,APPROVED,,WAZN ← L2_006 مص من اِفْتَعَلَ
AR01350,ذُهُول,مصدر,46,7274,غياب المرء عن رشده لدهشة أو فزع شديد.,ذهل,فُعُولٌ,roots-4662:ذهل:المحكم — المعاني,roots-4662:ذهل:مقاييس — المحور,,ذُهُول,APPROVED,,WAZN ← L2_015 المالك
AR01352,اِرْتِياع,مصدر,46,7276,فزع النفس واضطرابها من أمر هائل.,روع,اِفْتِعَالٌ,roots-4662:روع:المحكم — المعاني,roots-4662:روع:مقاييس — المحور,roots-4662:روع:الأساس — المجاز,اِرْتِياع,APPROVED,,WAZN ← L2_006 مص من اِفْتَعَلَ
AR01356,تَشَوُّش,مصدر,46,7279,اختلاط الفكر واضطرابه.,شوش,تَفَعُّلٌ,,,,تَشَوُّش,APPROVED,,WAZN ← L2_006 مص من تَفَعَّلَ
AR01358,وُجُوم,مصدر,46,7281,سكوت المرء عن الكلام من شدة الحزن.,وجم,فُعُولٌ,roots-4662:وجم:المحكم — المعاني,roots-4662:وجم:مقاييس — المحور,,وُجُوم,APPROVED,,WAZN ← L2_015 المالك
AR01359,كَآبَة,مصدر,46,7281;7285;7305,سوء الحال وانكسار النفس من الحزن.,كءب,فَعَالَةٌ,roots-4662:كءب:المحكم — المعاني,roots-4662:كءب:مقاييس — المحور,roots-4662:كءب:الأساس — المجاز,كَآبَة,APPROVED,,WAZN ← L2_015 المالك
AR01360,اِسْتِياء,مصدر,46,7284,تكدّر النفس وكراهيتها لأمر ساءها.,سوء,اِفْتِعَالٌ,roots-4662:سوء:المحكم — المعاني,,,اِسْتِياء,APPROVED,,WAZN ← L2_006 مص من اِفْتَعَلَ
AR01361,اِكْتِئاب,مصدر,46,7285,غلبة الحزن على النفس وانطفاء نشاطها.,كءب,اِفْتِعَالٌ,roots-4662:كءب:المحكم — المعاني,roots-4662:كءب:مقاييس — المحور,roots-4662:كءب:الأساس — المجاز,اِكْتِئاب,APPROVED,,WAZN ← L2_006 مص من اِفْتَعَلَ
AR01364,غَمّ,مصدر,46,7286;7298,حزن يغطي القلب ويضيّق الصدر.,غمم,فَعْلٌ,roots-4662:غمم:المحكم — المعاني,roots-4662:غمم:مقاييس — المحور,roots-4662:غمم:الأساس — المجاز,غَمّ,APPROVED,,
AR01365,خَجَل,مصدر,46,7287,استحياء يعتري المرء فيضطرب ويحمرّ وجهه.,خجل,فَعَلٌ,roots-4662:خجل:المحكم — المعاني,roots-4662:خجل:مقاييس — المحور,,خَجَل,APPROVED,,
AR01366,خَيْبَة,مصدر,46,7289,حرمان المرء ما أمّله وحزنه على ذلك.,خيب,فَعْلَةٌ,roots-4662:خيب:المحكم — المعاني,roots-4662:خيب:مقاييس — المحور,roots-4662:خيب:الأساس — المجاز,خَيْبَة,APPROVED,,WAZN_L2_005 ← فَعْلٌ
AR01368,غَيْظ,مصدر,46,7290;13651,أشد الغضب يكتمه صاحبه في صدره.,غيظ,فَعْلٌ,roots-4662:غيظ:المحكم — المعاني,roots-4662:غيظ:مقاييس — المحور,roots-4662:غيظ:الأساس — المجاز,غَيْظ,APPROVED,,
AR01369,نَفاد الصَّبْر,تركيب,46,7290,عجز المرء عن احتمال ما يغيظه بعد طول مقاساة.,,,,,,نَفاد الصَّبْر,APPROVED,,
AR01370,تَوَتُّر,مصدر,46,7291,شدة القلق وانشداد النفس ترقبًا لأمر.,وتر,تَفَعُّلٌ,roots-4662:وتر:المحكم — المعاني,roots-4662:وتر:مقاييس — النص,roots-4662:وتر:الأساس — المجاز,تَوَتُّر,APPROVED,,WAZN ← L2_006 مص من تَفَعَّلَ
AR01372,مَلَل,مصدر,46,7293,سآمة النفس من الشيء لطوله أو تكراره.,ملل,فَعَلٌ,roots-4662:ملل:المحكم — المعاني,roots-4662:ملل:مقاييس — المحور,,مَلَل,APPROVED,,
AR01373,سَأَم,مصدر,46,7293,ضجر النفس وملالها من الشيء.,سءم,فَعَلٌ,roots-4662:سءم:المحكم — المعاني,,,سَأَم,APPROVED,,
AR01374,خَزْيان,صفة مشبهة,46,7299;8779;8840,من استحيا أشد الاستحياء مما صدر منه.,خزي,فَعْلانُ,roots-4662:خزي:المحكم — المعاني,,,خَزْيان,APPROVED,,
AR01375,اِنْفِعال,مصدر,46,7300,تأثر النفس وهياجها بما يرد عليها.,فعل,اِنْفِعَالٌ,roots-4662:فعل:المحكم — المعاني,roots-4662:فعل:مقاييس — المحور,,اِنْفِعال,APPROVED,,WAZN ← L2_006 مص من اِنْفَعَلَ
AR01377,رِضا,مصدر,46,7301,طيب النفس بما نالها وقبولها له.,رضو,فِعَلٌ,roots-4662:رضو:المحكم — المعاني,,,رِضا,APPROVED,,
AR01380,رُعْب,مصدر,46,7303,الخوف الشديد الذي يملأ القلب.,رعب,فُعْلٌ,roots-4662:رعب:المحكم — المعاني,roots-4662:رعب:مقاييس — المحور,roots-4662:رعب:الأساس — المجاز,رُعْب,APPROVED,,
AR01381,فَزَع,مصدر,46,7303,انقباض النفس ونفارها من أمر مخيف مفاجئ.,فزع,فَعَلٌ,roots-4662:فزع:المحكم — المعاني,roots-4662:فزع:مقاييس — المحور,,فَزَع,APPROVED,,
AR01382,خِزْي,مصدر,46,7304,الاستحياء الشديد مع انكسار من فضيحة أو ذلة.,خزي,فِعْلٌ,roots-4662:خزي:المحكم — المعاني,,,خِزْي,APPROVED,,
AR01383,مَذَلَّة,مصدر,46,7304,الهوان وانكسار النفس بإهانة.,ذلل,مَفْعَلَةٌ,roots-4662:ذلل:المحكم — المعاني,roots-4662:ذلل:مقاييس — المحور,roots-4662:ذلل:الأساس — المجاز,مَذَلَّة,APPROVED,,WAZN_L2_005 ← مَفْعَلٌ
AR01386,فَزِع,صفة مشبهة,46,8777;8839,من أخذه الذعر فجأة من أمر مخيف.,فزع,فَعِلٌ,roots-4662:فزع:المحكم — المعاني,roots-4662:فزع:مقاييس — المحور,,فَزِع,APPROVED,,
AR01387,مُسْتَمْتِع,اسم فاعل,46,8778,من وجد لذة وأنسًا فيما يشاهده أو يسمعه.,متع,مُسْتَفْعِلٌ,roots-4662:متع:المحكم — المعاني,roots-4662:متع:مقاييس — المحور,roots-4662:متع:الأساس — المجاز,مُسْتَمْتِع,APPROVED,,WAZN ← L2_006 فا من اِسْتَفْعَلَ
AR01388,دَهِش,صفة مشبهة,46,8780,من تحيّر لأمر مفاجئ فذهب عقله عن غيره.,دهش,فَعِلٌ,roots-4662:دهش:المحكم — المعاني,roots-4662:دهش:مقاييس — النص,,دَهِش,APPROVED,,
AR01392,قانِع,اسم فاعل,46,8788,من رضي بما قسم له ولم يطلب غيره.,قنع,فَاعِلٌ,roots-4662:قنع:المحكم — المعاني,roots-4662:قنع:مقاييس — المحور,roots-4662:قنع:الأساس — المجاز,قانِع,APPROVED,,
AR01394,راغِب,اسم فاعل,46,8789,من مالت نفسه إلى شيء وأحبت حصوله.,رغب,فَاعِلٌ,roots-4662:رغب:المحكم — المعاني,roots-4662:رغب:مقاييس — المحور,roots-4662:رغب:الأساس — المجاز,راغِب,APPROVED,,
AR01396,سُرُور,مصدر,46,8791,انشراح الصدر بلذة أو نيل مطلوب.,سرر,فُعُولٌ,roots-4662:سرر:المحكم — المعاني,roots-4662:سرر:مقاييس — النص,roots-4662:سرر:الأساس — المجاز,سُرُور,APPROVED,,WAZN ← L2_015 المالك
AR01399,مَفْجُوع,اسم مفعول,46,8795;8833,من نزلت به مصيبة أوجعته في عزيز.,فجع,مَفْعُولٌ,roots-4662:فجع:المحكم — المعاني,roots-4662:فجع:مقاييس — النص,,مَفْجُوع,APPROVED,,
AR01403,مَغْمُوم,اسم مفعول,46,8802,من غشيه الغمّ وأثقل قلبه.,غمم,مَفْعُولٌ,roots-4662:غمم:المحكم — المعاني,roots-4662:غمم:مقاييس — المحور,roots-4662:غمم:الأساس — المجاز,مَغْمُوم,APPROVED,,
AR01405,نَشْوان,صفة مشبهة,46,8803;8810,من غمرته نشوة الفرح.,نشو,فَعْلانُ,roots-4662:نشو:المحكم — المعاني,,roots-4662:نشو:الأساس — المجاز,نَشْوان,APPROVED,,
AR01406,جَذِل,صفة مشبهة,46,8804;8831,من اشتد فرحه وظهر عليه.,جذل,فَعِلٌ,v21:جذل:المحكم — المعاني,v21:جذل:مقاييس — المحور,v21:جذل:الأساس — المجاز,جَذِل,APPROVED,,
AR01407,نافِد الصَّبْر,تركيب,46,8809,من لم يعد يحتمل ما يغيظه أو يطول عليه.,,,,,,نافِد الصَّبْر,APPROVED,,
AR01408,جَذْلان,صفة مشبهة,46,8831;8862;8875,من غمره الفرح بظفر أو بشرى.,جذل,فَعْلانُ,v21:جذل:المحكم — المعاني,v21:جذل:مقاييس — المحور,v21:جذل:الأساس — المجاز,جَذْلان,APPROVED,,
AR01409,مُنْكَسِر القَلْب,تركيب,46,8834,من فتّت الحزن قلبه بفقد أو خيبة.,,,,,,مُنْكَسِر القَلْب,APPROVED,,
AR01410,مَفْزُوع,اسم مفعول,46,8835,من أصابه الفزع من أمر هائل.,فزع,مَفْعُولٌ,roots-4662:فزع:المحكم — المعاني,roots-4662:فزع:مقاييس — المحور,,مَفْزُوع,APPROVED,,
AR01411,خائِف,اسم فاعل,46,8839,من توقّع مكروهًا فاضطربت نفسه منه.,خوف,فَاعِلٌ,roots-4662:خوف:المحكم — المعاني,roots-4662:خوف:مقاييس — المحور,roots-4662:خوف:الأساس — المجاز,خائِف,APPROVED,,
AR01412,جَذَل,مصدر,46,8843,الفرح الشديد الظاهر.,جذل,فَعَلٌ,v21:جذل:المحكم — المعاني,v21:جذل:مقاييس — المحور,v21:جذل:الأساس — المجاز,جَذَل,APPROVED,,
AR01413,فَرَح,مصدر,46,8843,لذة في القلب لنيل المشتهى.,فرح,فَعَلٌ,roots-4662:فرح:المحكم — المعاني,roots-4662:فرح:مقاييس — المحور,,فَرَح,APPROVED,,
AR01417,رَثَى,فعل,46,8847,رقّ لحال غيره وتوجّع له.,رثي,فَعَلَ,roots-4662:رثي:المحكم — المعاني,roots-4662:رثي:مقاييس — المحور,,رَثَى,APPROVED,,
AR01418,مُغْتَمّ,اسم فاعل,46,8856,من أصابه الغمّ لأمر ساءه.,غمم,مُفْتَعِلٌ,roots-4662:غمم:المحكم — المعاني,roots-4662:غمم:مقاييس — المحور,roots-4662:غمم:الأساس — المجاز,مُغْتَمّ,APPROVED,,WAZN ← L2_006 فا من اِفْتَعَلَ
AR01420,مُتَوَجِّس,اسم فاعل,46,8872,من أحسّ في نفسه خيفة مما قد يقع.,وجس,مُتَفَعِّلٌ,roots-4662:وجس:المحكم — المعاني,roots-4662:وجس:مقاييس — المحور,,مُتَوَجِّس,APPROVED,,WAZN ← L2_006 فا من تَفَعَّلَ
AR01421,اِهْتِمام,مصدر,46,8988,انشغال النفس بأمر وإقبالها عليه.,همم,اِفْتِعَالٌ,roots-4662:همم:المحكم — المعاني,,,اِهْتِمام,APPROVED,,WAZN ← L2_006 مص من اِفْتَعَلَ
AR01422,فُضُول,مصدر,46,8988,تطلع النفس إلى معرفة ما يعنيها وما لا يعنيها.,فضل,فُعُولٌ,roots-4662:فضل:المحكم — المعاني,roots-4662:فضل:مقاييس — المحور,,فُضُول,APPROVED,,WAZN ← L2_015 المالك
AR01423,هَمّ,مصدر,46,10660,حزن يشغل القلب بما يخشاه المرء.,همم,فَعْلٌ,roots-4662:همم:المحكم — المعاني,,,هَمّ,APPROVED,,
AR01424,ضاقَ ذَرْعًا,تركيب,46,10915,عجز عن احتمال أمر فضجر منه وتبرّم.,,,,,,ضاقَ ذَرْعًا,APPROVED,,
AR01425,مُولَع,اسم مفعول,46,13282,من تعلق قلبه بشيء تعلقًا شديدًا.,ولع,مُفْعَلٌ,roots-4662:ولع:المحكم — المعاني,roots-4662:ولع:مقاييس — المحور,,مُولَع,APPROVED,,
AR01428,اِسْتِنْكار,مصدر,46,14759,إنكار المرء أمرًا يراه قبيحًا مع غضب منه ونفور.,نكر,اِسْتِفْعَالٌ,roots-4662:نكر:المحكم — المعاني,roots-4662:نكر:مقاييس — المحور,,اِسْتِنْكار,APPROVED,,WAZN ← L2_006 مص من اِسْتَفْعَلَ
AR01429,مَرارَة,مصدر,46,17264,أسى ممزوج بالنقمة تخلّفه في النفس خيبة أو ظلم.,مرر,فَعَالَةٌ,roots-4662:مرر:المحكم — المعاني,roots-4662:مرر:مقاييس — المحور,roots-4662:مرر:الأساس — المجاز,مَرارَة,APPROVED,,WAZN ← L2_015 المالك
AR01430,نِقْمَة,مصدر,46,17264,غضب مستقر في النفس على من أساء أو ظلم.,نقم,فِعْلَةٌ,roots-4662:نقم:المحكم — المعاني,roots-4662:نقم:مقاييس — المحور,,نِقْمَة,APPROVED,,WAZN_L2_005 ← فِعْلٌ
AR01431,بِخَيْر,تركيب,46,17674;17689,في حال حسنة لا يشكو شيئًا.,,,,,,بِخَيْر,APPROVED,,
AR01433,شَقاء,مصدر,46,17693,العناء وسوء الحال الملازم للنفس.,شقو,فَعَالٍ,v21:شقو:المحكم — المعاني,v21:شقو:مقاييس — المحور,v21:شقو:الأساس — المجاز,شَقاء,APPROVED,,WAZN ← SIBAWAYH_EXISTS
AR01435,غَضِبَ,فعل,46,,ثارت نفسه وانفعل على من أساء إليه أو على أمر كرهه.,غضب,فَعِلَ,roots-4662:غضب:المحكم — المعاني,roots-4662:غضب:مقاييس — المحور,roots-4662:غضب:الأساس — المجاز,غَضِبَ,APPROVED,,AR_ONLY
AR01437,فَرِحَ,فعل,46,,امتلأت نفسه سرورًا بأمر ناله.,فرح,فَعِلَ,roots-4662:فرح:المحكم — المعاني,roots-4662:فرح:مقاييس — المحور,,فَرِحَ,APPROVED,,AR_ONLY
AR01438,اِغْتاظَ,فعل,46,,امتلأ صدره غيظًا من أمر أو شخص.,غيظ,اِفْتَعَلَ,roots-4662:غيظ:المحكم — المعاني,roots-4662:غيظ:مقاييس — المحور,roots-4662:غيظ:الأساس — المجاز,اِغْتاظَ,APPROVED,,AR_ONLY
AR01439,سَئِمَ,فعل,46,,ملّ الشيء وضجر منه لطوله أو تكراره.,سءم,فَعِلَ,roots-4662:سءم:المحكم — المعاني,,,سَئِمَ,APPROVED,,AR_ONLY
AR01443,مَقَتَ,فعل,48,855;856;865;878,أبغض الشيء أشدّ البغض.,مقت,فَعَلَ,roots-4662:مقت:المحكم — المعاني,roots-4662:مقت:مقاييس — المحور,,مَقَتَ,APPROVED,,
AR01447,هَوِيَ,فعل,48,857,مال قلبه إلى الشيء وأحبّه.,هوي,فَعِلَ,roots-4662:هوي:المحكم — المعاني,roots-4662:هوي:مقاييس — المحور,roots-4662:هوي:الأساس — المجاز,هَوِيَ,APPROVED,,
AR01448,اِسْتَمْتَعَ,فعل,48,861,وجد اللذة والمتعة في الشيء.,متع,اِسْتَفْعَلَ,roots-4662:متع:المحكم — المعاني,roots-4662:متع:مقاييس — المحور,roots-4662:متع:الأساس — المجاز,اِسْتَمْتَعَ,APPROVED,,
AR01450,يَئِسَ,فعل,48,863,انقطع رجاؤه وأمله.,يءس,فَعِلَ,roots-4662:يءس:المحكم — المعاني,roots-4662:يءس:مقاييس — المحور,roots-4662:يءس:الأساس — المجاز,يَئِسَ,APPROVED,,
AR01451,قَنَطَ,فعل,48,863,اشتدّ يأسه من الخير.,قنط,فَعَلَ,roots-4662:قنط:المحكم — المعاني,roots-4662:قنط:مقاييس — النص,,قَنَطَ,APPROVED,,ويقال قَنِطَ
AR01453,اِزْدَرَى,فعل,48,864,استخفّ بغيره وعابه.,زري,اِفْتَعَلَ,roots-4662:زري:المحكم — المعاني,roots-4662:زري:مقاييس — المحور,,اِزْدَرَى,APPROVED,,أُبدلت تاء الافتعال دالاً
AR01454,كَرِهَ,فعل,48,866;875,نفرت نفسه من الشيء ولم يرضه.,كره,فَعِلَ,roots-4662:كره:المحكم — المعاني,roots-4662:كره:مقاييس — المحور,roots-4662:كره:الأساس — المجاز,كَرِهَ,APPROVED,,
AR01455,خَشِيَ,فعل,48,867;872,خاف أمراً متوقعاً وحذره.,خشي,فَعِلَ,roots-4662:خشي:المحكم — المعاني,roots-4662:خشي:مقاييس — المحور,,خَشِيَ,APPROVED,,
AR01456,تَوَجَّسَ,فعل,48,867,أحسّ خيفة من أمر يتوقعه.,وجس,تَفَعَّلَ,roots-4662:وجس:المحكم — المعاني,roots-4662:وجس:مقاييس — المحور,,تَوَجَّسَ,APPROVED,,
AR01459,خَافَ,فعل,48,872,توقّع مكروهاً ففزع منه.,خوف,فَعِلَ,roots-4662:خوف:المحكم — المعاني,roots-4662:خوف:مقاييس — المحور,roots-4662:خوف:الأساس — المجاز,خَافَ,APPROVED,,أصله خَوِفَ
AR01462,أَحَبَّ,فعل,48,877;880,وجد الشيء موافقاً لهواه فمال إليه.,حبب,أَفْعَلَ,v21:حبب:المحكم — المعاني,v21:حبب:مقاييس — المحور,,أَحَبَّ,APPROVED,,
AR01464,وَدَّ,فعل,48,880,أحبّ الشيء وتمنّاه.,ودد,فَعِلَ,roots-4662:ودد:المحكم — المعاني,roots-4662:ودد:مقاييس — المحور,,وَدَّ,APPROVED,,أصله وَدِدَ
AR01465,تَفَجَّعَ,فعل,48,881,اشتدّ توجّعه على فقد عزيز.,فجع,تَفَعَّلَ,roots-4662:فجع:المحكم — المعاني,roots-4662:فجع:مقاييس — النص,,تَفَجَّعَ,APPROVED,,
AR01466,رَحِمَ,فعل,48,883,رقّ قلبه لغيره وعطف عليه.,رحم,فَعِلَ,roots-4662:رحم:المحكم — المعاني,roots-4662:رحم:مقاييس — المحور,roots-4662:رحم:الأساس — المجاز,رَحِمَ,APPROVED,,
AR01468,نَدِمَ,فعل,48,884,تأسّف على ما فعل وتمنّى أنه لم يكن.,ندم,فَعِلَ,roots-4662:ندم:المحكم — المعاني,roots-4662:ندم:مقاييس — المحور,,نَدِمَ,APPROVED,,
AR01470,اِسْتَاءَ,فعل,48,886,ساءه الأمر فكرهه وتكدّر منه.,سوء,اِفْتَعَلَ,roots-4662:سوء:المحكم — المعاني,,,اِسْتَاءَ,APPROVED,,
AR01471,نَقَمَ,فعل,48,886,أنكر الأمر على غيره وغضب منه.,نقم,فَعَلَ,roots-4662:نقم:المحكم — المعاني,roots-4662:نقم:مقاييس — المحور,,نَقَمَ,APPROVED,,ويقال نَقِمَ
AR01472,رَثَى,فعل,48,887,رقّ لغيره ورحمه.,رثي,فَعَلَ,roots-4662:رثي:المحكم — المعاني,roots-4662:رثي:مقاييس — المحور,,رَثَى,APPROVED,,رثى له أي رقّ له
AR01473,نَادِم,اسم فاعل,48,4198,متحسّر على ما فعل.,ندم,فَاعِلٌ,roots-4662:ندم:المحكم — المعاني,roots-4662:ندم:مقاييس — المحور,,نَادِم,APPROVED,,
AR01476,كَرَاهِيَة,مصدر,48,4202,نفور النفس من الشيء.,كره,فَعَالِيَةٌ,roots-4662:كره:المحكم — المعاني,roots-4662:كره:مقاييس — المحور,roots-4662:كره:الأساس — المجاز,كَرَاهِيَة,APPROVED,,
AR01478,رَحْمَة,مصدر,48,4313;6700,رقّة القلب لما يصيب الغير من ضرّ وحرص على كشفه.,رحم,فَعْلَةٌ,roots-4662:رحم:المحكم — المعاني,roots-4662:رحم:مقاييس — المحور,roots-4662:رحم:الأساس — المجاز,رَحْمَة,APPROVED,,WAZN_L2_005 ← فَعْلٌ
AR01480,كُرْه,مصدر,48,6689,نفور النفس من الشيء.,كره,فُعْلٌ,roots-4662:كره:المحكم — المعاني,roots-4662:كره:مقاييس — المحور,roots-4662:كره:الأساس — المجاز,كُرْه,APPROVED,,
AR01481,نُفُور,مصدر,48,6689;11974,انقباض النفس عن الشيء وتباعدها منه.,نفر,فُعُولٌ,roots-4662:نفر:المحكم — المعاني,roots-4662:نفر:مقاييس — المحور,roots-4662:نفر:الأساس — المجاز,نُفُور,APPROVED,,WAZN ← L2_015 المالك
AR01482,يَأْس,مصدر,48,6694,انقطاع الأمل يحمل صاحبه على التهوّر.,يءس,فَعْلٌ,roots-4662:يءس:المحكم — المعاني,roots-4662:يءس:مقاييس — المحور,roots-4662:يءس:الأساس — المجاز,يَأْس,APPROVED,,
AR01483,قُنُوط,مصدر,48,6694,أشدّ اليأس.,قنط,فُعُولٌ,roots-4662:قنط:المحكم — المعاني,roots-4662:قنط:مقاييس — النص,,قُنُوط,APPROVED,,WAZN ← L2_015 المالك
AR01486,مَقْت,مصدر,48,6697;6707;6711,أشدّ البغض.,مقت,فَعْلٌ,roots-4662:مقت:المحكم — المعاني,roots-4662:مقت:مقاييس — المحور,,مَقْت,APPROVED,,
AR01487,نَدَم,مصدر,48,6704,تأسّف المرء على ما فعل وتمنّيه أنه لم يكن.,ندم,فَعَلٌ,roots-4662:ندم:المحكم — المعاني,roots-4662:ندم:مقاييس — المحور,,نَدَم,APPROVED,,
AR01490,اِسْتِيَاء,مصدر,48,6705,تكدّر النفس من أمر ساءها.,سوء,اِفْتِعَالٌ,roots-4662:سوء:المحكم — المعاني,,,اِسْتِيَاء,APPROVED,,WAZN ← L2_006 مص من اِفْتَعَلَ
AR01493,هُيَام,مصدر,48,6706,أشدّ العشق حتى يذهب بالعقل.,هيم,فُعَالٌ,roots-4662:هيم:المحكم — المعاني,roots-4662:هيم:مقاييس — المحور,roots-4662:هيم:الأساس — المجاز,هُيَام,APPROVED,,
AR01494,اِسْتِمْتَاع,مصدر,48,6709,وجدان اللذة في الشيء.,متع,اِسْتِفْعَالٌ,roots-4662:متع:المحكم — المعاني,roots-4662:متع:مقاييس — المحور,roots-4662:متع:الأساس — المجاز,اِسْتِمْتَاع,APPROVED,,WAZN ← L2_006 مص من اِسْتَفْعَلَ
AR01495,تَلَذُّذ,مصدر,48,6709,وجدان الشيء لذيذاً.,لذذ,تَفَعُّلٌ,roots-4662:لذذ:المحكم — المعاني,roots-4662:لذذ:مقاييس — المحور,,تَلَذُّذ,APPROVED,,WAZN ← L2_006 مص من تَفَعَّلَ
AR01496,مُغْتَاظ,اسم فاعل,48,6824;11182,من امتلأ غيظاً من أمر ضايقه.,غيظ,مُفْتَعِلٌ,roots-4662:غيظ:المحكم — المعاني,roots-4662:غيظ:مقاييس — المحور,roots-4662:غيظ:الأساس — المجاز,مُغْتَاظ,APPROVED,,WAZN ← L2_006 فا من اِفْتَعَلَ
AR01498,قَلِق,صفة مشبهة,48,6851,من اضطربت نفسه لأمر يخشاه.,قلق,فَعِلٌ,roots-4662:قلق:المحكم — المعاني,roots-4662:قلق:مقاييس — المحور,,قَلِق,APPROVED,,
AR01499,مَهْمُوم,اسم مفعول,48,6851,من ثقل عليه الهمّ.,همم,مَفْعُولٌ,roots-4662:همم:المحكم — المعاني,,,مَهْمُوم,APPROVED,,
AR01500,مُتَوَتِّر,اسم فاعل,48,6852,من اشتدّ اضطراب نفسه وسهل انفعاله.,وتر,مُتَفَعِّلٌ,roots-4662:وتر:المحكم — المعاني,roots-4662:وتر:مقاييس — النص,roots-4662:وتر:الأساس — المجاز,مُتَوَتِّر,APPROVED,,WAZN ← L2_006 فا من تَفَعَّلَ
AR01501,سَرِيع الاِنْفِعَال,تركيب,48,6852,من يضطرب ويهتاج لأدنى سبب.,,,,,,سَرِيع الاِنْفِعَال,APPROVED,,
AR01502,مُتَوَجِّس,اسم فاعل,48,7110,من يحسّ خيفة من أمر يتوقعه.,وجس,مُتَفَعِّلٌ,roots-4662:وجس:المحكم — المعاني,roots-4662:وجس:مقاييس — المحور,,مُتَوَجِّس,APPROVED,,WAZN ← L2_006 فا من تَفَعَّلَ
AR01503,وَجِل,صفة مشبهة,48,7110,من خاف وفزع قلبه.,وجل,فَعِلٌ,roots-4662:وجل:المحكم — المعاني,,,وَجِل,APPROVED,,
AR01504,مُولَع,اسم مفعول,48,8354,من تعلّق قلبه بالشيء ولزمه.,ولع,مُفْعَلٌ,roots-4662:ولع:المحكم — المعاني,roots-4662:ولع:مقاييس — المحور,,مُولَع,APPROVED,,
AR01505,مُغْرَم,اسم مفعول,48,8354,من شُغف بالشيء وأحبّه.,غرم,مُفْعَلٌ,roots-4662:غرم:المحكم — المعاني,roots-4662:غرم:مقاييس — المحور,,مُغْرَم,APPROVED,,
AR01506,مُهْتَمّ,اسم فاعل,48,8746,من عني بالشيء ورغب في معرفته.,همم,مُفْتَعِلٌ,roots-4662:همم:المحكم — المعاني,,,مُهْتَمّ,APPROVED,,WAZN ← L2_006 فا من اِفْتَعَلَ
AR01507,مَشْدُوه,اسم مفعول,48,10257,من دهش وتحيّر حتى ذهل.,شده,مَفْعُولٌ,v21:شده:المحكم — المعاني,v21:شده:مقاييس — النص,,مَشْدُوه,APPROVED,,
AR01509,قَانِع,اسم فاعل,48,10258;10261,من رضي بما ناله واكتفى به.,قنع,فَاعِلٌ,roots-4662:قنع:المحكم — المعاني,roots-4662:قنع:مقاييس — المحور,roots-4662:قنع:الأساس — المجاز,قَانِع,APPROVED,,
AR01510,رِضَا,مصدر,48,10259;10260,طيب النفس بما نالت وسكونها إليه.,رضي,فِعَلٌ,,v21:رضي:مقاييس — المحور,,رِضَا,APPROVED,,مقصور؛ وفي بعض المعاجم تحت رضو
AR01511,قَنَاعَة,مصدر,48,10259,الرضا بما قُسم والاكتفاء به.,قنع,فَعَالَةٌ,roots-4662:قنع:المحكم — المعاني,roots-4662:قنع:مقاييس — المحور,roots-4662:قنع:الأساس — المجاز,قَنَاعَة,APPROVED,,WAZN ← L2_015 المالك
AR01512,اِرْتِيَاح,مصدر,48,10260,سكون النفس وطيبها بما يوافقها.,روح,اِفْتِعَالٌ,roots-4662:روح:المحكم — المعاني,roots-4662:روح:مقاييس — المحور,roots-4662:روح:الأساس — المجاز,اِرْتِيَاح,APPROVED,,WAZN ← L2_006 مص من اِفْتَعَلَ
AR01513,مُرْتَاح,اسم فاعل,48,10261;16220,من سكنت نفسه وطابت بما يوافقها.,روح,مُفْتَعِلٌ,roots-4662:روح:المحكم — المعاني,roots-4662:روح:مقاييس — المحور,roots-4662:روح:الأساس — المجاز,مُرْتَاح,APPROVED,,WAZN ← L2_006 فا من اِفْتَعَلَ
AR01514,مُنْفَعِل,اسم فاعل,48,10262,من ثارت نفسه بغضب أو قلق أو حماسة.,فعل,مُنْفَعِلٌ,roots-4662:فعل:المحكم — المعاني,roots-4662:فعل:مقاييس — المحور,,مُنْفَعِل,APPROVED,,WAZN ← L2_006 فا من اِنْفَعَلَ
AR01515,مُهْتَاج,اسم فاعل,48,10262;14144,من ثار وهاج من شدة الانفعال.,هيج,مُفْتَعِلٌ,roots-4662:هيج:المحكم — المعاني,roots-4662:هيج:مقاييس — المحور,roots-4662:هيج:الأساس — المجاز,مُهْتَاج,APPROVED,,WAZN ← L2_006 فا من اِفْتَعَلَ
AR01516,سَاخِط,اسم فاعل,48,10812,من لم يرض بما هو فيه وكرهه.,سخط,فَاعِلٌ,,,,سَاخِط,APPROVED,,
AR01517,مُسْتَاء,اسم فاعل,48,10812;11184,من ساءه الأمر فكرهه وتكدّر منه.,سوء,مُفْتَعِلٌ,roots-4662:سوء:المحكم — المعاني,,,مُسْتَاء,APPROVED,,WAZN ← L2_006 فا من اِفْتَعَلَ
AR01518,مُرْتَبِك,اسم فاعل,48,10874,من اختلط عليه أمره فاضطرب.,ربك,مُفْتَعِلٌ,roots-4662:ربك:المحكم — المعاني,roots-4662:ربك:مقاييس — المحور,roots-4662:ربك:الأساس — المجاز,مُرْتَبِك,APPROVED,,WAZN ← L2_006 فا من اِفْتَعَلَ
AR01520,رَابِط الجَأْش,تركيب,48,10875;15321,ثابت القلب لا يضطرب عند الشدائد.,,,,,,رَابِط الجَأْش,APPROVED,,
AR01521,هَادِئ,اسم فاعل,48,10876;15321,ساكن النفس غير مضطرب.,هدء,فَاعِلٌ,roots-4662:هدء:المحكم — المعاني,,roots-4662:هدء:الأساس — المجاز,هَادِئ,APPROVED,,
AR01522,مُطْمَئِنّ,اسم فاعل,48,10876;16220,من سكنت نفسه وزال قلقه.,طمن,مُفْعَلِلٌّ,,v21:طمن:مقاييس — النص,v21:طمن:الأساس — المجاز,مُطْمَئِنّ,APPROVED,,في لسان العرب تحت طمن، وفي غيره تحت طمأن | WAZN ← L2_015 المالك
AR01524,سُلْوَان,مصدر,48,10902;10903,ذهاب الهمّ وطيب النفس بعد الحزن.,سلو,فُعْلانٌ,roots-4662:سلو:المحكم — المعاني,roots-4662:سلو:مقاييس — المحور,,سُلْوَان,APPROVED,,
AR01525,مُتْعَة,اسم مصدر,48,11178,ما يجده المرء من لذة وانبساط.,متع,فُعْلَةٌ,roots-4662:متع:المحكم — المعاني,roots-4662:متع:مقاييس — المحور,roots-4662:متع:الأساس — المجاز,مُتْعَة,APPROVED,,اسم مصدر | WAZN_L2_005 ← فُعْلٌ | POS_L2_007:ISM_MASDAR (من نص الملاحظة)
AR01526,لَذَّة,مصدر,48,11178,إدراك الملائم من حيث هو ملائم.,لذذ,فَعْلَةٌ,roots-4662:لذذ:المحكم — المعاني,roots-4662:لذذ:مقاييس — المحور,,لَذَّة,APPROVED,,WAZN_L2_005 ← فَعْلٌ
AR01527,سُرُور,مصدر,48,11178,انشراح الصدر بلذة فيها طمأنينة.,سرر,فُعُولٌ,roots-4662:سرر:المحكم — المعاني,roots-4662:سرر:مقاييس — النص,roots-4662:سرر:الأساس — المجاز,سُرُور,APPROVED,,WAZN ← L2_015 المالك
AR01528,مُنْزَعِج,اسم فاعل,48,11182,من أقلقه أمر وكدّر صفوه.,زعج,مُنْفَعِلٌ,roots-4662:زعج:المحكم — المعاني,roots-4662:زعج:مقاييس — المحور,,مُنْزَعِج,APPROVED,,WAZN ← L2_006 فا من اِنْفَعَلَ
AR01529,مُتَكَدِّر,اسم فاعل,48,11184,من تغيّر صفاء نفسه لأمر ساءه.,كدر,مُتَفَعِّلٌ,roots-4662:كدر:المحكم — المعاني,roots-4662:كدر:مقاييس — المحور,roots-4662:كدر:الأساس — المجاز,مُتَكَدِّر,APPROVED,,WAZN ← L2_006 فا من تَفَعَّلَ
AR01530,مَفْتُون,اسم مفعول,48,12203,من استهواه الشيء وأعجبه حتى شغله.,فتن,مَفْعُولٌ,roots-4662:فتن:المحكم — المعاني,roots-4662:فتن:مقاييس — المحور,,مَفْتُون,APPROVED,,
AR01533,سَئِم,صفة مشبهة,48,13265,من ملّ الشيء وضجر منه.,سءم,فَعِلٌ,roots-4662:سءم:المحكم — المعاني,,,سَئِم,APPROVED,,
AR01534,مَرْعُوب,اسم مفعول,48,13542,من ملأه الخوف.,رعب,مَفْعُولٌ,roots-4662:رعب:المحكم — المعاني,roots-4662:رعب:مقاييس — المحور,roots-4662:رعب:الأساس — المجاز,مَرْعُوب,APPROVED,,
AR01535,مُرْتَاع,اسم فاعل,48,13542,من أفزعه أمر فاضطرب له.,روع,مُفْتَعِلٌ,roots-4662:روع:المحكم — المعاني,roots-4662:روع:مقاييس — المحور,roots-4662:روع:الأساس — المجاز,مُرْتَاع,APPROVED,,WAZN ← L2_006 فا من اِفْتَعَلَ
AR01536,بِسُرُور,تركيب,48,13832,على حال من الرضا وطيب النفس دون كدر.,,,,,,بِسُرُور,APPROVED,,
AR01537,بِلَهْفَة,تركيب,48,14145,على حال من التشوّق والاضطراب.,,,,,,بِلَهْفَة,APPROVED,,
AR01539,اِنْزِعَاج,مصدر,48,16898,قلق النفس واضطرابها.,زعج,اِنْفِعَالٌ,roots-4662:زعج:المحكم — المعاني,roots-4662:زعج:مقاييس — المحور,,اِنْزِعَاج,APPROVED,,WAZN ← L2_006 مص من اِنْفَعَلَ
AR01540,سَئِمَ,فعل,48,,ملّ الشيء وضجر منه.,سءم,فَعِلَ,roots-4662:سءم:المحكم — المعاني,,,سَئِمَ,APPROVED,,AR_ONLY
AR01542,وَلِهَ,فعل,48,,ذهب عقله من شدة الحب أو الحزن.,وله,فَعِلَ,roots-4662:وله:المحكم — المعاني,roots-4662:وله:مقاييس — المحور,,وَلِهَ,APPROVED,,AR_ONLY
AR01544,اِرْتَاحَ,فعل,48,,سكنت نفسه إلى الشيء وطابت به.,روح,اِفْتَعَلَ,roots-4662:روح:المحكم — المعاني,roots-4662:روح:مقاييس — المحور,roots-4662:روح:الأساس — المجاز,اِرْتَاحَ,APPROVED,,AR_ONLY
AR01546,غَمَّ,فعل,47,780;801,أثقل نفسه بالهمّ والكآبة حتى ضاق صدره.,غمم,فَعَلَ,roots-4662:غمم:المحكم — المعاني,roots-4662:غمم:مقاييس — المحور,roots-4662:غمم:الأساس — المجاز,غَمَّ,APPROVED,,
AR01548,أَفْزَعَ,فعل,47,781;818;840;845;850,أدخل عليه خوفاً مفاجئاً فاضطرب له.,فزع,أَفْعَلَ,roots-4662:فزع:المحكم — المعاني,roots-4662:فزع:مقاييس — المحور,,أَفْزَعَ,APPROVED,,
AR01549,ذَعَرَ,فعل,47,781;846,أخافه خوفاً شديداً مباغتاً.,ذعر,فَعَلَ,roots-4662:ذعر:المحكم — المعاني,roots-4662:ذعر:مقاييس — المحور,,ذَعَرَ,APPROVED,,
AR01550,أَدْهَشَ,فعل,47,782;786;849;4210,أوقعه في الدهشة والتعجّب لأمر لم يتوقّعه.,دهش,أَفْعَلَ,roots-4662:دهش:المحكم — المعاني,roots-4662:دهش:مقاييس — النص,,أَدْهَشَ,APPROVED,,
AR01551,أَذْهَلَ,فعل,47,782;787;848;4215;4299;13264;15121,أدهشه دهشة شديدة حتى غاب عن رشده لحظة.,ذهل,أَفْعَلَ,roots-4662:ذهل:المحكم — المعاني,roots-4662:ذهل:مقاييس — المحور,,أَذْهَلَ,APPROVED,,
AR01552,أَغْضَبَ,فعل,47,783;826,حمله على الغضب.,غضب,أَفْعَلَ,roots-4662:غضب:المحكم — المعاني,roots-4662:غضب:مقاييس — المحور,roots-4662:غضب:الأساس — المجاز,أَغْضَبَ,APPROVED,,
AR01553,غَاظَ,فعل,47,783;812;815;820;828;837;4211;4220;4293;4317,ملأ صدره غيظاً وغضباً مكتوماً.,غيظ,فَعَلَ,roots-4662:غيظ:المحكم — المعاني,roots-4662:غيظ:مقاييس — المحور,roots-4662:غيظ:الأساس — المجاز,غَاظَ,APPROVED,,
AR01554,أَزْعَجَ,فعل,47,784;807;809;828;853;854;15081;15108,أقلق راحته وكدّر عليه سكونه.,زعج,أَفْعَلَ,roots-4662:زعج:المحكم — المعاني,roots-4662:زعج:مقاييس — المحور,,أَزْعَجَ,APPROVED,,
AR01558,أَوْغَرَ صَدْرَهُ,تركيب,47,785;4297,ملأ قلبه حقداً وغيظاً على غيره.,,,,,,أَوْغَرَ صَدْرَهُ,APPROVED,,
AR01562,أَعْيَا,فعل,47,788,أعجزه فهمُه فلم يجد له وجهاً.,عيي,أَفْعَلَ,,,,أَعْيَا,APPROVED,,
AR01563,أَرْبَكَ,فعل,47,789;797;803;804;835;4296;4318;7144;7145,أخلط عليه أمره فاضطرب ولم يتماسك.,ربك,أَفْعَلَ,roots-4662:ربك:المحكم — المعاني,roots-4662:ربك:مقاييس — المحور,roots-4662:ربك:الأساس — المجاز,أَرْبَكَ,APPROVED,,
AR01564,سَحَرَ,فعل,47,790;793;811;814;6051,استمال قلبه بجماله أو بيانه كأنّه سحر.,سحر,فَعَلَ,roots-4662:سحر:المحكم — المعاني,roots-4662:سحر:مقاييس — المحور,roots-4662:سحر:الأساس — المجاز,سَحَرَ,APPROVED,,
AR01565,فَتَنَ,فعل,47,790;792;793;811;817;6051,أعجبه إعجاباً شديداً حتى تعلّق به.,فتن,فَعَلَ,roots-4662:فتن:المحكم — المعاني,roots-4662:فتن:مقاييس — المحور,,فَتَنَ,APPROVED,,
AR01566,هَدَّأَ,فعل,47,791;829;830;844,أذهب اضطرابه حتى سكن.,هدء,فَعَّلَ,roots-4662:هدء:المحكم — المعاني,,roots-4662:هدء:الأساس — المجاز,هَدَّأَ,APPROVED,,
AR01567,سَكَّنَ,فعل,47,791;830;844,أزال هيجانه وأعاده إلى السكينة.,سكن,فَعَّلَ,roots-4662:سكن:المحكم — المعاني,roots-4662:سكن:مقاييس — المحور,roots-4662:سكن:الأساس — المجاز,سَكَّنَ,APPROVED,,
AR01569,سَلَبَ لُبَّهُ,تركيب,47,792,استولى على عقله إعجاباً حتى ذهل.,,,,,,سَلَبَ لُبَّهُ,APPROVED,,
AR01571,أَفْرَحَ,فعل,47,794;821,جعله يفرح.,فرح,أَفْعَلَ,roots-4662:فرح:المحكم — المعاني,roots-4662:فرح:مقاييس — المحور,,أَفْرَحَ,APPROVED,,
AR01573,سَلَّى,فعل,47,795;798;813;4219,خفّف همّه وشغله عنه بما يؤنسه.,سلو,فَعَّلَ,roots-4662:سلو:المحكم — المعاني,roots-4662:سلو:مقاييس — المحور,,سَلَّى,APPROVED,,
AR01574,اِسْتَرْضَى,فعل,47,796;832,طلب رضاه وتلطّف به حتى سكن غضبه.,رضو,اِسْتَفْعَلَ,roots-4662:رضو:المحكم — المعاني,,,اِسْتَرْضَى,APPROVED,,
AR01575,اِسْتَمَالَ,فعل,47,796,تلطّف به حتى مال إليه وزالت نفرته.,ميل,اِسْتَفْعَلَ,roots-4662:ميل:المحكم — المعاني,roots-4662:ميل:مقاييس — النص,roots-4662:ميل:الأساس — المجاز,اِسْتَمَالَ,APPROVED,,
AR01578,سَرَّ,فعل,47,800;821;822;833,أدخل السرور على قلبه.,سرر,فَعَلَ,roots-4662:سرر:المحكم — المعاني,roots-4662:سرر:مقاييس — النص,roots-4662:سرر:الأساس — المجاز,سَرَّ,APPROVED,,
AR01579,كَرَبَ,فعل,47,801;808,اشتدّ عليه الغمّ حتى ضاق به.,كرب,فَعَلَ,roots-4662:كرب:المحكم — المعاني,roots-4662:كرب:مقاييس — المحور,roots-4662:كرب:الأساس — المجاز,كَرَبَ,APPROVED,,
AR01580,خَيَّبَ,فعل,47,802;819;17610,لم يحقّق رجاءه فردّه خائباً.,خيب,فَعَّلَ,roots-4662:خيب:المحكم — المعاني,roots-4662:خيب:مقاييس — المحور,roots-4662:خيب:الأساس — المجاز,خَيَّبَ,APPROVED,,
AR01581,خَيَّبَ أَمَلَهُ,تركيب,47,802,لم يحقّق ما كان يرجوه فانكسر قلبه.,,,,,,خَيَّبَ أَمَلَهُ,APPROVED,,
AR01582,خَذَلَ,فعل,47,802;17610,ترك نصرته وقد كان يرجوها فخاب ظنّه.,خذل,فَعَلَ,roots-4662:خذل:المحكم — المعاني,roots-4662:خذل:مقاييس — المحور,roots-4662:خذل:الأساس — المجاز,خَذَلَ,APPROVED,,
AR01586,أَيْأَسَ,فعل,47,806,قطع رجاءه حتى يئس.,يءس,أَفْعَلَ,roots-4662:يءس:المحكم — المعاني,roots-4662:يءس:مقاييس — المحور,roots-4662:يءس:الأساس — المجاز,أَيْأَسَ,APPROVED,,
AR01587,فَتَّ فِي عَضُدِهِ,تركيب,47,806;852,أضعف عزيمته وأوهن همّته.,,,,,,فَتَّ فِي عَضُدِهِ,APPROVED,,
AR01588,سَاءَ,فعل,47,807,وقع منه موقع الكراهة فلم يرضَ به.,سوء,فَعَلَ,roots-4662:سوء:المحكم — المعاني,,,سَاءَ,APPROVED,,
AR01589,أَقْلَقَ,فعل,47,809;835;853;4217;6532;15107,أذهب سكونه وجعله مضطرباً قلقاً.,قلق,أَفْعَلَ,roots-4662:قلق:المحكم — المعاني,roots-4662:قلق:مقاييس — المحور,,أَقْلَقَ,APPROVED,,
AR01590,أَخْجَلَ,فعل,47,810;842;4292;4320,حمله على الخجل والاستحياء.,خجل,أَفْعَلَ,roots-4662:خجل:المحكم — المعاني,roots-4662:خجل:مقاييس — المحور,,أَخْجَلَ,APPROVED,,
AR01592,أَمْتَعَ,فعل,47,813,أدخل عليه المتعة والأنس.,متع,أَفْعَلَ,roots-4662:متع:المحكم — المعاني,roots-4662:متع:مقاييس — المحور,roots-4662:متع:الأساس — المجاز,أَمْتَعَ,APPROVED,,
AR01595,اِسْتَهْوَى,فعل,47,817;15110,جذبه إليه وحبّبه إلى نفسه.,هوي,اِسْتَفْعَلَ,roots-4662:هوي:المحكم — المعاني,roots-4662:هوي:مقاييس — المحور,roots-4662:هوي:الأساس — المجاز,اِسْتَهْوَى,APPROVED,,
AR01596,أَخَافَ,فعل,47,818;840,جعله يخاف ويتوقّع مكروهاً.,خوف,أَفْعَلَ,roots-4662:خوف:المحكم — المعاني,roots-4662:خوف:مقاييس — المحور,roots-4662:خوف:الأساس — المجاز,أَخَافَ,APPROVED,,
AR01597,خَوَّفَ,فعل,47,818;6489,أوقع الخوف في نفسه.,خوف,فَعَّلَ,roots-4662:خوف:المحكم — المعاني,roots-4662:خوف:مقاييس — المحور,roots-4662:خوف:الأساس — المجاز,خَوَّفَ,APPROVED,,
AR01598,حَزَّ فِي نَفْسِهِ,تركيب,47,820;4317;16407,آلمه وبقي أثره في نفسه.,,,,,,حَزَّ فِي نَفْسِهِ,APPROVED,,
AR01599,أَرْضَى,فعل,47,822;829;832;833;839;14987,جعله راضياً قانعاً بما ناله.,رضو,أَفْعَلَ,roots-4662:رضو:المحكم — المعاني,,,أَرْضَى,APPROVED,,
AR01601,شَدَّ أَزْرَهُ,تركيب,47,823;15584,قوّاه وشجّعه فاشتدّ عزمه.,,,,,,شَدَّ أَزْرَهُ,APPROVED,,
AR01602,أَذَلَّ,فعل,47,824,حطّ من عزّته وكرامته.,ذلل,أَفْعَلَ,roots-4662:ذلل:المحكم — المعاني,roots-4662:ذلل:مقاييس — المحور,roots-4662:ذلل:الأساس — المجاز,أَذَلَّ,APPROVED,,
AR01603,أَهَانَ,فعل,47,824,استخفّ به وجرح كرامته.,هون,أَفْعَلَ,roots-4662:هون:المحكم — المعاني,roots-4662:هون:مقاييس — المحور,,أَهَانَ,APPROVED,,
AR01605,طَمْأَنَ,فعل,47,836,أزال شكّه وخوفه فاطمأنّت نفسه.,طمءن,فَعْلَلَ,v21:طمأن:المحكم — المعاني,,,طَمْأَنَ,APPROVED,,
AR01606,اِسْتَفَزَّ,فعل,47,837;4220;4322,أثاره واستخفّه حتى غضب.,فزز,اِسْتَفْعَلَ,roots-4662:فزز:المحكم — المعاني,roots-4662:فزز:مقاييس — المحور,,اِسْتَفَزَّ,APPROVED,,
AR01608,هَزَّ,فعل,47,841,أثّر في نفسه تأثيراً شديداً فاضطربت له.,هزز,فَعَلَ,roots-4662:هزز:المحكم — المعاني,roots-4662:هزز:مقاييس — المحور,roots-4662:هزز:الأساس — المجاز,هَزَّ,APPROVED,,
AR01609,زَلْزَلَ,فعل,47,841,زعزع نفسه وأقلقها قلقاً شديداً.,زلزل,فَعْلَلَ,,,,زَلْزَلَ,APPROVED,,
AR01610,أَخْزَى,فعل,47,842;4320,أوقعه في الخزي والذلّ والاستحياء.,خزي,أَفْعَلَ,roots-4662:خزي:المحكم — المعاني,,,أَخْزَى,APPROVED,,
AR01612,رَوَّعَ,فعل,47,843;850;4328,أفزعه فزعاً شديداً حتى اضطرب قلبه.,روع,فَعَّلَ,roots-4662:روع:المحكم — المعاني,roots-4662:روع:مقاييس — المحور,roots-4662:روع:الأساس — المجاز,رَوَّعَ,APPROVED,,
AR01614,حَفَّزَ,فعل,47,847,حثّه وأثار نشاطه ورغبته.,حفز,فَعَّلَ,v21:حفز:المحكم — المعاني,v21:حفز:مقاييس — المحور,,حَفَّزَ,APPROVED,,
AR01615,فَاجَأَ,فعل,47,849,أتاه بما لم يكن يتوقّعه فأدهشه.,فجء,فَاعَلَ,roots-4662:فجء:المحكم — المعاني,,,فَاجَأَ,APPROVED,,
AR01616,أَرْعَبَ,فعل,47,850;4328,ملأ قلبه رعباً وخوفاً شديداً.,رعب,أَفْعَلَ,roots-4662:رعب:المحكم — المعاني,roots-4662:رعب:مقاييس — المحور,roots-4662:رعب:الأساس — المجاز,أَرْعَبَ,APPROVED,,
AR01618,أَرْهَبَ,فعل,47,852;6489,أخافه وأوقع في نفسه الرهبة والهيبة.,رهب,أَفْعَلَ,roots-4662:رهب:المحكم — المعاني,roots-4662:رهب:مقاييس — المحور,roots-4662:رهب:الأساس — المجاز,أَرْهَبَ,APPROVED,,
AR01619,كَدَّرَ,فعل,47,854;4211;4217,عكّر صفو نفسه فاغتمّ.,كدر,فَعَّلَ,roots-4662:كدر:المحكم — المعاني,roots-4662:كدر:مقاييس — المحور,roots-4662:كدر:الأساس — المجاز,كَدَّرَ,APPROVED,,
AR01620,أَمَلَّ,فعل,47,4123,جعله يملّ ويسأم لطول أو رتابة.,ملل,أَفْعَلَ,roots-4662:ملل:المحكم — المعاني,roots-4662:ملل:مقاييس — المحور,,أَمَلَّ,APPROVED,,
AR01621,أَسْأَمَ,فعل,47,4123,أوقعه في السأم وفتور الرغبة.,سءم,أَفْعَلَ,roots-4662:سءم:المحكم — المعاني,,,أَسْأَمَ,APPROVED,,
AR01622,إِزْعَاج,مصدر,47,4212,إثارة القلق والضيق في نفس غيره.,زعج,إِفْعَالٌ,roots-4662:زعج:المحكم — المعاني,roots-4662:زعج:مقاييس — المحور,,إِزْعَاج,APPROVED,,
AR01625,أَثَارَ اشْمِئْزَازَهُ,تركيب,47,4214;4329;4332,جعله ينفر ويتقزّز من الشيء.,,,,,,أَثَارَ اشْمِئْزَازَهُ,APPROVED,,
AR01626,أَضْحَكَ,فعل,47,4216,حمله على الضحك والاستظراف.,ضحك,أَفْعَلَ,v21:ضحك:المحكم — المعاني,v21:ضحك:مقاييس — النص,v21:ضحك:الأساس — المجاز,أَضْحَكَ,APPROVED,,
AR01627,رَاقَ,فعل,47,4216;15082,استحسنه وسُرّ به، يقال راقه الشيء.,روق,فَعَلَ,roots-4662:روق:المحكم — المعاني,roots-4662:روق:مقاييس — المحور,roots-4662:روق:الأساس — المجاز,رَاقَ,APPROVED,,
AR01628,أَهَمَّ,فعل,47,4217;15107,أوقعه في الهمّ والقلق، يقال أهمّه الأمر.,همم,أَفْعَلَ,roots-4662:همم:المحكم — المعاني,,,أَهَمَّ,APPROVED,,
AR01630,لَذَعَ,فعل,47,4218,آلمه بكلام حادّ.,لذع,فَعَلَ,roots-4662:لذع:المحكم — المعاني,roots-4662:لذع:مقاييس — المحور,,لَذَعَ,APPROVED,,
AR01631,أَنْعَشَ,فعل,47,4295,بعث فيه النشاط والانشراح.,نعش,أَفْعَلَ,roots-4662:نعش:المحكم — المعاني,roots-4662:نعش:مقاييس — المحور,,أَنْعَشَ,APPROVED,,
AR01632,أَفْحَمَ,فعل,47,4300,أسكته فلم يجد جواباً ولا مخرجاً.,فحم,أَفْعَلَ,roots-4662:فحم:المحكم — المعاني,roots-4662:فحم:مقاييس — المحور,,أَفْحَمَ,APPROVED,,
AR01633,أَسْخَطَ,فعل,47,4325;11972,حمله على السخط وشدّة الإنكار.,سخط,أَفْعَلَ,,,,أَسْخَطَ,APPROVED,,
AR01634,نَفَّرَ,فعل,47,4329;4332,جعله ينفر ويكره الشيء.,نفر,فَعَّلَ,roots-4662:نفر:المحكم — المعاني,roots-4662:نفر:مقاييس — المحور,roots-4662:نفر:الأساس — المجاز,نَفَّرَ,APPROVED,,
AR01636,آلَمَ,فعل,47,5296;15582,أوجع نفسه وأحزنها.,ءلم,أَفْعَلَ,v21:ألم:المحكم — المعاني,v21:ألم:مقاييس — المحور,,آلَمَ,APPROVED,,
AR01637,فَجَعَ,فعل,47,6460;15013,أوجعه بمصيبة عظيمة.,فجع,فَعَلَ,roots-4662:فجع:المحكم — المعاني,roots-4662:فجع:مقاييس — النص,,فَجَعَ,APPROVED,,
AR01638,اِسْتَرْعَى انْتِبَاهَهُ,تركيب,47,6471,لفت نظره وشغل اهتمامه.,,,,,,اِسْتَرْعَى انْتِبَاهَهُ,APPROVED,,
AR01640,أَثَارَ فُضُولَهُ,تركيب,47,6475,حرّك رغبته في معرفة الأمر.,,,,,,أَثَارَ فُضُولَهُ,APPROVED,,
AR01641,أَقَضَّ مَضْجَعَهُ,تركيب,47,6532,أقلقه قلقاً شديداً حتى جفاه النوم.,,,,,,أَقَضَّ مَضْجَعَهُ,APPROVED,,
AR01642,هَيَّجَ,فعل,47,6922;15061,حرّك مشاعره وأثارها.,هيج,فَعَّلَ,roots-4662:هيج:المحكم — المعاني,roots-4662:هيج:مقاييس — المحور,roots-4662:هيج:الأساس — المجاز,هَيَّجَ,APPROVED,,
AR01643,مُفَاجَأَة,مصدر,47,12785,أمر غير متوقّع يقع فيُدهش.,فجء,مُفَاعَلَةٌ,roots-4662:فجء:المحكم — المعاني,,,مُفَاجَأَة,APPROVED,,WAZN ← L2_006 مص من فَاعَلَ
AR01644,قَلَق,مصدر,47,14612,اضطراب النفس وانزعاجها.,قلق,فَعَلٌ,roots-4662:قلق:المحكم — المعاني,roots-4662:قلق:مقاييس — المحور,,قَلَق,APPROVED,,
AR01645,هَمّ,مصدر,47,14612,ما يشغل النفس ويحزنها.,همم,فَعْلٌ,roots-4662:همم:المحكم — المعاني,,,هَمّ,APPROVED,,
AR01647,كَسَرَ قَلْبَهُ,تركيب,47,15009,أحزنه حزناً شديداً حتى انكسرت نفسه.,,,,,,كَسَرَ قَلْبَهُ,APPROVED,,
AR01648,أَوْجَعَ,فعل,47,15582,آلمه ألماً شديداً في نفسه.,وجع,أَفْعَلَ,roots-4662:وجع:المحكم — المعاني,roots-4662:وجع:مقاييس — النص,,أَوْجَعَ,APPROVED,,
AR01649,أَمَضَّ,فعل,47,16407,أوجعه وشقّ عليه، يقال أمضّه الأمر.,مضض,أَفْعَلَ,roots-4662:مضض:المحكم — المعاني,roots-4662:مضض:مقاييس — المحور,roots-4662:مضض:الأساس — المجاز,أَمَضَّ,APPROVED,,
AR01652,أَوْحَشَ,فعل,47,,أوقع في نفسه الوحشة والانقباض.,وحش,أَفْعَلَ,roots-4662:وحش:المحكم — المعاني,roots-4662:وحش:مقاييس — المحور,,أَوْحَشَ,APPROVED,,AR_ONLY
AR01654,أَقَرَّ عَيْنَهُ,تركيب,47,,أسرّه وأرضاه فسكنت نفسه.,,,,,,أَقَرَّ عَيْنَهُ,APPROVED,,AR_ONLY
AR01655,أَثْلَجَ صَدْرَهُ,تركيب,47,,أفرحه وأزال همّه.,,,,,,أَثْلَجَ صَدْرَهُ,APPROVED,,AR_ONLY
AR01656,مُولَع,اسم مفعول,136,2675,شديدُ التعلّق بمجالٍ ما حتى صار واسع المعرفة به.,ولع,مُفْعَلٌ,roots-4662:ولع:المحكم — المعاني,roots-4662:ولع:مقاييس — المحور,,مُولَع,APPROVED,,
AR01657,هَاوِي,اسم فاعل,136,2675;3155,من يشتغل بفنّ أو مجال حبّاً له ويُكثر الاطّلاع عليه.,هوي,فَاعِلٌ,roots-4662:هوي:المحكم — المعاني,roots-4662:هوي:مقاييس — المحور,roots-4662:هوي:الأساس — المجاز,هَاوِي,APPROVED,,منقوص؛ يكتب بلا تنوين؛ أصله هاوِيٌ
AR01665,دُرْبَة,اسم مصدر,136,2680,اعتيادُ الأمر والجرأةُ عليه بكثرة المزاولة.,درب,فُعْلَةٌ,roots-4662:درب:المحكم — المعاني,roots-4662:درب:مقاييس — النص,,دُرْبَة,APPROVED,,POS_L2_007:ISM_MASDAR | WAZN_L2_005 ← فُعْلٌ
AR01667,مُتَمَرِّس,اسم فاعل,136,2681,من مارس الأمر طويلاً حتى أحكمه.,مرس,مُتَفَعِّلٌ,roots-4662:مرس:المحكم — المعاني,roots-4662:مرس:مقاييس — المحور,,مُتَمَرِّس,APPROVED,,WAZN ← L2_006 فا من تَفَعَّلَ
AR01670,إِتْقَان,مصدر,136,2698;2734,إحكامُ العلم أو الصنعة حتى تُؤدّى على أتمّ وجه.,تقن,إِفْعَالٌ,v21:تقن:المحكم — المعاني,v21:تقن:مقاييس — المحور,,إِتْقَان,APPROVED,,
AR01671,تَمَكُّن,مصدر,136,2698,القدرةُ الراسخة على علمٍ أو مهارة.,مكن,تَفَعُّلٌ,roots-4662:مكن:المحكم — المعاني,roots-4662:مكن:مقاييس — النص,roots-4662:مكن:الأساس — المجاز,تَمَكُّن,APPROVED,,WAZN ← L2_006 مص من تَفَعَّلَ
AR01672,ذَوَّاق,صيغة مبالغة,136,2700,من دقّ تمييزه بين الجيّد والرديء في الفنّ أو الطعام أو الشراب.,ذوق,فَعَّالٌ,roots-4662:ذوق:المحكم — المعاني,roots-4662:ذوق:مقاييس — المحور,roots-4662:ذوق:الأساس — المجاز,ذَوَّاق,APPROVED,,POS_L2_007:MUBALAGHA
AR01673,مُلِمّ,اسم فاعل,136,2701;2707;8993,من له معرفةٌ حسنةٌ بالأمر.,لمم,مُفْعِلٌ,roots-4662:لمم:المحكم — المعاني,roots-4662:لمم:مقاييس — المحور,,مُلِمّ,APPROVED,,WAZN ← L2_006 فا من أَفْعَلَ
AR01675,نَابِغَة,اسم فاعل,136,2704;2713;2717,من ظهرت موهبته وفاق أقرانه.,نبغ,فَاعِلَةٌ,roots-4662:نبغ:المحكم — المعاني,roots-4662:نبغ:مقاييس — المحور,roots-4662:نبغ:الأساس — المجاز,نَابِغَة,APPROVED,,التاء للمبالغة لا للتأنيث | WAZN_L2_005 ← فَاعِلٌ
AR01678,إِلْمَام,مصدر,136,2708,المعرفةُ بمجالٍ من مجالات العلم.,لمم,إِفْعَالٌ,roots-4662:لمم:المحكم — المعاني,roots-4662:لمم:مقاييس — المحور,,إِلْمَام,APPROVED,,
AR01680,مَاهِر,اسم فاعل,136,2710;2711;2738,من اكتسب الحذق في عمل.,مهر,فَاعِلٌ,,roots-4662:مهر:مقاييس — المحور,,مَاهِر,APPROVED,,
AR01681,فَذّ,صفة مشبهة,136,2712;9252,منفردٌ في مهارته لا نظير له.,فذذ,فَعْلٌ,roots-4662:فذذ:المحكم — المعاني,roots-4662:فذذ:مقاييس — المحور,,فَذّ,APPROVED,,
AR01682,عَبْقَرِيّ,اسم منسوب,136,2713;2717,من بلغ في مجالٍ غايةً من الحذق تُعجب الناس.,عبقر,فَعْلَلِيٌّ,,,,عَبْقَرِيّ,APPROVED,,POS_L2_007:NISBA | WAZN ← L2_007 نسبة فَعْلَلٌ
AR01684,غِرّ,صفة مشبهة,136,2718;2721,من لم يجرّب الأمور.,غرر,فِعْلٌ,roots-4662:غرر:المحكم — المعاني,roots-4662:غرر:مقاييس — المحور,roots-4662:غرر:الأساس — المجاز,غِرّ,APPROVED,,
AR01685,قَلِيلُ الْخِبْرَة,تركيب,136,2721,من لم يكتسب خبرةً كافية.,,,,,,قَلِيلُ الْخِبْرَة,APPROVED,,
AR01686,أَخْرَق,صفة مشبهة,136,2722;8985,من لا يُحسن العمل ولا يعرف وجهه.,خرق,أَفْعَلُ,roots-4662:خرق:المحكم — المعاني,roots-4662:خرق:مقاييس — المحور,roots-4662:خرق:الأساس — المجاز,أَخْرَق,APPROVED,,
AR01689,مُتْقِن,اسم فاعل,136,2733,من يُحكم عمله ويؤدّيه بإجادة.,تقن,مُفْعِلٌ,v21:تقن:المحكم — المعاني,v21:تقن:مقاييس — المحور,,مُتْقِن,APPROVED,,WAZN ← L2_006 فا من أَفْعَلَ
AR01690,كُفْء,صفة مشبهة,136,2733;8983,القادرُ على القيام بالعمل كما ينبغي.,كفء,فُعْلٌ,roots-4662:كفء:المحكم — المعاني,roots-4662:كفء:مقاييس — المحور,roots-4662:كفء:الأساس — المجاز,كُفْء,APPROVED,,
AR01691,كَفَاءَة,مصدر,136,2734;8984,القدرةُ على أداء العمل على وجهه.,كفء,فَعَالَةٌ,roots-4662:كفء:المحكم — المعاني,roots-4662:كفء:مقاييس — المحور,roots-4662:كفء:الأساس — المجاز,كَفَاءَة,APPROVED,,WAZN ← L2_015 المالك
AR01692,طُولُ الْبَاع,تركيب,136,2735,القدرة الواسعة والتمكّن في أمرٍ ما.,,,,,,طُولُ الْبَاع,APPROVED,,
AR01694,تَفَنُّن,مصدر,136,2737,الإتيانُ بفنون الصنعة وأحسنها.,فنن,تَفَعُّلٌ,roots-4662:فنن:المحكم — المعاني,roots-4662:فنن:مقاييس — المحور,,تَفَنُّن,APPROVED,,WAZN ← L2_006 مص من تَفَعَّلَ
AR01695,مَهَارَة,مصدر,136,2739;2742,إتقانُ العمل وحسنُ أدائه.,مهر,فَعَالَةٌ,,roots-4662:مهر:مقاييس — المحور,,مَهَارَة,APPROVED,,WAZN ← L2_015 المالك
AR01696,رَكِيك,صفة مشبهة,136,3156,ضعيفُ الصنعة قليلُ الإحكام.,ركك,فَعِيلٌ,roots-4662:ركك:المحكم — المعاني,roots-4662:ركك:مقاييس — المحور,,رَكِيك,APPROVED,,
AR01698,غَيْرُ كُفْء,تركيب,136,8981,ليس أهلاً للعمل لنقص قدرته.,,,,,,غَيْرُ كُفْء,APPROVED,,
AR01700,قُصُور,مصدر,136,8982,نقصُ القدرة عن بلوغ المطلوب.,قصر,فُعُولٌ,roots-4662:قصر:المحكم — المعاني,roots-4662:قصر:مقاييس — المحور,roots-4662:قصر:الأساس — المجاز,قُصُور,APPROVED,,WAZN ← L2_015 المالك
AR01701,قَدِير,صفة مشبهة,136,8983,قادرٌ على العمل متمكّنٌ منه.,قدر,فَعِيلٌ,roots-4662:قدر:المحكم — المعاني,roots-4662:قدر:مقاييس — المحور,roots-4662:قدر:الأساس — المجاز,قَدِير,APPROVED,,
AR01702,قُدْرَة,مصدر,136,8984,التمكّنُ من أداء العمل.,قدر,فُعْلَةٌ,roots-4662:قدر:المحكم — المعاني,roots-4662:قدر:مقاييس — المحور,roots-4662:قدر:الأساس — المجاز,قُدْرَة,APPROVED,,WAZN_L2_005 ← فُعْلٌ
AR01703,خُرْق,مصدر,136,8986;8987,الجهلُ بالعمل وسوءُ التصرّف فيه.,خرق,فُعْلٌ,roots-4662:خرق:المحكم — المعاني,roots-4662:خرق:مقاييس — المحور,roots-4662:خرق:الأساس — المجاز,خُرْق,APPROVED,,
AR01704,رَدِيء,صفة مشبهة,136,9120;9262;9263,شديدُ الضعف في نشاطٍ أو مهارة.,ردء,فَعِيلٌ,roots-4662:ردء:المحكم — المعاني,,roots-4662:ردء:الأساس — المجاز,رَدِيء,APPROVED,,
AR01705,سَيِّئ,صفة مشبهة,136,9121,ضعيفُ الأداء في نشاطٍ أو مهارة.,سوء,فَيْعِلٌ,roots-4662:سوء:المحكم — المعاني,,,سَيِّئ,APPROVED,,WAZN ← L2_015 المالك
AR01707,رَائِع,اسم فاعل,136,9251;9260;9264;9267,مثيرٌ للإعجاب بقدرته في نشاطٍ أو مهارة.,روع,فَاعِلٌ,roots-4662:روع:المحكم — المعاني,roots-4662:روع:مقاييس — المحور,roots-4662:روع:الأساس — المجاز,رَائِع,APPROVED,,
AR01708,هَائِل,اسم فاعل,136,9252;9264,عظيمُ القدرة في مهارته.,هول,فَاعِلٌ,roots-4662:هول:المحكم — المعاني,roots-4662:هول:مقاييس — المحور,roots-4662:هول:الأساس — المجاز,هَائِل,APPROVED,,
AR01709,مُمْتَاز,اسم فاعل,136,9253;9258;9261,بالغُ الجودة في أدائه.,ميز,مُفْتَعِلٌ,roots-4662:ميز:المحكم — المعاني,roots-4662:ميز:مقاييس — المحور,roots-4662:ميز:الأساس — المجاز,مُمْتَاز,APPROVED,,WAZN ← L2_006 فا من اِفْتَعَلَ
AR01711,مُذْهِل,اسم فاعل,136,9254;9257;9260,بلغ في مهارته حدّاً يدهش.,ذهل,مُفْعِلٌ,roots-4662:ذهل:المحكم — المعاني,roots-4662:ذهل:مقاييس — المحور,,مُذْهِل,APPROVED,,WAZN ← L2_006 فا من أَفْعَلَ
AR01712,مُتَوَسِّط,اسم فاعل,136,9255;9256,بين الجيّد والرديء في نشاطٍ أو مهارة.,وسط,مُتَفَعِّلٌ,roots-4662:وسط:المحكم — المعاني,roots-4662:وسط:مقاييس — المحور,roots-4662:وسط:الأساس — المجاز,مُتَوَسِّط,APPROVED,,WAZN ← L2_006 فا من تَفَعَّلَ
AR01713,خَارِق,اسم فاعل,136,9257,متجاوزٌ للمعتاد في قدرته.,خرق,فَاعِلٌ,roots-4662:خرق:المحكم — المعاني,roots-4662:خرق:مقاييس — المحور,roots-4662:خرق:الأساس — المجاز,خَارِق,APPROVED,,
AR01716,فَائِق,اسم فاعل,136,9261;9265,يعلو غيره في الكفاءة.,فوق,فَاعِلٌ,roots-4662:فوق:المحكم — المعاني,roots-4662:فوق:مقاييس — المحور,roots-4662:فوق:الأساس — المجاز,فَائِق,APPROVED,,
AR01717,فَظِيع,صفة مشبهة,136,9262,شديدُ السوء في نشاطٍ أو مهارة.,فظع,فَعِيلٌ,roots-4662:فظع:المحكم — المعاني,roots-4662:فظع:مقاييس — النص,,فَظِيع,APPROVED,,
AR01718,فَاشِل,اسم فاعل,136,9263,لا يُفلح في نشاطٍ أو مهارة.,فشل,فَاعِلٌ,roots-4662:فشل:المحكم — المعاني,roots-4662:فشل:مقاييس — النص,,فَاشِل,APPROVED,,
AR01719,مُنْقَطِعُ النَّظِير,تركيب,136,9265,لا يُدانيه أحد في كفاءته.,,,,,,مُنْقَطِعُ النَّظِير,APPROVED,,
AR01720,مُتَفَوِّق,اسم فاعل,136,9266,بارعٌ يعلو غيره في نشاطٍ أو مهارة.,فوق,مُتَفَعِّلٌ,roots-4662:فوق:المحكم — المعاني,roots-4662:فوق:مقاييس — المحور,roots-4662:فوق:الأساس — المجاز,مُتَفَوِّق,APPROVED,,WAZN ← L2_006 فا من تَفَعَّلَ
AR01722,دِرَايَة,مصدر,136,11629,المعرفةُ العملية بكيفية أداء الأمر.,دري,فِعَالَةٌ,roots-4662:دري:المحكم — المعاني,roots-4662:دري:مقاييس — النص,roots-4662:دري:الأساس — المجاز,دِرَايَة,APPROVED,,WAZN_L2_005 ← فِعَالٌ
AR01723,مُتَخَصِّص,اسم فاعل,136,13210,من قصر عنايته على مجالٍ واحد حتى أتقنه.,خصص,مُتَفَعِّلٌ,roots-4662:خصص:المحكم — المعاني,roots-4662:خصص:مقاييس — المحور,roots-4662:خصص:الأساس — المجاز,مُتَخَصِّص,APPROVED,,WAZN ← L2_006 فا من تَفَعَّلَ
AR01724,اِخْتِصَاصِيّ,اسم منسوب,136,13210,صاحبُ العلم الدقيق بمجالٍ معيّن.,خصص,اِفْتِعَالِيٌّ,roots-4662:خصص:المحكم — المعاني,roots-4662:خصص:مقاييس — المحور,roots-4662:خصص:الأساس — المجاز,اِخْتِصَاصِيّ,APPROVED,,POS_L2_007:NISBA | WAZN ← L2_007 نسبة اِفْتِعَالٌ
AR01726,حَدِيثُ الْعَهْد,تركيب,136,13331,قريبُ الصلة بالأمر لم يتمرّس فيه.,,,,,,حَدِيثُ الْعَهْد,APPROVED,,
AR01728,تَفَوَّقَ,فعل,136,13826,علا غيره في الأداء.,فوق,تَفَعَّلَ,roots-4662:فوق:المحكم — المعاني,roots-4662:فوق:مقاييس — المحور,roots-4662:فوق:الأساس — المجاز,تَفَوَّقَ,APPROVED,,
AR01730,قَوِيّ,صفة مشبهة,136,17040,ذو قدرةٍ بارزة في نشاطٍ أو مجال.,قوي,فَعِيلٌ,,roots-4662:قوي:مقاييس — المحور,,قَوِيّ,APPROVED,,
AR01732,غَيْرُ مُخْتَصّ,تركيب,136,17106;17107,من لا يملك خبرةً متخصّصة في مجالٍ ما.,,,,,,غَيْرُ مُخْتَصّ,APPROVED,,
AR01733,نِحْرِير,صفة مشبهة,136,,الحاذقُ الماهر المجرِّب.,نحر,فِعْلِيلٌ,roots-4662:نحر:المحكم — المعاني,,roots-4662:نحر:الأساس — المجاز,نِحْرِير,APPROVED,,AR_ONLY
AR01734,جِهْبِذ,اسم جامد,136,,الناقدُ الخبير بتمييز الجيّد من الرديء.,جهبذ,فِعْلِلٌ,,,,جِهْبِذ,APPROVED,,AR_ONLY
AR01735,تَمَرُّس,مصدر,136,,طولُ الممارسة حتى الإحكام.,مرس,تَفَعُّلٌ,roots-4662:مرس:المحكم — المعاني,roots-4662:مرس:مقاييس — المحور,,تَمَرُّس,APPROVED,,AR_ONLY | WAZN ← L2_006 مص من تَفَعَّلَ
AR01736,زَيَّنَ,فعل,59,1007;7131;15822,جعل على الشيء أو فيه ما يحسّنه ويجمّله.,زين,فَعَّلَ,roots-4662:زين:المحكم — المعاني,roots-4662:زين:مقاييس — المحور,roots-4662:زين:الأساس — المجاز,زَيَّنَ,APPROVED,,
AR01738,دَهَنَ,فعل,59,1008;1014;2584;3894;7108,طلى سطح الشيء بالدهن أو الزيت أو الطلاء.,دهن,فَعَلَ,roots-4662:دهن:المحكم — المعاني,roots-4662:دهن:مقاييس — المحور,roots-4662:دهن:الأساس — المجاز,دَهَنَ,APPROVED,,
AR01739,مَسَحَ,فعل,59,1008,أمرّ يده بالدهن أو الزيت على الشيء فطلاه به.,مسح,فَعَلَ,roots-4662:مسح:المحكم — المعاني,roots-4662:مسح:مقاييس — المحور,roots-4662:مسح:الأساس — المجاز,مَسَحَ,APPROVED,,
AR01740,غَطَّى,فعل,59,1009,جعل فوق الشيء ما يستره أو يحميه.,غطي,فَعَّلَ,,,,غَطَّى,APPROVED,,ويذكر أيضًا في غطو
AR01741,كَسَا,فعل,59,1009;2576;3901;3904;7138;15775,جعل على سطح الشيء طبقة أو غطاء تعمّه.,كسو,فَعَلَ,roots-4662:كسو:المحكم — المعاني,,,كَسَا,APPROVED,,
AR01742,ذَرَّ,فعل,59,1010,فرّق مسحوقًا دقيقًا على الشيء فغطّاه به تغطية خفيفة.,ذرر,فَعَلَ,roots-4662:ذرر:المحكم — المعاني,roots-4662:ذرر:مقاييس — المحور,roots-4662:ذرر:الأساس — المجاز,ذَرَّ,APPROVED,,
AR01746,عَبَّأَ,فعل,59,1012;3908,ملأ الوعاء بشيء ورتّبه فيه.,عبء,فَعَّلَ,v21:عبأ:المحكم — المعاني,v21:عبأ:مقاييس — المحور,,عَبَّأَ,APPROVED,,
AR01747,لَطَّخَ,فعل,59,1013;2575;2578;2588,لوّث سطح الشيء بمادة لزجة أو دسمة.,لطخ,فَعَّلَ,roots-4662:لطخ:المحكم — المعاني,roots-4662:لطخ:مقاييس — المحور,,لَطَّخَ,APPROVED,,
AR01749,لَفَّ,فعل,59,1016,أدار على الشيء ما يحيط به من كل جانب.,لفف,فَعَلَ,roots-4662:لفف:المحكم — المعاني,roots-4662:لفف:مقاييس — المحور,,لَفَّ,APPROVED,,
AR01750,غَلَّفَ,فعل,59,1016,جعل للشيء غلافًا يحيط به.,غلف,فَعَّلَ,roots-4662:غلف:المحكم — المعاني,roots-4662:غلف:مقاييس — النص,,غَلَّفَ,APPROVED,,
AR01753,كَدَّسَ,فعل,59,2580;2599;2612,ملأ المكان بأشياء مكوّمة بعضها فوق بعض.,كدس,فَعَّلَ,roots-4662:كدس:المحكم — المعاني,roots-4662:كدس:مقاييس — النص,roots-4662:كدس:الأساس — المجاز,كَدَّسَ,APPROVED,,
AR01755,زَرَعَ,فعل,59,2581;2626,ملأ الأرض بالبذور أو الشتلات.,زرع,فَعَلَ,roots-4662:زرع:المحكم — المعاني,roots-4662:زرع:مقاييس — المحور,roots-4662:زرع:الأساس — المجاز,زَرَعَ,APPROVED,,
AR01756,نَجَّدَ,فعل,59,2585,زيّن البيت بالستور والفرش والبُسط.,نجد,فَعَّلَ,roots-4662:نجد:المحكم — المعاني,roots-4662:نجد:مقاييس — المحور,roots-4662:نجد:الأساس — المجاز,نَجَّدَ,APPROVED,,في الاستعمال المعاصر غلبت عليه حشو الفرش
AR01757,رَشَّ,فعل,59,2586;2587;2589;2590;2591;2592;2598,فرّق الماء أو السائل على الشيء قطرات.,رشش,فَعَلَ,roots-4662:رشش:المحكم — المعاني,roots-4662:رشش:مقاييس — المحور,roots-4662:رشش:الأساس — المجاز,رَشَّ,APPROVED,,
AR01758,نَضَحَ,فعل,59,2586;2587,رشّ الشيء بالماء ونحوه فبلّله.,نضح,فَعَلَ,roots-4662:نضح:المحكم — المعاني,roots-4662:نضح:مقاييس — المحور,roots-4662:نضح:الأساس — المجاز,نَضَحَ,APPROVED,,
AR01759,نَثَرَ,فعل,59,2590;2627;3925,فرّق الأشياء الصغيرة على السطح متفرّقة.,نثر,فَعَلَ,roots-4662:نثر:المحكم — المعاني,roots-4662:نثر:مقاييس — المحور,roots-4662:نثر:الأساس — المجاز,نَثَرَ,APPROVED,,
AR01760,أَمْطَرَ,فعل,59,2592,أسقط على الشيء شيئًا كثيرًا متتابعًا كالمطر.,مطر,أَفْعَلَ,roots-4662:مطر:المحكم — المعاني,roots-4662:مطر:مقاييس — النص,roots-4662:مطر:الأساس — المجاز,أَمْطَرَ,APPROVED,,يتعدى بالباء إلى الموضوع
AR01761,كَوَّمَ,فعل,59,2599;2612,جمع الشيء بعضه فوق بعض في الموضع حتى يعلو.,كوم,فَعَّلَ,roots-4662:كوم:المحكم — المعاني,roots-4662:كوم:مقاييس — المحور,,كَوَّمَ,APPROVED,,
AR01762,ضَخَّ,فعل,59,2614,دفع السائل أو الغاز بقوة إلى داخل الشيء.,ضخخ,فَعَلَ,v21:ضخخ:المحكم — المعاني,v21:ضخخ:مقاييس — النص,,ضَخَّ,APPROVED,,
AR01763,غَرَسَ,فعل,59,2626,ثبّت الشجر والشتلات في الأرض.,غرس,فَعَلَ,roots-4662:غرس:المحكم — المعاني,roots-4662:غرس:مقاييس — النص,roots-4662:غرس:الأساس — المجاز,غَرَسَ,APPROVED,,
AR01764,زَفَّتَ,فعل,59,3900,طلى الطريق ونحوه بالزفت.,زفت,فَعَّلَ,roots-4662:زفت:المحكم — المعاني,roots-4662:زفت:مقاييس — النص,,زَفَّتَ,APPROVED,,
AR01767,غَمَرَ,فعل,59,3907;3928;5205,علا الشيء وعمّه حتى ستره أو ملأه.,غمر,فَعَلَ,roots-4662:غمر:المحكم — المعاني,roots-4662:غمر:مقاييس — المحور,roots-4662:غمر:الأساس — المجاز,غَمَرَ,APPROVED,,
AR01768,مَلَأَ,فعل,59,3908;6919,جعل الوعاء أو المكان ممتلئًا بشيء.,ملء,فَعَلَ,roots-4662:ملء:المحكم — المعاني,,roots-4662:ملء:الأساس — المجاز,مَلَأَ,APPROVED,,
AR01770,رَصَفَ,فعل,59,7017,فرش الأرض بالحجارة المتلاصقة.,رصف,فَعَلَ,roots-4662:رصف:المحكم — المعاني,roots-4662:رصف:مقاييس — المحور,roots-4662:رصف:الأساس — المجاز,رَصَفَ,APPROVED,,
AR01771,ذَهَّبَ,فعل,59,7127,طلى الشيء بالذهب.,ذهب,فَعَّلَ,roots-4662:ذهب:المحكم — المعاني,roots-4662:ذهب:مقاييس — المحور,roots-4662:ذهب:الأساس — المجاز,ذَهَّبَ,APPROVED,,
AR01772,مَوَّهَ,فعل,59,7127;15630,طلى الشيء بطبقة رقيقة من الذهب أو الفضة أو الصبغ.,موه,فَعَّلَ,roots-4662:موه:المحكم — المعاني,roots-4662:موه:مقاييس — النص,,مَوَّهَ,APPROVED,,
AR01773,زَجَّجَ,فعل,59,7128,طلى الخزف ونحوه بطلاء زجاجي لامع.,زجج,فَعَّلَ,roots-4662:زجج:المحكم — المعاني,roots-4662:زجج:مقاييس — المحور,roots-4662:زجج:الأساس — المجاز,زَجَّجَ,APPROVED,,
AR01777,غَشَّى,فعل,59,,ستر الشيء بغطاء يعلوه.,غشي,فَعَّلَ,roots-4662:غشي:المحكم — المعاني,roots-4662:غشي:مقاييس — المحور,,غَشَّى,APPROVED,,AR_ONLY
AR01778,فَرَشَ,فعل,59,,بسط على الأرض ما يغطيها.,فرش,فَعَلَ,roots-4662:فرش:المحكم — المعاني,roots-4662:فرش:مقاييس — المحور,roots-4662:فرش:الأساس — المجاز,فَرَشَ,APPROVED,,AR_ONLY
AR01779,كَلَّسَ,فعل,59,,طلى الجدار ونحوه بالكلس.,كلس,فَعَّلَ,roots-4662:كلس:المحكم — المعاني,roots-4662:كلس:مقاييس — المحور,,كَلَّسَ,APPROVED,,AR_ONLY
AR01780,فَاكِهَة,اسم جامد,277,5058,ما يؤكل من ثمار الشجر والنبات تفكّهًا، وأكثره حلو ليّن.,فكه,فَاعِلَةٌ,roots-4662:فكه:المحكم — المعاني,roots-4662:فكه:مقاييس — المحور,roots-4662:فكه:الأساس — المجاز,فَاكِهَة,APPROVED,,WAZN_L2_005 ← فَاعِلٌ
AR01784,خُضَار,اسم جامد,277,5061,ما يؤكل من النبات أو أجزائه غير الفاكهة.,خضر,فُعَالٌ,roots-4662:خضر:المحكم — المعاني,roots-4662:خضر:مقاييس — المحور,roots-4662:خضر:الأساس — المجاز,خُضَار,APPROVED,,
AR01787,بَطَاطِس,اسم جامد,277,5063,درنات نباتية نشوية من أهم المحاصيل، تُطهى وتؤكل.,,,,,,بَطَاطِس,APPROVED,,دخيل/معرّب مستقر في الفصحى المعاصرة؛ لا مقابل أصيل شائع
AR01788,بَازِلَّاء,اسم جامد,277,5064,حبّ أخضر مستدير يُطبخ ويؤكل.,,,,,,بَازِلَّاء,APPROVED,,دخيل/معرّب مستقر في الفصحى المعاصرة؛ لا مقابل أصيل شائع
AR01789,لَحْم,اسم جامد,277,5075,ما يؤكل من جسد الحيوان سوى العظم والشحم.,لحم,فَعْلٌ,roots-4662:لحم:المحكم — المعاني,roots-4662:لحم:مقاييس — المحور,roots-4662:لحم:الأساس — المجاز,لَحْم,APPROVED,,
AR01790,لَحْمُ بَقَر,تركيب,277,5076,لحم البقر والثيران المتخذ طعامًا.,,,,,,لَحْمُ بَقَر,APPROVED,,
AR01791,خَرُوف,اسم جامد,277,5077,ولد الضأن الصغير، ويُطلق على لحمه المأكول.,خرف,فَعُولٌ,roots-4662:خرف:المحكم — المعاني,roots-4662:خرف:مقاييس — المحور,,خَرُوف,APPROVED,,
AR01792,لَحْمُ ضَأْن,تركيب,277,5077,لحم الغنم ولا سيما صغارها المتخذ طعامًا.,,,,,,لَحْمُ ضَأْن,APPROVED,,
AR01793,لَحْمُ عِجْل,تركيب,277,5078,لحم ولد البقرة الصغير المتخذ طعامًا.,,,,,,لَحْمُ عِجْل,APPROVED,,
AR01794,دَاجِن,اسم فاعل,277,5079,ما أُلف في البيوت من الطير كالدجاج والبط والإوز، يُربّى للحمه وبيضه.,دجن,فَاعِلٌ,roots-4662:دجن:المحكم — المعاني,roots-4662:دجن:مقاييس — النص,roots-4662:دجن:الأساس — المجاز,دَاجِن,APPROVED,,يكثر في الجمع: دواجن
AR01795,دَجَاج,اسم جامد,277,5080,طائر داجن يُربّى للحمه وبيضه.,دجج,فَعَالٍ,roots-4662:دجج:المحكم — المعاني,roots-4662:دجج:مقاييس — المحور,,دَجَاج,APPROVED,,اسم جنس، واحدته دجاجة | WAZN ← SIBAWAYH_EXISTS
AR01796,فَرُّوج,اسم جامد,277,5080,الصغير من الدجاج، ويُطلق على لحمه المطبوخ.,فرج,فَعُّولٌ,roots-4662:فرج:المحكم — المعاني,roots-4662:فرج:مقاييس — المحور,,فَرُّوج,APPROVED,,
AR01797,دِيكٌ رُومِيّ,تركيب,277,5081,طائر داجن كبير أصله من أمريكا الشمالية، يؤكل لحمه.,,,,,,دِيكٌ رُومِيّ,APPROVED,,
AR01798,سَمَك,اسم جامد,277,5082,حيوان مائي، ويُطلق على لحمه المأكول.,سمك,فَعَلٌ,roots-4662:سمك:المحكم — المعاني,roots-4662:سمك:مقاييس — المحور,roots-4662:سمك:الأساس — المجاز,سَمَك,APPROVED,,
AR01799,سَلْمُون,اسم جامد,277,5083,سمك بحري كبير يهاجر إلى الأنهار ليبيض، يؤكل لحمه الوردي.,,,,,,سَلْمُون,APPROVED,,دخيل/معرّب مستقر في الفصحى المعاصرة؛ لا مقابل أصيل شائع
AR01800,تُونَة,اسم جامد,277,5084,سمك بحري كبير سريع يعيش في أسراب في البحار الدافئة، يؤكل لحمه.,,,,,,تُونَة,APPROVED,,دخيل/معرّب مستقر في الفصحى المعاصرة؛ لا مقابل أصيل شائع
AR01802,رُبْيَان,اسم جامد,277,5086,حيوان بحري صغير من القشريات له أرجل كثيرة، يؤكل.,,,,,,رُبْيَان,APPROVED,,لم يتحقق أصله في المعاجم القديمة؛ ويقال: قريدس، وجمبري
AR01803,كَرْكَنْد,اسم جامد,277,5087,حيوان بحري كبير من القشريات له كلّابتان، يؤكل لحمه.,,,,,,كَرْكَنْد,APPROVED,,دخيل/معرّب مستقر في الفصحى المعاصرة؛ لا مقابل أصيل شائع
AR01805,لَبَن,اسم جامد,277,5089,سائل أبيض يخرج من ضرع الأنعام يُشرب.,لبن,فَعَلٌ,roots-4662:لبن:المحكم — المعاني,roots-4662:لبن:مقاييس — المحور,roots-4662:لبن:الأساس — المجاز,لَبَن,APPROVED,,
AR01808,زُبْدَة,اسم جامد,277,5092,دسم أصفر يُستخرج من الحليب بالمخض ويُدهن به أو يُطبخ.,زبد,فُعْلَةٌ,roots-4662:زبد:المحكم — المعاني,roots-4662:زبد:مقاييس — المحور,roots-4662:زبد:الأساس — المجاز,زُبْدَة,APPROVED,,WAZN_L2_005 ← فُعْلٌ
AR01810,لَوْز,اسم جامد,277,5094,لبّ بيضوي يؤكل من ثمر شجرة اللوز، في قشر خشبي.,لوز,فَعْلٌ,roots-4662:لوز:المحكم — المعاني,roots-4662:لوز:مقاييس — النص,roots-4662:لوز:الأساس — المجاز,لَوْز,APPROVED,,
AR01811,فُولٌ سُودَانِيّ,تركيب,277,5095,بذور نبات تنضج تحت الأرض، تؤكل محمّصة أو يُستخرج منها الزيت.,,,,,,فُولٌ سُودَانِيّ,APPROVED,,ويقال: فستق العبيد
AR01812,مَعْكَرُونَة,اسم جامد,277,5096,عجين يُشكّل أشكالًا شتّى ويُسلق في الماء ويؤكل مع الصلصة.,,,,,,مَعْكَرُونَة,APPROVED,,دخيل/معرّب مستقر في الفصحى المعاصرة؛ لا مقابل أصيل شائع
AR01817,فُلْفُل,اسم جامد,277,5101,مسحوق حرّيف يُصنع من حبّ مجفّف مطحون يُطيَّب به الطعام.,فلل,فُعْلُلٌ,roots-4662:فلل:المحكم — المعاني,roots-4662:فلل:مقاييس — المحور,roots-4662:فلل:الأساس — المجاز,فُلْفُل,APPROVED,,قيل معرّب | L2_011 root فلفل→فلل
AR01818,رَيْحَان,اسم جامد,277,5102,نبات عطري يُستعمل في تطييب الطعام.,روح,فَيْعَلانٌ,roots-4662:روح:المحكم — المعاني,roots-4662:روح:مقاييس — المحور,roots-4662:روح:الأساس — المجاز,رَيْحَان,APPROVED,,أصله رَيْوَحان
AR01819,حُبُوبُ الإِفْطَار,تركيب,277,5103,طعام يُصنع من الحبوب ويؤكل في الصباح مع الحليب غالبًا.,,,,,,حُبُوبُ الإِفْطَار,APPROVED,,
AR01820,خَسّ,اسم جامد,277,5104,نبات بقلي تؤكل أوراقه نيئة في السلطة.,خسس,فَعْلٌ,roots-4662:خسس:المحكم — المعاني,roots-4662:خسس:مقاييس — المحور,,خَسّ,APPROVED,,
AR01823,رَغِيف,اسم جامد,277,5107,قرص من الخبز، ويُقال للصغير منه.,رغف,فَعِيلٌ,roots-4662:رغف:المحكم — المعاني,roots-4662:رغف:مقاييس — النص,roots-4662:رغف:الأساس — المجاز,رَغِيف,APPROVED,,
AR01824,بَسْكَوِيتٌ مَالِح,تركيب,277,5108,رقائق جافة مالحة تؤكل مع الجبن ونحوه.,,,,,,بَسْكَوِيتٌ مَالِح,APPROVED,,
AR01825,كَعْكَة,اسم جامد,277,5109;5114,قطعة من طعام حلو طريّ يُخبز من الدقيق والدهن والبيض والسكر.,كعك,فَعْلَةٌ,,,,كَعْكَة,APPROVED,,الكعك فارسي معرّب في اللسان | WAZN_L2_005 ← فَعْلٌ
AR01826,فَطِيرَة,اسم جامد,277,5110;5112,عجينة تُخبز أو تُقلى، رقيقة أو محشوّة بحلو أو مالح.,فطر,فَعِيلَةٌ,roots-4662:فطر:المحكم — المعاني,roots-4662:فطر:مقاييس — المحور,roots-4662:فطر:الأساس — المجاز,فَطِيرَة,APPROVED,,WAZN_L2_005 ← فَعِيلٌ
AR01827,كَعْكَةُ الجُبْن,تركيب,277,5111,حلوى غنية تُصنع من القشدة والجبن الطري على قاعدة من البسكويت.,,,,,,كَعْكَةُ الجُبْن,APPROVED,,
AR01828,كَرْوَاسَان,اسم جامد,277,5113,خبز هلالي الشكل من عجين هشّ مطبّق يؤكل في الفطور.,,,,,,كَرْوَاسَان,APPROVED,,دخيل/معرّب مستقر في الفصحى المعاصرة؛ لا مقابل أصيل شائع
AR01829,بَسْكَوِيت,اسم جامد,277,5114;5115,قطع صغيرة رقيقة مقرمشة من عجين حلو مخبوز.,,,,,,بَسْكَوِيت,APPROVED,,دخيل/معرّب مستقر في الفصحى المعاصرة؛ لا مقابل أصيل شائع
AR01831,شُوكُولَاتَة,اسم جامد,277,5117,طعام يُصنع من بذور الكاكاو المحمّصة المطحونة ويُحلّى غالبًا.,,,,,,شُوكُولَاتَة,APPROVED,,دخيل/معرّب مستقر في الفصحى المعاصرة؛ لا مقابل أصيل شائع
AR01833,سُكَّر,اسم جامد,277,5119,مادة بلّورية حلوة تُستخرج من قصب السكر أو الشمندر ويُحلّى بها.,سكر,فُعَّلٌ,roots-4662:سكر:المحكم — المعاني,roots-4662:سكر:مقاييس — المحور,,سُكَّر,APPROVED,,فارسي معرّب في اللسان | WAZN ← L2_015 المالك
AR01835,دُهْن,اسم جامد,277,5121,مادة دسمة حيوانية أو نباتية يُطبخ بها.,دهن,فُعْلٌ,roots-4662:دهن:المحكم — المعاني,roots-4662:دهن:مقاييس — المحور,roots-4662:دهن:الأساس — المجاز,دُهْن,APPROVED,,
AR01837,زَيْت,اسم جامد,277,5122,سائل دسم يُعصر من النبات أو يُستخرج من الحيوان ويُطبخ به.,زيت,فَعْلٌ,roots-4662:زيت:المحكم — المعاني,roots-4662:زيت:مقاييس — النص,,زَيْت,APPROVED,,
AR01838,خَلّ,اسم جامد,277,5123,سائل حامض يُتخذ بتخمير العصير ونحوه، يُتبّل به الطعام ويُكبس.,خلل,فَعْلٌ,roots-4662:خلل:المحكم — المعاني,roots-4662:خلل:مقاييس — المحور,roots-4662:خلل:الأساس — المجاز,خَلّ,APPROVED,,
AR01839,قَهْوَة,اسم جامد,277,5124,شراب ساخن يُصنع من حبّ البنّ المحمّص المطحون.,قهو,فَعْلَةٌ,v21:قهو:المحكم — المعاني,v21:قهو:مقاييس — المحور,v21:قهو:الأساس — المجاز,قَهْوَة,APPROVED,,كانت في القديم من أسماء الخمر | WAZN_L2_005 ← فَعْلٌ
AR01843,يَخْنَة,اسم جامد,277,5128,طعام من اللحم والخضار يُطبخ على نار هادئة في مرق.,,,,,,يَخْنَة,APPROVED,,فارسي دخيل
AR01844,صَلْصَة,اسم جامد,277,5129,سائل غليظ يُقدّم مع الطعام لتطييبه وترطيبه.,,,,,,صَلْصَة,APPROVED,,دخيل/معرّب مستقر في الفصحى المعاصرة؛ لا مقابل أصيل شائع
AR01847,صَلْصَةُ الخَلّ,تركيب,277,5131,مزيج من الزيت والخلّ والتوابل تُتبّل به السلطة.,,,,,,صَلْصَةُ الخَلّ,APPROVED,,
AR01848,كَاتْشَب,اسم جامد,277,5132,صلصة حرّيفة تُصنع من الطماطم والخلّ.,,,,,,كَاتْشَب,APPROVED,,دخيل/معرّب مستقر في الفصحى المعاصرة؛ لا مقابل أصيل شائع
AR01849,مَايُونِيز,اسم جامد,277,5133,صلصة كثيفة دسمة من صفار البيض المخفوق بالزيت والخلّ.,,,,,,مَايُونِيز,APPROVED,,دخيل/معرّب مستقر في الفصحى المعاصرة؛ لا مقابل أصيل شائع
AR01850,لَازَانْيَا,اسم جامد,277,6326,طعام إيطالي من رقائق العجين العريضة تُخبز مع اللحم أو الخضار وصلصة الجبن.,,,,,,لَازَانْيَا,APPROVED,,دخيل/معرّب مستقر في الفصحى المعاصرة؛ لا مقابل أصيل شائع
AR01852,غِذَاء,اسم جامد,277,13129,ما يقوم به البدن ونماؤه من طعام وشراب.,غذو,فِعَالٌ,v21:غذو:المحكم — المعاني,,,غِذَاء,APPROVED,,
AR01853,شَاي,اسم جامد,277,13866,شراب ساخن يُصنع بنقع أوراق نبات الشاي المجففة في الماء المغلي.,,,,,,شَاي,APPROVED,,دخيل/معرّب مستقر في الفصحى المعاصرة؛ لا مقابل أصيل شائع
AR01854,مَاء,اسم جامد,277,15542,سائل لا لون له ولا طعم ولا رائحة، به حياة الأحياء ويُشرب.,موه,فَعَلٌ,roots-4662:موه:المحكم — المعاني,roots-4662:موه:مقاييس — النص,,مَاء,APPROVED,,أصله مَوَه أُعلّت العين وأُبدلت الهاء همزة
AR01856,رُطَب,اسم جامد,277,15561,ثمر النخل إذا نضج ولان قبل أن يتمر.,رطب,فُعَلٌ,roots-4662:رطب:المحكم — المعاني,roots-4662:رطب:مقاييس — المحور,roots-4662:رطب:الأساس — المجاز,رُطَب,APPROVED,,
AR01857,مَلْفُوف,اسم مفعول,277,15965,نبات بقلي تلتفّ أوراقه بعضها على بعض، يؤكل مطبوخًا ونيئًا.,لفف,مَفْعُولٌ,roots-4662:لفف:المحكم — المعاني,roots-4662:لفف:مقاييس — المحور,,مَلْفُوف,APPROVED,,
AR01858,كُرُنْب,اسم جامد,277,15965,نبات بقلي تلتفّ أوراقه بعضها على بعض، يؤكل مطبوخًا ونيئًا.,كرنب,فُعُلٌّ,,,,كُرُنْب,APPROVED,,WAZN ← L2_015 المالك
AR01859,وَجْبَةٌ مَيْدَانِيَّة,تركيب,277,16810,طعام جاهز معبّأ يُوزّع على الجنود في الميدان.,,,,,,وَجْبَةٌ مَيْدَانِيَّة,APPROVED,,مقابل وصفي؛ لا لفظ مفرد مستقر
AR01860,جِعَة,اسم جامد,277,16832,شراب مسكر يُتخذ من الشعير المخمّر.,جعو,فِعَةٌ,v21:جعو:المحكم — المعاني,,,جِعَة,APPROVED,,في اللسان: نبيذ الشعير؛ محذوف اللام | WAZN ← L2_015 المالك
AR01862,زَيْتُون,اسم جامد,277,,ثمر شجرة الزيتون يؤكل ويُعصر منه الزيت.,زيت,فَيْعُولٌ,roots-4662:زيت:المحكم — المعاني,roots-4662:زيت:مقاييس — النص,,زَيْتُون,APPROVED,,AR_ONLY؛ ويذكره بعض المعاجم في زتن على فَعْلُون
AR01865,قَمْح,اسم جامد,277,,حبّ يُطحن فيُتخذ منه الدقيق والخبز.,قمح,فَعْلٌ,roots-4662:قمح:المحكم — المعاني,roots-4662:قمح:مقاييس — المحور,roots-4662:قمح:الأساس — المجاز,قَمْح,APPROVED,,AR_ONLY
AR01867,مِلْح,اسم جامد,277,,مادة بلّورية تُطيّب بها الأطعمة.,ملح,فِعْلٌ,roots-4662:ملح:المحكم — المعاني,roots-4662:ملح:مقاييس — النص,roots-4662:ملح:الأساس — المجاز,مِلْح,APPROVED,,AR_ONLY
AR01869,سَنَوِيّ,اسم منسوب,80,1724;1742,ما يحدث أو يصدر مرة في كل سنة.,سنو,فَعَلِيٌّ,roots-4662:سنو:المحكم — المعاني,,roots-4662:سنو:الأساس — المجاز,سَنَوِيّ,APPROVED,,POS_L2_007:NISBA؛ ويذكره بعض المعاجم في سنه | WAZN ← L2_007 نسبة فَعَلٌ
AR01871,كُلَّ سَنَتَيْن,تركيب,80,1725;1727,يدل على حدوث الأمر مرة واحدة في كل سنتين.,,,,,,كُلَّ سَنَتَيْن,APPROVED,,
AR01872,كُلَّ شَهْرَيْن,تركيب,80,1726,يدل على حدوث الأمر مرة واحدة في كل شهرين.,,,,,,كُلَّ شَهْرَيْن,APPROVED,,
AR01874,كُلَّ أُسْبُوعَيْن,تركيب,80,1729,يدل على حدوث الأمر مرة واحدة في كل أسبوعين.,,,,,,كُلَّ أُسْبُوعَيْن,APPROVED,,
AR01875,مُتَكَرِّر,اسم فاعل,80,1730;1737;1738,ما يقع مرة بعد مرة.,كرر,مُتَفَعِّلٌ,roots-4662:كرر:المحكم — المعاني,roots-4662:كرر:مقاييس — المحور,,مُتَكَرِّر,APPROVED,,WAZN ← L2_006 فا من تَفَعَّلَ
AR01876,كَثِير,صفة مشبهة,80,1730,ما تتعدّد مرات وقوعه في مدد متقاربة.,كثر,فَعِيلٌ,roots-4662:كثر:المحكم — المعاني,roots-4662:كثر:مقاييس — النص,,كَثِير,APPROVED,,
AR01877,نَادِر,اسم فاعل,80,1731;14594,ما قلّ وقوعه فلا يكاد يحدث.,ندر,فَاعِلٌ,roots-4662:ندر:المحكم — المعاني,roots-4662:ندر:مقاييس — المحور,roots-4662:ندر:الأساس — المجاز,نَادِر,APPROVED,,
AR01878,قَلِيل,صفة مشبهة,80,1731,ما لا يقع إلا في مرات معدودة متباعدة.,قلل,فَعِيلٌ,roots-4662:قلل:المحكم — المعاني,roots-4662:قلل:مقاييس — المحور,roots-4662:قلل:الأساس — المجاز,قَلِيل,APPROVED,,
AR01879,مُتَقَطِّع,اسم فاعل,80,1732;1740,ما يقع ثم ينقطع ثم يعود على غير انتظام.,قطع,مُتَفَعِّلٌ,roots-4662:قطع:المحكم — المعاني,roots-4662:قطع:مقاييس — المحور,roots-4662:قطع:الأساس — المجاز,مُتَقَطِّع,APPROVED,,WAZN ← L2_006 فا من تَفَعَّلَ
AR01883,غَيْرُ مُنْتَظِم,تركيب,80,1735,ما لا يجري وقوعه على نسق ثابت من الزمن.,,,,,,غَيْرُ مُنْتَظِم,APPROVED,,
AR01884,دَوْرِيّ,اسم منسوب,80,1736,ما يتكرّر وقوعه على فترات من الزمن.,دور,فَعْلِيٌّ,roots-4662:دور:المحكم — المعاني,roots-4662:دور:مقاييس — المحور,,دَوْرِيّ,APPROVED,,POS_L2_007:NISBA | WAZN ← L2_007 نسبة فَعْلٌ
AR01885,مُتَوَاتِر,اسم فاعل,80,1737,ما يتتابع وقوعه مرة بعد مرة.,وتر,مُتَفَاعِلٌ,roots-4662:وتر:المحكم — المعاني,roots-4662:وتر:مقاييس — النص,roots-4662:وتر:الأساس — المجاز,مُتَوَاتِر,APPROVED,,WAZN ← L2_006 فا من تَفَاعَلَ
AR01887,مُتَفَرِّق,اسم فاعل,80,1740,ما يقع في أوقات متباعدة غير منتظمة أو في مواضع قليلة.,فرق,مُتَفَعِّلٌ,roots-4662:فرق:المحكم — المعاني,roots-4662:فرق:مقاييس — المحور,roots-4662:فرق:الأساس — المجاز,مُتَفَرِّق,APPROVED,,WAZN ← L2_006 فا من تَفَعَّلَ
AR01888,أُسْبُوعِيّ,اسم منسوب,80,1741,ما يحدث أو يصدر مرة في كل أسبوع.,سبع,أُفْعُولِيٌّ,roots-4662:سبع:المحكم — المعاني,roots-4662:سبع:مقاييس — المحور,roots-4662:سبع:الأساس — المجاز,أُسْبُوعِيّ,APPROVED,,POS_L2_007:NISBA | WAZN ← L2_007 نسبة أُفْعُولٌ
AR01889,فَتْرَة,اسم جامد,80,8750,مدة من الزمن تفصل بين أمرين.,فتر,فَعْلَةٌ,roots-4662:فتر:المحكم — المعاني,roots-4662:فتر:مقاييس — المحور,roots-4662:فتر:الأساس — المجاز,فَتْرَة,APPROVED,,WAZN_L2_005 ← فَعْلٌ
AR01890,فَاصِل,اسم فاعل,80,8750,ما يقع من الزمن بين حدثين.,فصل,فَاعِلٌ,roots-4662:فصل:المحكم — المعاني,roots-4662:فصل:مقاييس — النص,,فَاصِل,APPROVED,,
AR01891,مُدَّة,اسم جامد,80,8751,قطعة من الزمن طالت أو قصرت.,مدد,فُعْلَةٌ,roots-4662:مدد:المحكم — المعاني,roots-4662:مدد:مقاييس — المحور,roots-4662:مدد:الأساس — المجاز,مُدَّة,APPROVED,,WAZN_L2_005 ← فُعْلٌ
AR01893,بَيْنَ الحِينِ وَالآخَر,تركيب,80,12551;12552;14217;14218;16470;16471,يدل على حدوث الأمر في أوقات متفرّقة غير متصلة.,,,,,,بَيْنَ الحِينِ وَالآخَر,APPROVED,,
AR01894,بِصُورَةٍ مُتَقَطِّعَة,تركيب,80,12551;12552,يدل على حدوث الأمر ثم انقطاعه ثم عودته.,,,,,,بِصُورَةٍ مُتَقَطِّعَة,APPROVED,,
AR01895,تَوَاتُر,مصدر,80,12645,معدّل تتابع وقوع الشيء في مدة معلومة.,وتر,تَفَاعُلٌ,roots-4662:وتر:المحكم — المعاني,roots-4662:وتر:مقاييس — النص,roots-4662:وتر:الأساس — المجاز,تَوَاتُر,APPROVED,,WAZN ← L2_006 مص من تَفَاعَلَ
AR01896,تَرَدُّد,مصدر,80,12645,عدد مرات تكرّر الشيء في وحدة من الزمن.,ردد,تَفَعُّلٌ,roots-4662:ردد:المحكم — المعاني,roots-4662:ردد:مقاييس — المحور,roots-4662:ردد:الأساس — المجاز,تَرَدُّد,APPROVED,,مصطلح علمي شائع | WAZN ← L2_006 مص من تَفَعَّلَ
AR01897,دَائِمًا,ظرف,80,13636;14210;14361,في كل الأحوال والأوقات بلا استثناء.,دوم,,roots-4662:دوم:المحكم — المعاني,roots-4662:دوم:مقاييس — المحور,roots-4662:دوم:الأساس — المجاز,دَائِمًا,APPROVED,,منصوب على الظرفية أو الحال أو المفعولية المطلقة
AR01898,دَوْمًا,ظرف,80,13636,في كل الأوقات على الاستمرار.,دوم,,roots-4662:دوم:المحكم — المعاني,roots-4662:دوم:مقاييس — المحور,roots-4662:دوم:الأساس — المجاز,دَوْمًا,APPROVED,,منصوب على الظرفية أو الحال أو المفعولية المطلقة
AR01899,مِنْ حِينٍ إِلَى آخَر,تركيب,80,13637;14218;16471,يدل على حدوث الأمر في أوقات متباعدة.,,,,,,مِنْ حِينٍ إِلَى آخَر,APPROVED,,
AR01901,قَطّ,ظرف,80,14104,في أي زمن مضى، ويُستعمل بعد النفي.,قطط,,roots-4662:قطط:المحكم — المعاني,roots-4662:قطط:مقاييس — المحور,roots-4662:قطط:الأساس — المجاز,قَطّ,APPROVED,,ظرف زمان مبني على الضم في الأصل
AR01902,كَثِيرًا,ظرف,80,14105;14106,في مرات عديدة متقاربة.,كثر,,roots-4662:كثر:المحكم — المعاني,roots-4662:كثر:مقاييس — النص,,كَثِيرًا,APPROVED,,منصوب على الظرفية أو الحال أو المفعولية المطلقة
AR01903,غَالِبًا,ظرف,80,14105;16465;16468,في أكثر الأحوال والمرات.,غلب,,roots-4662:غلب:المحكم — المعاني,roots-4662:غلب:مقاييس — المحور,roots-4662:غلب:الأساس — المجاز,غَالِبًا,APPROVED,,منصوب على الظرفية أو الحال أو المفعولية المطلقة
AR01904,مِرَارًا,ظرف,80,14106,مرة بعد مرة.,مرر,,roots-4662:مرر:المحكم — المعاني,roots-4662:مرر:مقاييس — المحور,roots-4662:مرر:الأساس — المجاز,مِرَارًا,APPROVED,,منصوب على الظرفية أو الحال أو المفعولية المطلقة
AR01905,نَادِرًا,ظرف,80,14107;15940,في مرات قليلة متباعدة.,ندر,,roots-4662:ندر:المحكم — المعاني,roots-4662:ندر:مقاييس — المحور,roots-4662:ندر:الأساس — المجاز,نَادِرًا,APPROVED,,منصوب على الظرفية أو الحال أو المفعولية المطلقة
AR01906,قَلَّمَا,تركيب,80,14107;15940,يدل على قلّة وقوع الفعل وندرته.,,,,,,قَلَّمَا,APPROVED,,فعل قلّ متصل بما الكافة
AR01909,كُلّ,اسم جامد,80,14110,اسم يدل بإضافته إلى لفظ الزمن على تكرّر الحدث عند كل فترة منه.,كلل,فُعْلٌ,roots-4662:كلل:المحكم — المعاني,roots-4662:كلل:مقاييس — المحور,roots-4662:كلل:الأساس — المجاز,كُلّ,APPROVED,,يلازم الإضافة
AR01910,طَوَالَ الوَقْت,تركيب,80,14210,في كل وقت دون انقطاع.,,,,,,طَوَالَ الوَقْت,APPROVED,,
AR01911,بِاسْتِمْرَار,تركيب,80,14361,على الدوام دون توقّف.,,,,,,بِاسْتِمْرَار,APPROVED,,
AR01912,بِانْتِظَام,تركيب,80,14615,على نسق ثابت من التكرار.,,,,,,بِانْتِظَام,APPROVED,,
AR01915,بِوَجْهٍ عَامّ,تركيب,80,16467,في أغلب الأحوال على الإجمال.,,,,,,بِوَجْهٍ عَامّ,APPROVED,,
AR01919,تَكَرُّر,مصدر,80,18705,وقوع الشيء مرة أخرى بعد وقوعه.,كرر,تَفَعُّلٌ,roots-4662:كرر:المحكم — المعاني,roots-4662:كرر:مقاييس — المحور,,تَكَرُّر,APPROVED,,WAZN ← L2_006 مص من تَفَعَّلَ
AR01921,مِرَارًا وَتَكْرَارًا,تركيب,80,,مرة بعد مرة على التكرار الكثير.,,,,,,مِرَارًا وَتَكْرَارًا,APPROVED,,AR_ONLY
AR01922,لِمَامًا,ظرف,80,,في أوقات متباعدة قليلة.,لمم,,roots-4662:لمم:المحكم — المعاني,roots-4662:لمم:مقاييس — المحور,,لِمَامًا,APPROVED,,AR_ONLY؛ منصوب على الظرفية أو الحال أو المفعولية المطلقة
AR01924,قِتَال,مصدر,93,1910;1919;1925;11600,تضارب الفريقين بالسلاح أو بالقوة ليغلب أحدهما الآخر.,قتل,فِعَالٌ,roots-4662:قتل:المحكم — المعاني,roots-4662:قتل:مقاييس — المحور,roots-4662:قتل:الأساس — المجاز,قِتَال,APPROVED,,
AR01929,مُلَاسَنَة,مصدر,93,1913,تبادل الكلام الجارح بين متخاصمين.,لسن,مُفَاعَلَةٌ,roots-4662:لسن:المحكم — المعاني,roots-4662:لسن:مقاييس — المحور,roots-4662:لسن:الأساس — المجاز,مُلَاسَنَة,APPROVED,,WAZN ← L2_006 مص من فَاعَلَ
AR01934,مُوَاجَهَة,مصدر,93,1917;3805,التقاء الخصمين وجهاً لوجه بقصد العداء.,وجه,مُفَاعَلَةٌ,roots-4662:وجه:المحكم — المعاني,roots-4662:وجه:مقاييس — المحور,roots-4662:وجه:الأساس — المجاز,مُوَاجَهَة,APPROVED,,WAZN ← L2_006 مص من فَاعَلَ
AR01936,خِصَام,مصدر,93,1918,نزاع وجدال حادّ بين متخاصمين.,خصم,فِعَالٌ,roots-4662:خصم:المحكم — المعاني,roots-4662:خصم:مقاييس — المحور,roots-4662:خصم:الأساس — المجاز,خِصَام,APPROVED,,
AR01937,نِزَال,مصدر,93,1920;1925,التقاء المتقاتلين في مواجهة.,نزل,فِعَالٌ,roots-4662:نزل:المحكم — المعاني,roots-4662:نزل:مقاييس — النص,roots-4662:نزل:الأساس — المجاز,نِزَال,APPROVED,,
AR01939,كِفَاح,مصدر,93,1921,مقاتلة العدو ومواجهته مباشرة بجهد شديد.,كفح,فِعَالٌ,roots-4662:كفح:المحكم — المعاني,,roots-4662:كفح:الأساس — المجاز,كِفَاح,APPROVED,,
AR01940,أَعْمَال عَدَائِيَّة,تركيب,93,1922,الأفعال الحربية التي يأتيها طرف متعادٍ ضدّ آخر في حال الحرب.,,,,,,أَعْمَال عَدَائِيَّة,APPROVED,,تركيب ثابت بصيغة الجمع
AR01941,مُنَاوَشَة,مصدر,93,1924,قتال يسير متقطّع بين فريقين.,نوش,مُفَاعَلَةٌ,roots-4662:نوش:المحكم — المعاني,roots-4662:نوش:مقاييس — المحور,,مُنَاوَشَة,APPROVED,,WAZN ← L2_006 مص من فَاعَلَ
AR01943,طَرِيق مَسْدُود,تركيب,93,1927,حال لا يستطيع فيها المتخاصمان التقدّم في نزاعهما.,,,,,,طَرِيق مَسْدُود,APPROVED,,تعبير معاصر مستقر
AR01944,نِزَاع,مصدر,93,1929;10638,خلاف وصراع بين طرفين متعاديين.,نزع,فِعَالٌ,roots-4662:نزع:المحكم — المعاني,roots-4662:نزع:مقاييس — المحور,roots-4662:نزع:الأساس — المجاز,نِزَاع,APPROVED,,
AR01946,قَاتَلَ,فعل,93,1930;1931,حارب غيرَه وسعى إلى غلبته بالسلاح أو القوة.,قتل,فَاعَلَ,roots-4662:قتل:المحكم — المعاني,roots-4662:قتل:مقاييس — المحور,roots-4662:قتل:الأساس — المجاز,قَاتَلَ,APPROVED,,
AR01947,تَقَاتَلَ,فعل,93,1930,قاتل كلٌّ من الطرفين الآخر.,قتل,تَفَاعَلَ,roots-4662:قتل:المحكم — المعاني,roots-4662:قتل:مقاييس — المحور,roots-4662:قتل:الأساس — المجاز,تَقَاتَلَ,APPROVED,,
AR01955,نَاوَشَ,فعل,93,1936,قاتل العدوَّ قتالاً يسيراً متقطّعاً.,نوش,فَاعَلَ,roots-4662:نوش:المحكم — المعاني,roots-4662:نوش:مقاييس — المحور,,نَاوَشَ,APPROVED,,
AR01956,تَنَاوَشَ,فعل,93,1936,ناوش كلٌّ من الفريقين الآخر.,نوش,تَفَاعَلَ,roots-4662:نوش:المحكم — المعاني,roots-4662:نوش:مقاييس — المحور,,تَنَاوَشَ,APPROVED,,
AR01957,وَاجَهَ,فعل,93,1938,قابل الخصمَ وجهاً لوجه بقصد العداء.,وجه,فَاعَلَ,roots-4662:وجه:المحكم — المعاني,roots-4662:وجه:مقاييس — المحور,roots-4662:وجه:الأساس — المجاز,وَاجَهَ,APPROVED,,
AR01961,تَبَادُل إِطْلَاق النَّار,تركيب,93,3803;10458,اشتباك يرمي فيه كلّ فريق الآخر بالرصاص.,,,,,,تَبَادُل إِطْلَاق النَّار,APPROVED,,
AR01962,اِشْتِبَاك مُسَلَّح,تركيب,93,3803;3804,قتال بالأسلحة بين فريقين.,,,,,,اِشْتِبَاك مُسَلَّح,APPROVED,,
AR01963,مُنَازَلَة,مصدر,93,3806,مواجهة حاسمة بين خصمين لفضّ ما بينهما.,نزل,مُفَاعَلَةٌ,roots-4662:نزل:المحكم — المعاني,roots-4662:نزل:مقاييس — النص,roots-4662:نزل:الأساس — المجاز,مُنَازَلَة,APPROVED,,WAZN ← L2_006 مص من فَاعَلَ
AR01964,مُمَاحَكَة,مصدر,93,3807,جدال ولجاج طويل بين متخاصمين.,محك,مُفَاعَلَةٌ,roots-4662:محك:المحكم — المعاني,roots-4662:محك:مقاييس — النص,,مُمَاحَكَة,APPROVED,,WAZN ← L2_006 مص من فَاعَلَ
AR01965,عِرَاك بِالْأَيْدِي,تركيب,93,10457,تضارب بالقبضات بين اثنين أو أكثر.,,,,,,عِرَاك بِالْأَيْدِي,APPROVED,,
AR01966,تَلَاكُم,مصدر,93,10457,ضرب كلٍّ من الخصمين الآخر بقبضته.,لكم,تَفَاعُلٌ,roots-4662:لكم:المحكم — المعاني,roots-4662:لكم:مقاييس — النص,roots-4662:لكم:الأساس — المجاز,تَلَاكُم,APPROVED,,WAZN ← L2_006 مص من تَفَاعَلَ
AR01967,حَرْب كِيمِيَائِيَّة,تركيب,93,11611,حرب تُستعمل فيها المواد الكيميائية السامّة سلاحاً.,,,,,,حَرْب كِيمِيَائِيَّة,APPROVED,,
AR01968,حَرْب بِيُولُوجِيَّة,تركيب,93,11623,حرب تُستعمل فيها الجراثيم والكائنات المُمرِضة سلاحاً.,,,,,,حَرْب بِيُولُوجِيَّة,APPROVED,,
AR01969,حَرْب جُرْثُومِيَّة,تركيب,93,11623,حرب تُنشر فيها الجراثيم المُمرِضة سلاحاً.,,,,,,حَرْب جُرْثُومِيَّة,APPROVED,,
AR01970,كَافَحَ,فعل,93,14676,قاتل العدوَّ مواجهةً وجاهده بشدّة.,كفح,فَاعَلَ,roots-4662:كفح:المحكم — المعاني,,roots-4662:كفح:الأساس — المجاز,كَافَحَ,APPROVED,,
AR01972,اِلْتِحَام,مصدر,93,14981,اشتباك المتقاتلين بالأجساد عن قرب.,لحم,اِفْتِعَالٌ,roots-4662:لحم:المحكم — المعاني,roots-4662:لحم:مقاييس — المحور,roots-4662:لحم:الأساس — المجاز,اِلْتِحَام,APPROVED,,WAZN ← L2_006 مص من اِفْتَعَلَ
AR01973,نَازَلَ,فعل,93,16741,برز لخصمه في القتال وواجهه.,نزل,فَاعَلَ,roots-4662:نزل:المحكم — المعاني,roots-4662:نزل:مقاييس — النص,roots-4662:نزل:الأساس — المجاز,نَازَلَ,APPROVED,,
AR01974,اِلْتَحَمَ,فعل,93,16741,اشتبك مع العدو في القتال عن قرب.,لحم,اِفْتَعَلَ,roots-4662:لحم:المحكم — المعاني,roots-4662:لحم:مقاييس — المحور,roots-4662:لحم:الأساس — المجاز,اِلْتَحَمَ,APPROVED,,
AR01975,مَلْحَمَة,اسم جامد,93,,معركة عظيمة يكثر فيها القتل.,لحم,مَفْعَلَةٌ,roots-4662:لحم:المحكم — المعاني,roots-4662:لحم:مقاييس — المحور,roots-4662:لحم:الأساس — المجاز,مَلْحَمَة,APPROVED,,AR_ONLY | WAZN_L2_005 ← مَفْعَلٌ
AR01976,هَيْجَاء,اسم جامد,93,,الحرب والقتال.,هيج,فَعْلاءُ,roots-4662:هيج:المحكم — المعاني,roots-4662:هيج:مقاييس — المحور,roots-4662:هيج:الأساس — المجاز,هَيْجَاء,APPROVED,,AR_ONLY
AR01978,وَقْعَة,اسم جامد,93,,معركة يلتقي فيها الفريقان المتحاربان.,وقع,فَعْلَةٌ,roots-4662:وقع:المحكم — المعاني,roots-4662:وقع:مقاييس — المحور,roots-4662:وقع:الأساس — المجاز,وَقْعَة,APPROVED,,AR_ONLY | WAZN_L2_005 ← فَعْلٌ
AR01980,تَقْدِير,مصدر,28,278;286;336;8501,معرفةُ قدر الشخص أو الشيء لفضله.,قدر,تَفْعِيلٌ,roots-4662:قدر:المحكم — المعاني,roots-4662:قدر:مقاييس — المحور,roots-4662:قدر:الأساس — المجاز,تَقْدِير,APPROVED,,
AR01981,أَكْبَرَ,فعل,28,279,رأى الشخص عظيماً فأجلّه.,كبر,أَفْعَلَ,roots-4662:كبر:المحكم — المعاني,roots-4662:كبر:مقاييس — المحور,roots-4662:كبر:الأساس — المجاز,أَكْبَرَ,APPROVED,,
AR01982,قَدَّرَ,فعل,28,279;285;337;4118;8500,عرف للشخص فضله ونظر إليه بإجلال.,قدر,فَعَّلَ,roots-4662:قدر:المحكم — المعاني,roots-4662:قدر:مقاييس — المحور,roots-4662:قدر:الأساس — المجاز,قَدَّرَ,APPROVED,,
AR01987,اِرْتِضَاء,مصدر,28,287,قبولُ الشيء عن رضا.,رضي,اِفْتِعَالٌ,,v21:رضي:مقاييس — المحور,,اِرْتِضَاء,APPROVED,,WAZN ← L2_006 مص من اِفْتَعَلَ
AR01989,رَاضِي,اسم فاعل,28,288,من قبل الشيء وارتضاه.,رضي,فَاعِلٌ,,v21:رضي:مقاييس — المحور,,رَاضِي,APPROVED,,منقوص؛ يكتب بلا تنوين؛ أصله راضِيٌ
AR01990,لَوْم,مصدر,28,291;8971,نسبةُ الخطأ إلى من صدر عنه.,لوم,فَعْلٌ,roots-4662:لوم:المحكم — المعاني,roots-4662:لوم:مقاييس — المحور,,لَوْم,APPROVED,,
AR01991,مَلَامَة,مصدر,28,291,تحميلُ المرء تبعة خطأ.,لوم,مَفْعَلَةٌ,roots-4662:لوم:المحكم — المعاني,roots-4662:لوم:مقاييس — المحور,,مَلَامَة,APPROVED,,مصدر ميمي | WAZN_L2_005 ← مَفْعَلٌ
AR01992,لَامَ,فعل,28,292,نسب إلى غيره المسؤولية عن خطأ.,لوم,فَعَلَ,roots-4662:لوم:المحكم — المعاني,roots-4662:لوم:مقاييس — المحور,,لَامَ,APPROVED,,
AR01994,اِزْدِرَاء,مصدر,28,308;329;362,عدُّ الشخص أو الشيء حقيراً لا يستحقّ الالتفات.,زري,اِفْتِعَالٌ,roots-4662:زري:المحكم — المعاني,roots-4662:زري:مقاييس — المحور,,اِزْدِرَاء,APPROVED,,WAZN ← L2_006 مص من اِفْتَعَلَ
AR01996,مُزْدَرِي,اسم فاعل,28,309;331;364,من يُظهر الاستصغار لغيره.,زري,مُفْتَعِلٌ,roots-4662:زري:المحكم — المعاني,roots-4662:زري:مقاييس — المحور,,مُزْدَرِي,APPROVED,,منقوص؛ يكتب بلا تنوين | WAZN ← L2_006 فا من اِفْتَعَلَ
AR01998,نَاقِد,اسم فاعل,28,310,من يُبدي ملاحظاتٍ سلبية على غيره.,نقد,فَاعِلٌ,roots-4662:نقد:المحكم — المعاني,roots-4662:نقد:مقاييس — المحور,,نَاقِد,APPROVED,,
AR01999,مُنْتَقِد,اسم فاعل,28,310,من يعيب غيره ويُظهر عدم رضاه.,نقد,مُفْتَعِلٌ,roots-4662:نقد:المحكم — المعاني,roots-4662:نقد:مقاييس — المحور,,مُنْتَقِد,APPROVED,,WAZN ← L2_006 فا من اِفْتَعَلَ
AR02000,لَعْنَة,اسم مرة,28,314,الحكمُ على الشخص بالطرد من الرحمة والعذاب الدائم.,لعن,فَعْلَةٌ,roots-4662:لعن:المحكم — المعاني,roots-4662:لعن:مقاييس — المحور,,لَعْنَة,APPROVED,,اسم المرة | WAZN_L2_005 ← فَعْلٌ | POS_L2_007:ISM_MARRA (من نص الملاحظة)
AR02001,اِسْتَنْكَرَ,فعل,28,321;327,عدّ الأمر منكراً ورفضه بشدّة.,نكر,اِسْتَفْعَلَ,roots-4662:نكر:المحكم — المعاني,roots-4662:نكر:مقاييس — المحور,,اِسْتَنْكَرَ,APPROVED,,
AR02002,اِسْتَهْجَنَ,فعل,28,321;4119,عدّ الأمر قبيحاً وأظهر نفوره منه.,هجن,اِسْتَفْعَلَ,roots-4662:هجن:المحكم — المعاني,,,اِسْتَهْجَنَ,APPROVED,,
AR02003,سَاخِر,اسم فاعل,28,325,من يُظهر الاستهزاء بغيره.,سخر,فَاعِلٌ,roots-4662:سخر:المحكم — المعاني,,roots-4662:سخر:الأساس — المجاز,سَاخِر,APPROVED,,
AR02004,مُسْتَهْزِئ,اسم فاعل,28,325,من يتّخذ غيره هزواً.,هزء,مُسْتَفْعِلٌ,roots-4662:هزء:المحكم — المعاني,roots-4662:هزء:مقاييس — النص,roots-4662:هزء:الأساس — المجاز,مُسْتَهْزِئ,APPROVED,,WAZN ← L2_006 فا من اِسْتَفْعَلَ
AR02005,اِسْتِنْكَار,مصدر,28,326,عدمُ الرضا بالأمر وعدُّه منكراً.,نكر,اِسْتِفْعَالٌ,roots-4662:نكر:المحكم — المعاني,roots-4662:نكر:مقاييس — المحور,,اِسْتِنْكَار,APPROVED,,WAZN ← L2_006 مص من اِسْتَفْعَلَ
AR02006,اِسْتِهْجَان,مصدر,28,326,عدُّ الأمر قبيحاً.,هجن,اِسْتِفْعَالٌ,roots-4662:هجن:المحكم — المعاني,,,اِسْتِهْجَان,APPROVED,,WAZN ← L2_006 مص من اِسْتَفْعَلَ
AR02007,أَنْكَرَ,فعل,28,327,لم يرضَ الأمر وعابه.,نكر,أَفْعَلَ,roots-4662:نكر:المحكم — المعاني,roots-4662:نكر:مقاييس — المحور,,أَنْكَرَ,APPROVED,,
AR02008,مُسْتَنْكِر,اسم فاعل,28,328,من يُظهر عدم رضاه بالأمر.,نكر,مُسْتَفْعِلٌ,roots-4662:نكر:المحكم — المعاني,roots-4662:نكر:مقاييس — المحور,,مُسْتَنْكِر,APPROVED,,WAZN ← L2_006 فا من اِسْتَفْعَلَ
AR02009,اِسْتِخْفَاف,مصدر,28,329;335,عدُّ الشيء هيّناً لا وزن له.,خفف,اِسْتِفْعَالٌ,roots-4662:خفف:المحكم — المعاني,roots-4662:خفف:مقاييس — المحور,roots-4662:خفف:الأساس — المجاز,اِسْتِخْفَاف,APPROVED,,WAZN ← L2_006 مص من اِسْتَفْعَلَ
AR02010,اِزْدَرَى,فعل,28,330;363,عدّ الشخص أو الشيء حقيراً فأعرض عنه.,زري,اِفْتَعَلَ,roots-4662:زري:المحكم — المعاني,roots-4662:زري:مقاييس — المحور,,اِزْدَرَى,APPROVED,,
AR02011,اِسْتَخَفَّ,فعل,28,330,عدّ الشيء هيّناً لا يستحقّ الاعتبار.,خفف,اِسْتَفْعَلَ,roots-4662:خفف:المحكم — المعاني,roots-4662:خفف:مقاييس — المحور,roots-4662:خفف:الأساس — المجاز,اِسْتَخَفَّ,APPROVED,,
AR02013,مُسْتَخِفّ,اسم فاعل,28,331,من يُظهر الاستهانة بغيره.,خفف,مُسْتَفْعِلٌ,roots-4662:خفف:المحكم — المعاني,roots-4662:خفف:مقاييس — المحور,roots-4662:خفف:الأساس — المجاز,مُسْتَخِفّ,APPROVED,,WAZN ← L2_006 فا من اِسْتَفْعَلَ
AR02014,قِلَّةُ اِحْتِرَام,تركيب,28,335,ضعفُ التوقير وسوءُ الأدب مع الغير.,,,,,,قِلَّةُ اِحْتِرَام,APPROVED,,
AR02018,نَقِيصَة,اسم جامد,28,339,خصلةٌ تُنقص من قدر صاحبها.,نقص,فَعِيلَةٌ,roots-4662:نقص:المحكم — المعاني,roots-4662:نقص:مقاييس — النص,,نَقِيصَة,APPROVED,,WAZN_L2_005 ← فَعِيلٌ
AR02020,اِنْتَقَدَ,فعل,28,340,أظهر ما في عمل غيره من قصور.,نقد,اِفْتَعَلَ,roots-4662:نقد:المحكم — المعاني,roots-4662:نقد:مقاييس — المحور,,اِنْتَقَدَ,APPROVED,,
AR02021,سَخِرَ,فعل,28,342,استهزأ بغيره احتقاراً.,سخر,فَعِلَ,roots-4662:سخر:المحكم — المعاني,,roots-4662:سخر:الأساس — المجاز,سَخِرَ,APPROVED,,
AR02022,اِسْتَهْزَأَ,فعل,28,342,اتّخذ غيره موضعاً للضحك والاحتقار.,هزء,اِسْتَفْعَلَ,roots-4662:هزء:المحكم — المعاني,roots-4662:هزء:مقاييس — النص,roots-4662:هزء:الأساس — المجاز,اِسْتَهْزَأَ,APPROVED,,
AR02023,لَائِم,اسم فاعل,28,354,من يُظهر لغيره عدم رضاه عنه.,لوم,فَاعِلٌ,roots-4662:لوم:المحكم — المعاني,roots-4662:لوم:مقاييس — المحور,,لَائِم,APPROVED,,
AR02026,وَصْمَة,مصدر,28,365,عارٌ يلحق بالمرء لحالٍ أو صفةٍ فيه.,وصم,فَعْلَةٌ,roots-4662:وصم:المحكم — المعاني,roots-4662:وصم:مقاييس — المحور,roots-4662:وصم:الأساس — المجاز,وَصْمَة,APPROVED,,WAZN_L2_005 ← فَعْلٌ
AR02028,وَصَمَ,فعل,28,366,عدّ غيره مستحقّاً للعار ونسبه إليه.,وصم,فَعَلَ,roots-4662:وصم:المحكم — المعاني,roots-4662:وصم:مقاييس — المحور,roots-4662:وصم:الأساس — المجاز,وَصَمَ,APPROVED,,
AR02030,اِنْتِقَاد,مصدر,28,367,ملاحظةٌ تُظهر عيب الشيء بشدّة.,نقد,اِفْتِعَالٌ,roots-4662:نقد:المحكم — المعاني,roots-4662:نقد:مقاييس — المحور,,اِنْتِقَاد,APPROVED,,WAZN ← L2_006 مص من اِفْتَعَلَ
AR02032,غَيْرُ نَاقِد,تركيب,28,370,لا يُبدي اعتراضاً ولا يُعمل نظره في الحكم.,,,,,,غَيْرُ نَاقِد,APPROVED,,
AR02033,مُسَلِّم,اسم فاعل,28,370,من يقبل الأمر دون فحص أو اعتراض.,سلم,مُفَعِّلٌ,roots-4662:سلم:المحكم — المعاني,roots-4662:سلم:مقاييس — المحور,roots-4662:سلم:الأساس — المجاز,مُسَلِّم,APPROVED,,WAZN ← L2_006 فا من فَعَّلَ
AR02034,مَجَّدَ,فعل,28,4116,أثنى على غيره ورفع منزلته.,مجد,فَعَّلَ,roots-4662:مجد:المحكم — المعاني,roots-4662:مجد:مقاييس — المحور,,مَجَّدَ,APPROVED,,
AR02038,وَقَّرَ,فعل,28,4120;8502,أكرم غيره وهابه.,وقر,فَعَّلَ,,,roots-4662:وقر:الأساس — المجاز,وَقَّرَ,APPROVED,,
AR02040,تَوْقِير,مصدر,28,4121,الإجلالُ والإكرام.,وقر,تَفْعِيلٌ,,,roots-4662:وقر:الأساس — المجاز,تَوْقِير,APPROVED,,
AR02043,سُخْرِيَة,اسم مصدر,28,4122,الاستهزاءُ بالغير.,سخر,فُعْلِيَةٌ,roots-4662:سخر:المحكم — المعاني,,roots-4662:سخر:الأساس — المجاز,سُخْرِيَة,APPROVED,,POS_L2_007:ISM_MASDAR | WAZN ← L2_015 المالك
AR02044,اِسْتِهْزَاء,مصدر,28,4122,اتّخاذُ الغير موضعاً للهزء.,هزء,اِسْتِفْعَالٌ,roots-4662:هزء:المحكم — المعاني,roots-4662:هزء:مقاييس — النص,roots-4662:هزء:الأساس — المجاز,اِسْتِهْزَاء,APPROVED,,WAZN ← L2_006 مص من اِسْتَفْعَلَ
AR02045,تَمْجِيد,مصدر,28,4159,رفعُ منزلة الغير بالثناء.,مجد,تَفْعِيلٌ,roots-4662:مجد:المحكم — المعاني,roots-4662:مجد:مقاييس — المحور,,تَمْجِيد,APPROVED,,
AR02047,تَكْرِيم,مصدر,28,4167,ما يُمنح للمرء إكراماً لفضله.,كرم,تَفْعِيلٌ,roots-4662:كرم:المحكم — المعاني,roots-4662:كرم:مقاييس — النص,roots-4662:كرم:الأساس — المجاز,تَكْرِيم,APPROVED,,
AR02052,أَلَّهَ,فعل,28,8970,جعل غيره إلهاً أو عامله معاملة الإله.,ءله,فَعَّلَ,v21:أله:المحكم — المعاني,v21:أله:مقاييس — المحور,,أَلَّهَ,APPROVED,,
AR02054,مَذْمُوم,اسم مفعول,28,10798,من يُحكم عليه بأنه مستحقّ للذمّ.,ذمم,مَفْعُولٌ,roots-4662:ذمم:المحكم — المعاني,roots-4662:ذمم:مقاييس — المحور,roots-4662:ذمم:الأساس — المجاز,مَذْمُوم,APPROVED,,
AR02055,مُسْتَهْجَن,اسم مفعول,28,10798,ما يُعدّ قبيحاً يستحقّ الإنكار.,هجن,مُسْتَفْعَلٌ,roots-4662:هجن:المحكم — المعاني,,,مُسْتَهْجَن,APPROVED,,WAZN ← L2_006 مف من اِسْتَفْعَلَ
AR02056,مُقَدِّر,اسم فاعل,28,11191,من يعرف للفضل قدره ويُظهر رضاه.,قدر,مُفَعِّلٌ,roots-4662:قدر:المحكم — المعاني,roots-4662:قدر:مقاييس — المحور,roots-4662:قدر:الأساس — المجاز,مُقَدِّر,APPROVED,,WAZN ← L2_006 فا من فَعَّلَ
AR02058,اِتَّهَمَ,فعل,28,12854,نسب إلى غيره فعل أمرٍ خاطئ.,وهم,اِفْتَعَلَ,roots-4662:وهم:المحكم — المعاني,roots-4662:وهم:مقاييس — النص,,اِتَّهَمَ,APPROVED,,من التُّهَمة، وتاؤها مبدلة من الواو
AR02059,اِرْتَضَى,فعل,28,17421,قبل الشيء وحكم بصوابه.,رضي,اِفْتَعَلَ,,v21:رضي:مقاييس — المحور,,اِرْتَضَى,APPROVED,,
AR02062,اِسْتَهَانَ,فعل,28,,عدّ الشيء هيّناً لا قيمة له.,هون,اِسْتَفْعَلَ,roots-4662:هون:المحكم — المعاني,roots-4662:هون:مقاييس — المحور,,اِسْتَهَانَ,APPROVED,,AR_ONLY
AR02064,لَمَزَ,فعل,219,4117,عاب غيره بالإشارة أو بكلام فيه غمز.,لمز,فَعَلَ,roots-4662:لمز:المحكم — المعاني,roots-4662:لمز:مقاييس — النص,,لَمَزَ,APPROVED,,
AR02065,قَرَّعَ,فعل,219,4128;8972;10549;16040,وبّخ غيره توبيخاً شديداً موجعاً.,قرع,فَعَّلَ,roots-4662:قرع:المحكم — المعاني,roots-4662:قرع:مقاييس — النص,roots-4662:قرع:الأساس — المجاز,قَرَّعَ,APPROVED,,
AR02067,تَقْرِيع,مصدر,219,4129;6432,التوبيخ الشديد الموجع.,قرع,تَفْعِيلٌ,roots-4662:قرع:المحكم — المعاني,roots-4662:قرع:مقاييس — النص,roots-4662:قرع:الأساس — المجاز,تَقْرِيع,APPROVED,,
AR02069,اِسْتِنْكَارِيّ,اسم منسوب,219,4131;4132;4134;4136,متضمن لمعنى الرفض والاستنكار.,نكر,اِسْتِفْعَالِيٌّ,roots-4662:نكر:المحكم — المعاني,roots-4662:نكر:مقاييس — المحور,,اِسْتِنْكَارِيّ,APPROVED,,POS_L2_007:NISBA | WAZN ← L2_007 نسبة اِسْتِفْعَالٌ
AR02072,اِسْتِنْكَار,مصدر,219,4135;7396,التعبير عن رفض الأمر وعدّه منكراً.,نكر,اِسْتِفْعَالٌ,roots-4662:نكر:المحكم — المعاني,roots-4662:نكر:مقاييس — المحور,,اِسْتِنْكَار,APPROVED,,WAZN ← L2_006 مص من اِسْتَفْعَلَ
AR02073,لَعَنَ,فعل,219,4139;7389,دعا على غيره بالطرد من الخير وسبّه.,لعن,فَعَلَ,roots-4662:لعن:المحكم — المعاني,roots-4662:لعن:مقاييس — المحور,,لَعَنَ,APPROVED,,
AR02074,لَعْن,مصدر,219,4140,الدعاء على الغير بالطرد والإبعاد من الخير.,لعن,فَعْلٌ,roots-4662:لعن:المحكم — المعاني,roots-4662:لعن:مقاييس — المحور,,لَعْن,APPROVED,,
AR02076,جَدِيرٌ بِالثَّنَاءِ,تركيب,219,4142,مستحق لأن يُذكر بالخير ويُثنى عليه.,,,,,,جَدِيرٌ بِالثَّنَاءِ,APPROVED,,
AR02077,مَادِح,اسم فاعل,219,4143;4145,ما يتضمن الثناء والمدح من القول.,مدح,فَاعِلٌ,roots-4662:مدح:المحكم — المعاني,roots-4662:مدح:مقاييس — المحور,,مَادِح,APPROVED,,
AR02079,لَعْنَة,مصدر,219,4146,دعاءٌ على الشخص بالشر والإبعاد.,لعن,فَعْلَةٌ,roots-4662:لعن:المحكم — المعاني,roots-4662:لعن:مقاييس — المحور,,لَعْنَة,APPROVED,,WAZN_L2_005 ← فَعْلٌ
AR02082,لَوْم,مصدر,219,4155;7375,نسبة الخطأ إلى الشخص وعتابه عليه.,لوم,فَعْلٌ,roots-4662:لوم:المحكم — المعاني,roots-4662:لوم:مقاييس — المحور,,لَوْم,APPROVED,,
AR02083,اِنْتِقَاص,مصدر,219,4156;4157;7393;7401,الحط من قدر الشخص أو الشيء بالقول.,نقص,اِفْتِعَالٌ,roots-4662:نقص:المحكم — المعاني,roots-4662:نقص:مقاييس — النص,,اِنْتِقَاص,APPROVED,,WAZN ← L2_006 مص من اِفْتَعَلَ
AR02085,تَلَاوُم,مصدر,219,4160,تبادل اللوم بين طرفين.,لوم,تَفَاعُلٌ,roots-4662:لوم:المحكم — المعاني,roots-4662:لوم:مقاييس — المحور,,تَلَاوُم,APPROVED,,WAZN ← L2_006 مص من تَفَاعَلَ
AR02086,تَلَاوَمَ,فعل,219,4161,لام كلٌّ من الطرفين صاحبه.,لوم,تَفَاعَلَ,roots-4662:لوم:المحكم — المعاني,roots-4662:لوم:مقاييس — المحور,,تَلَاوَمَ,APPROVED,,
AR02087,تَبَادَلَ الِاتِّهَامَاتِ,تركيب,219,4161,اتهم كل طرف الآخر ردّاً على اتهامه.,,,,,,تَبَادَلَ الِاتِّهَامَاتِ,APPROVED,,
AR02088,نَاقِد,اسم فاعل,219,4162,من يبدي رأياً في عيوب الأعمال أو الأشخاص ويحكم عليها.,نقد,فَاعِلٌ,roots-4662:نقد:المحكم — المعاني,roots-4662:نقد:مقاييس — المحور,,نَاقِد,APPROVED,,
AR02089,مُنْتَقِد,اسم فاعل,219,4162;11192,من يُبدي المآخذ والاستنكار على شخص أو أمر.,نقد,مُفْتَعِلٌ,roots-4662:نقد:المحكم — المعاني,roots-4662:نقد:مقاييس — المحور,,مُنْتَقِد,APPROVED,,WAZN ← L2_006 فا من اِفْتَعَلَ
AR02090,نَقْد,مصدر,219,4163;7387,بيان محاسن العمل ومساوئه عن فحص وتحليل.,نقد,فَعْلٌ,roots-4662:نقد:المحكم — المعاني,roots-4662:نقد:مقاييس — المحور,,نَقْد,APPROVED,,
AR02091,نَقَدَ,فعل,219,4164,فحص العمل وبيّن محاسنه ومساوئه بتفصيل.,نقد,فَعَلَ,roots-4662:نقد:المحكم — المعاني,roots-4662:نقد:مقاييس — المحور,,نَقَدَ,APPROVED,,
AR02093,هَلَّلَ,فعل,219,7364;15590,رفع صوته فرحاً واستحساناً لشخص أو أمر علانيةً.,هلل,فَعَّلَ,roots-4662:هلل:المحكم — المعاني,roots-4662:هلل:مقاييس — المحور,roots-4662:هلل:الأساس — المجاز,هَلَّلَ,APPROVED,,
AR02094,اِتِّهَام,مصدر,219,7366,نسبة الذنب أو الجرم إلى شخص.,وهم,اِفْتِعَالٌ,roots-4662:وهم:المحكم — المعاني,roots-4662:وهم:مقاييس — النص,,اِتِّهَام,APPROVED,,الجذر في اللسان وهم، ويُعامل معاصراً كأنه تهم | WAZN ← L2_006 مص من اِفْتَعَلَ
AR02095,اِتَّهَمَ,فعل,219,7367;7376,نسب إلى غيره ذنباً أو جرماً.,وهم,اِفْتَعَلَ,roots-4662:وهم:المحكم — المعاني,roots-4662:وهم:مقاييس — النص,,اِتَّهَمَ,APPROVED,,أصله اِوْتَهَمَ؛ الجذر في اللسان وهم، ويُعامل معاصراً كأنه تهم
AR02096,اِسْتَخَفَّ,فعل,219,7370,عدّ الشيء أو الشخص هيّناً لا وزن له وأظهر ذلك.,خفف,اِسْتَفْعَلَ,roots-4662:خفف:المحكم — المعاني,roots-4662:خفف:مقاييس — المحور,roots-4662:خفف:الأساس — المجاز,اِسْتَخَفَّ,APPROVED,,
AR02098,هَاجَمَ,فعل,219,7372;9572;10847;16040;18629,وجّه إلى غيره كلاماً عنيفاً في الذم والانتقاد.,هجم,فَاعَلَ,roots-4662:هجم:المحكم — المعاني,roots-4662:هجم:مقاييس — المحور,roots-4662:هجم:الأساس — المجاز,هَاجَمَ,APPROVED,,المعنى القولي مجاز عن الهجوم الحسي
AR02099,ذَمَّ,فعل,219,7374;7389,عاب غيره وذكره بما يسوء.,ذمم,فَعَلَ,roots-4662:ذمم:المحكم — المعاني,roots-4662:ذمم:مقاييس — المحور,roots-4662:ذمم:الأساس — المجاز,ذَمَّ,APPROVED,,
AR02102,أَدَانَ,فعل,219,7384,حكم على فعل أو شخص علانيةً بأنه مذموم.,دين,أَفْعَلَ,roots-4662:دين:المحكم — المعاني,roots-4662:دين:مقاييس — المحور,,أَدَانَ,APPROVED,,دلالة الحكم بالذنب حادثة في الاستعمال المعاصر
AR02104,إِدَانَة,مصدر,219,7385,إعلان الحكم على فعل أو شخص بأنه مذموم مستنكر.,دين,إِفَالَةٌ,roots-4662:دين:المحكم — المعاني,roots-4662:دين:مقاييس — المحور,,إِدَانَة,APPROVED,,WAZN ← L2_015 المالك
AR02106,اِنْتِقَاد,مصدر,219,7387,إظهار العيوب والمآخذ على شخص أو أمر على وجه الاستنكار.,نقد,اِفْتِعَالٌ,roots-4662:نقد:المحكم — المعاني,roots-4662:نقد:مقاييس — المحور,,اِنْتِقَاد,APPROVED,,WAZN ← L2_006 مص من اِفْتَعَلَ
AR02107,اِنْتَقَدَ,فعل,219,7388;9572,أظهر عيوب الشيء أو الشخص مستنكراً لها.,نقد,اِفْتَعَلَ,roots-4662:نقد:المحكم — المعاني,roots-4662:نقد:مقاييس — المحور,,اِنْتَقَدَ,APPROVED,,
AR02109,اِسْتَنْكَرَ,فعل,219,7391;7394;7397,عدّ الأمر منكراً وأعلن رفضه له.,نكر,اِسْتَفْعَلَ,roots-4662:نكر:المحكم — المعاني,roots-4662:نكر:مقاييس — المحور,,اِسْتَنْكَرَ,APPROVED,,
AR02110,اِنْتَقَصَ,فعل,219,7392;7400,حطّ من قدر غيره ووصفه بالنقص.,نقص,اِفْتَعَلَ,roots-4662:نقص:المحكم — المعاني,roots-4662:نقص:مقاييس — النص,,اِنْتَقَصَ,APPROVED,,
AR02111,حَطَّ مِنْ قَدْرِ,تركيب,219,7392,أنزل منزلة غيره بالقول ووصفه بما يضعه.,,,,,,حَطَّ مِنْ قَدْرِ,APPROVED,,
AR02114,سَخِرَ,فعل,219,7398;7418;7421;7426,استهزأ بغيره وضحك منه احتقاراً.,سخر,فَعِلَ,roots-4662:سخر:المحكم — المعاني,,roots-4662:سخر:الأساس — المجاز,سَخِرَ,APPROVED,,
AR02115,هَزِئَ,فعل,219,7398,سخر من غيره وعبث به احتقاراً.,هزء,فَعِلَ,roots-4662:هزء:المحكم — المعاني,roots-4662:هزء:مقاييس — النص,roots-4662:هزء:الأساس — المجاز,هَزِئَ,APPROVED,,
AR02116,سُخْرِيَة,مصدر,219,7399;7419,الاستهزاء بالشخص والضحك منه احتقاراً.,سخر,فُعْلِيَةٌ,roots-4662:سخر:المحكم — المعاني,,roots-4662:سخر:الأساس — المجاز,سُخْرِيَة,APPROVED,,في اللسان السُّخْرِيَّة بالتشديد أيضاً | WAZN ← L2_015 المالك
AR02117,اِسْتِهْزَاء,مصدر,219,7399;7419,العبث بالشخص بالقول احتقاراً.,هزء,اِسْتِفْعَالٌ,roots-4662:هزء:المحكم — المعاني,roots-4662:هزء:مقاييس — النص,roots-4662:هزء:الأساس — المجاز,اِسْتِهْزَاء,APPROVED,,WAZN ← L2_006 مص من اِسْتَفْعَلَ
AR02118,اِزْدَرَى,فعل,219,7400,احتقر غيره وعابه وتهاون به.,زري,اِفْتَعَلَ,roots-4662:زري:المحكم — المعاني,roots-4662:زري:مقاييس — المحور,,اِزْدَرَى,APPROVED,,أصله اِزْتَرَى، أبدلت التاء دالاً
AR02119,اِزْدِرَاء,مصدر,219,7401,الاحتقار والتهاون بالشخص مع إظهار ذلك.,زري,اِفْتِعَالٌ,roots-4662:زري:المحكم — المعاني,roots-4662:زري:مقاييس — المحور,,اِزْدِرَاء,APPROVED,,WAZN ← L2_006 مص من اِفْتَعَلَ
AR02120,أَطْرَى,فعل,219,7403;12757,بالغ في مدح غيره وأحسن الثناء عليه.,طرو,أَفْعَلَ,v21:طرو:المحكم — المعاني,,,أَطْرَى,APPROVED,,الجذر في اللسان طرا، ويذكر أيضاً تحت طري
AR02121,مَجَّدَ,فعل,219,7403,عظّم الشخص بالقول وذكر شرفه ورفعته.,مجد,فَعَّلَ,roots-4662:مجد:المحكم — المعاني,roots-4662:مجد:مقاييس — المحور,,مَجَّدَ,APPROVED,,
AR02122,مَدَحَ,فعل,219,7404;7408,أثنى على غيره بذكر محاسنه وصفاته الحسنة.,مدح,فَعَلَ,roots-4662:مدح:المحكم — المعاني,roots-4662:مدح:مقاييس — المحور,,مَدَحَ,APPROVED,,
AR02123,سَاخِر,اسم فاعل,219,7406,متضمن للاستهزاء والاحتقار.,سخر,فَاعِلٌ,roots-4662:سخر:المحكم — المعاني,,roots-4662:سخر:الأساس — المجاز,سَاخِر,APPROVED,,
AR02125,مَدْح,مصدر,219,7407,ذكرُ محاسن الشخص أو عمله والثناءُ عليه.,مدح,فَعْلٌ,roots-4662:مدح:المحكم — المعاني,roots-4662:مدح:مقاييس — المحور,,مَدْح,APPROVED,,
AR02128,لَامَ,فعل,219,7412;11193,نسب إلى غيره خطأً وعاتبه عليه.,لوم,فَعَلَ,roots-4662:لوم:المحكم — المعاني,roots-4662:لوم:مقاييس — المحور,,لَامَ,APPROVED,,
AR02129,اِسْتَهْزَأَ,فعل,219,7418;7426,عبث بغيره بالقول احتقاراً وتنقصاً.,هزء,اِسْتَفْعَلَ,roots-4662:هزء:المحكم — المعاني,roots-4662:هزء:مقاييس — النص,roots-4662:هزء:الأساس — المجاز,اِسْتَهْزَأَ,APPROVED,,
AR02130,لَاذِع,اسم فاعل,219,7420,موجع في الذم والنقد كأنه يحرق.,لذع,فَاعِلٌ,roots-4662:لذع:المحكم — المعاني,roots-4662:لذع:مقاييس — المحور,,لَاذِع,APPROVED,,
AR02131,نَوَّهَ,فعل,219,8903,رفع ذكر شخص وأشاد بفعله في بيان أو خطاب.,نوه,فَعَّلَ,roots-4662:نوه:المحكم — المعاني,roots-4662:نوه:مقاييس — المحور,,نَوَّهَ,APPROVED,,
AR02132,اِنْتِقَادِيّ,اسم منسوب,219,11192,متضمن للمآخذ والاستنكار.,نقد,اِفْتِعَالِيٌّ,roots-4662:نقد:المحكم — المعاني,roots-4662:نقد:مقاييس — المحور,,اِنْتِقَادِيّ,APPROVED,,POS_L2_007:NISBA | WAZN ← L2_007 نسبة اِفْتِعَالٌ
AR02133,أَلْقَى اللَّوْمَ عَلَى,تركيب,219,11193,حمّل غيره تبعة الخطأ بالقول.,,,,,,أَلْقَى اللَّوْمَ عَلَى,APPROVED,,
AR02134,تُهْمَة,اسم مصدر,219,13118,ما يُنسب إلى الشخص من ذنب أو جرم.,وهم,فُعْلَةٌ,roots-4662:وهم:المحكم — المعاني,roots-4662:وهم:مقاييس — النص,,تُهْمَة,APPROVED,,POS_L2_007:ISM_MASDAR؛ الجذر في اللسان وهم، والتاء مبدلة من الواو | WAZN ← L2_015 المالك (فُعْلَة: اللفظ مضبوط بسكون العين)
AR02135,أَلْصَقَ التُّهْمَةَ بِ,تركيب,219,13586,نسب الذنب إلى شخص بعينه وحمّله إياه.,,,,,,أَلْصَقَ التُّهْمَةَ بِ,APPROVED,,
AR02136,حَمَّلَ الْمَسْؤُولِيَّةَ,تركيب,219,13586,نسب إلى غيره تبعة أمر سيئ.,,,,,,حَمَّلَ الْمَسْؤُولِيَّةَ,APPROVED,,
AR02137,أَطْنَبَ فِي الْمَدْحِ,تركيب,219,15052,بالغ في الثناء وأطال فيه بحماسة.,,,,,,أَطْنَبَ فِي الْمَدْحِ,APPROVED,,
AR02138,هُجُوم,مصدر,219,18630,الكلام العنيف الموجَّه في ذم شخص أو انتقاده.,هجم,فُعُولٌ,roots-4662:هجم:المحكم — المعاني,roots-4662:هجم:مقاييس — المحور,roots-4662:هجم:الأساس — المجاز,هُجُوم,APPROVED,,WAZN ← L2_015 المالك
AR02139,هَجَا,فعل,219,,ذمّ غيره بالشعر وعدّد معايبه.,هجو,فَعَلَ,roots-4662:هجو:المحكم — المعاني,,roots-4662:هجو:الأساس — المجاز,هَجَا,APPROVED,,AR_ONLY
AR02140,هِجَاء,مصدر,219,,الذم بالشعر وتعداد المعايب.,هجو,فِعَالٌ,roots-4662:هجو:المحكم — المعاني,,roots-4662:هجو:الأساس — المجاز,هِجَاء,APPROVED,,AR_ONLY
AR02141,قَدَحَ,فعل,219,,طعن في عرض غيره أو نسبه بالقول.,قدح,فَعَلَ,roots-4662:قدح:المحكم — المعاني,,roots-4662:قدح:الأساس — المجاز,قَدَحَ,APPROVED,,AR_ONLY
AR02143,نَدَّدَ,فعل,219,,صرّح بعيب غيره واستنكر فعله علانيةً.,ندد,فَعَّلَ,roots-4662:ندد:المحكم — المعاني,roots-4662:ندد:مقاييس — المحور,,نَدَّدَ,APPROVED,,AR_ONLY
AR02144,تَنْدِيد,مصدر,219,,التصريح العلني باستنكار فعل أو شخص.,ندد,تَفْعِيلٌ,roots-4662:ندد:المحكم — المعاني,roots-4662:ندد:مقاييس — المحور,,تَنْدِيد,APPROVED,,AR_ONLY
AR02145,اِمْتَدَحَ,فعل,219,,أثنى على غيره وذكر محاسنه.,مدح,اِفْتَعَلَ,roots-4662:مدح:المحكم — المعاني,roots-4662:مدح:مقاييس — المحور,,اِمْتَدَحَ,APPROVED,,AR_ONLY
AR02146,قَتَلَ,فعل,590,8630;8639;8640,أزهق روح كائن حي بفعل منه أو بسببه.,قتل,فَعَلَ,roots-4662:قتل:المحكم — المعاني,roots-4662:قتل:مقاييس — المحور,roots-4662:قتل:الأساس — المجاز,قَتَلَ,APPROVED,,
AR02148,اِغْتَالَ,فعل,590,8632,قتل شخصًا ذا شأن غدرًا على غفلة منه، غالبًا لدافع سياسي.,غول,اِفْتَعَلَ,roots-4662:غول:المحكم — المعاني,roots-4662:غول:مقاييس — المحور,roots-4662:غول:الأساس — المجاز,اِغْتَالَ,APPROVED,,
AR02149,ضَرَبَ عُنُقَهُ,تركيب,590,8633,قتله بقطع رقبته بالسيف ونحوه.,,,,,,ضَرَبَ عُنُقَهُ,APPROVED,,
AR02150,قَطَعَ رَأْسَهُ,تركيب,590,8633;9045,قتله بفصل رأسه عن جسده.,,,,,,قَطَعَ رَأْسَهُ,APPROVED,,
AR02153,أَغْرَقَ,فعل,590,8636,أهلكه بإغماره في الماء حتى يموت.,غرق,أَفْعَلَ,roots-4662:غرق:المحكم — المعاني,roots-4662:غرق:مقاييس — المحور,roots-4662:غرق:الأساس — المجاز,أَغْرَقَ,APPROVED,,
AR02154,فَتَكَ,فعل,590,8640,قتل غيره بعنف أو على غرة.,فتك,فَعَلَ,roots-4662:فتك:المحكم — المعاني,roots-4662:فتك:مقاييس — المحور,roots-4662:فتك:الأساس — المجاز,فَتَكَ,APPROVED,,يتعدى بالباء: فتك به
AR02155,خَنَقَ,فعل,590,8642;8643;8645;9086,قتله بالضغط على عنقه أو بمنع الهواء عنه حتى يموت.,خنق,فَعَلَ,roots-4662:خنق:المحكم — المعاني,roots-4662:خنق:مقاييس — المحور,roots-4662:خنق:الأساس — المجاز,خَنَقَ,APPROVED,,
AR02156,كَتَمَ أَنْفَاسَهُ,تركيب,590,8643,قتله بسد فمه وأنفه حتى ينقطع نفسه.,,,,,,كَتَمَ أَنْفَاسَهُ,APPROVED,,
AR02157,قَتَلَهُ جُوعًا,تركيب,590,8644,أماته بحرمانه من الطعام.,,,,,,قَتَلَهُ جُوعًا,APPROVED,,
AR02158,اِنْتَحَرَ,فعل,590,8646,قتل نفسه عمدًا.,نحر,اِفْتَعَلَ,roots-4662:نحر:المحكم — المعاني,,roots-4662:نحر:الأساس — المجاز,اِنْتَحَرَ,APPROVED,,
AR02159,قَتَلَ نَفْسَهُ,تركيب,590,8646,أزهق روحه بيده عمدًا.,,,,,,قَتَلَ نَفْسَهُ,APPROVED,,
AR02160,قَتْل,مصدر,590,8647;9051;9052;9059,إزهاق روح إنسان أو حيوان.,قتل,فَعْلٌ,roots-4662:قتل:المحكم — المعاني,roots-4662:قتل:مقاييس — المحور,roots-4662:قتل:الأساس — المجاز,قَتْل,APPROVED,,
AR02161,اِنْتِحَار,مصدر,590,8648,قتل الإنسان نفسه عمدًا.,نحر,اِفْتِعَالٌ,roots-4662:نحر:المحكم — المعاني,,roots-4662:نحر:الأساس — المجاز,اِنْتِحَار,APPROVED,,WAZN ← L2_006 مص من اِفْتَعَلَ
AR02162,أَنْهَى حَيَاتَهُ,تركيب,590,8650,أماته قصدًا، ويستعمل في إماتة المريض الميؤوس منه أو الحيوان رفقًا به.,,,,,,أَنْهَى حَيَاتَهُ,APPROVED,,لا فعل عربي مفرد للقتل الرحيم
AR02163,قَتْل رَحِيم,تركيب,590,8651,إماتة المريض الميؤوس من شفائه بطلبه تخليصًا له من الألم.,,,,,,قَتْل رَحِيم,APPROVED,,
AR02165,قَضَى عَلَى,تركيب,590,8906;17590,أهلكه وقتله.,,,,,,قَضَى عَلَى,APPROVED,,
AR02166,قَاتِل,اسم فاعل,590,8907;9055;9087;9090;9097;9098,من يقتل غيره، أو ما يؤدي إلى الموت.,قتل,فَاعِلٌ,roots-4662:قتل:المحكم — المعاني,roots-4662:قتل:مقاييس — المحور,roots-4662:قتل:الأساس — المجاز,قَاتِل,APPROVED,,
AR02167,مُمِيت,اسم فاعل,590,8907;9097;9098,ما يؤدي إلى الموت.,موت,مُفْعِلٌ,roots-4662:موت:المحكم — المعاني,roots-4662:موت:مقاييس — المحور,roots-4662:موت:الأساس — المجاز,مُمِيت,APPROVED,,WAZN ← L2_006 فا من أَفْعَلَ
AR02172,قَتَّلَ,فعل,590,9047,أكثر القتل في جماعة بعنف.,قتل,فَعَّلَ,roots-4662:قتل:المحكم — المعاني,roots-4662:قتل:مقاييس — المحور,roots-4662:قتل:الأساس — المجاز,قَتَّلَ,APPROVED,,
AR02173,ذَبَحَ,فعل,590,9048;9066,قتل الحيوان بقطع حلقومه، ويستعار لقتل الناس بوحشية.,ذبح,فَعَلَ,roots-4662:ذبح:المحكم — المعاني,roots-4662:ذبح:مقاييس — المحور,roots-4662:ذبح:الأساس — المجاز,ذَبَحَ,APPROVED,,
AR02174,قَتْل عَمْد,تركيب,590,9052,قتل إنسان قصدًا وعدوانًا بغير حق.,,,,,,قَتْل عَمْد,APPROVED,,
AR02176,مَذْبَحَة,مصدر,590,9053;9056,قتل جماعي عنيف لعدد كبير من الناس.,ذبح,مَفْعَلَةٌ,roots-4662:ذبح:المحكم — المعاني,roots-4662:ذبح:مقاييس — المحور,roots-4662:ذبح:الأساس — المجاز,مَذْبَحَة,APPROVED,,صيغة مَفْعَلَة (مصدر ميمي/اسم مكان) مستعملة للحدث | WAZN_L2_005 ← مَفْعَلٌ
AR02177,وَأْد,مصدر,590,9057,دفن المولود حيًا حتى يموت.,وءد,فَعْلٌ,roots-4662:وءد:المحكم — المعاني,roots-4662:وءد:مقاييس — المحور,,وَأْد,APPROVED,,أخص من الإنجليزية: كان يقع على البنات في الجاهلية؛ وقتل الرضيع عمومًا يعبّر عنه وصفًا
AR02178,خَنْق,مصدر,590,9058;9073,القتل بالضغط على العنق أو بمنع الهواء.,خنق,فَعْلٌ,roots-4662:خنق:المحكم — المعاني,roots-4662:خنق:مقاييس — المحور,roots-4662:خنق:الأساس — المجاز,خَنْق,APPROVED,,
AR02179,فَتْك,مصدر,590,9059,القتل بعنف أو على غرة.,فتك,فَعْلٌ,roots-4662:فتك:المحكم — المعاني,roots-4662:فتك:مقاييس — المحور,roots-4662:فتك:الأساس — المجاز,فَتْك,APPROVED,,
AR02181,إِبَادَة جَمَاعِيَّة,تركيب,590,9065,القتل المتعمد لأعداد كبيرة من جماعة قومية أو دينية بقصد إفنائها.,,,,,,إِبَادَة جَمَاعِيَّة,APPROVED,,
AR02182,قَطْع الرَّأْس,تركيب,590,9067;9076,القتل بفصل الرأس عن الجسد.,,,,,,قَطْع الرَّأْس,APPROVED,,
AR02183,ضَرْب العُنُق,تركيب,590,9067,القتل بقطع الرقبة بالسيف ونحوه.,,,,,,ضَرْب العُنُق,APPROVED,,
AR02184,اِغْتِيَال,مصدر,590,9068,قتل شخص ذي شأن غدرًا على غفلة منه.,غول,اِفْتِعَالٌ,roots-4662:غول:المحكم — المعاني,roots-4662:غول:مقاييس — المحور,roots-4662:غول:الأساس — المجاز,اِغْتِيَال,APPROVED,,WAZN ← L2_006 مص من اِفْتَعَلَ
AR02185,تَقْتِيل,مصدر,590,9069,الإكثار من القتل بوحشية.,قتل,تَفْعِيلٌ,roots-4662:قتل:المحكم — المعاني,roots-4662:قتل:مقاييس — المحور,roots-4662:قتل:الأساس — المجاز,تَقْتِيل,APPROVED,,
AR02186,مَقْتَلَة,مصدر,590,9070,القتل الكثير في قوم.,قتل,مَفْعَلَةٌ,roots-4662:قتل:المحكم — المعاني,roots-4662:قتل:مقاييس — المحور,roots-4662:قتل:الأساس — المجاز,مَقْتَلَة,APPROVED,,صيغة مَفْعَلَة (مصدر ميمي/اسم مكان) مستعملة للحدث | WAZN_L2_005 ← مَفْعَلٌ
AR02187,مُغْتَال,اسم فاعل,590,9074,من يقتل شخصًا ذا شأن غدرًا.,غول,مُفْتَعِلٌ,roots-4662:غول:المحكم — المعاني,roots-4662:غول:مقاييس — المحور,roots-4662:غول:الأساس — المجاز,مُغْتَال,APPROVED,,WAZN ← L2_006 فا من اِفْتَعَلَ
AR02188,حَمَّام دَم,تركيب,590,9075,حادثة يقتل فيها كثيرون بعنف.,,,,,,حَمَّام دَم,APPROVED,,تعبير معاصر مستقر
AR02190,سَفَّاح,صيغة مبالغة,590,9088,من يكثر سفك الدماء ويقتل الناس بوحشية.,سفح,فَعَّالٌ,roots-4662:سفح:المحكم — المعاني,roots-4662:سفح:مقاييس — المحور,roots-4662:سفح:الأساس — المجاز,سَفَّاح,APPROVED,,صيغة مبالغة من اسم الفاعل | POS_L2_007:MUBALAGHA (من نص الملاحظة)
AR02192,سَفْك الدِّمَاء,تركيب,590,16812,القتل وإراقة الدم.,,,,,,سَفْك الدِّمَاء,APPROVED,,
AR02193,إِرَاقَة الدِّمَاء,تركيب,590,16812,القتل وإسالة الدم.,,,,,,إِرَاقَة الدِّمَاء,APPROVED,,
AR02194,أَزْهَقَ رُوحَهُ,تركيب,590,18400,قتله فأخرج روحه.,,,,,,أَزْهَقَ رُوحَهُ,APPROVED,,
AR02195,نَحَرَ,فعل,590,,ذبح البعير بالطعن في أعلى صدره.,نحر,فَعَلَ,roots-4662:نحر:المحكم — المعاني,,roots-4662:نحر:الأساس — المجاز,نَحَرَ,APPROVED,,AR_ONLY
AR02196,وَأَدَ,فعل,590,,دفن المولود حيًا حتى يموت.,وءد,فَعَلَ,roots-4662:وءد:المحكم — المعاني,roots-4662:وءد:مقاييس — المحور,,وَأَدَ,APPROVED,,AR_ONLY
AR02197,أَرْدَى,فعل,590,,أهلكه وأوقعه قتيلًا.,ردي,أَفْعَلَ,roots-4662:ردي:المحكم — المعاني,roots-4662:ردي:مقاييس — المحور,roots-4662:ردي:الأساس — المجاز,أَرْدَى,APPROVED,,AR_ONLY
AR02198,غِيلَة,مصدر,590,,القتل غدرًا على غفلة.,غول,فِعْلَةٌ,roots-4662:غول:المحكم — المعاني,roots-4662:غول:مقاييس — المحور,roots-4662:غول:الأساس — المجاز,غِيلَة,APPROVED,,AR_ONLY | WAZN_L2_005 ← فِعْلٌ
AR02200,وَالِد,اسم فاعل,104,2142;2238,من وُلد له الولد، أباً كان أو أماً.,ولد,فَاعِلٌ,roots-4662:ولد:المحكم — المعاني,roots-4662:ولد:مقاييس — المحور,roots-4662:ولد:الأساس — المجاز,وَالِد,APPROVED,,
AR02202,وَالِدَة,اسم فاعل,104,2143,المرأة التي ولدت.,ولد,فَاعِلَةٌ,roots-4662:ولد:المحكم — المعاني,roots-4662:ولد:مقاييس — المحور,roots-4662:ولد:الأساس — المجاز,وَالِدَة,APPROVED,,WAZN_L2_005 ← فَاعِلٌ
AR02204,وَلَد,اسم جامد,104,2144;2239;11747,كل مولود ذكراً كان أو أنثى منسوباً إلى أبويه.,ولد,فَعَلٌ,roots-4662:ولد:المحكم — المعاني,roots-4662:ولد:مقاييس — المحور,roots-4662:ولد:الأساس — المجاز,وَلَد,APPROVED,,
AR02207,خَال,اسم جامد,104,2146,أخو الأم.,خول,فَعَلٌ,roots-4662:خول:المحكم — المعاني,roots-4662:خول:مقاييس — المحور,roots-4662:خول:الأساس — المجاز,خَال,APPROVED,,أصله خَوَلٌ أُعلّت العين
AR02209,خَالَة,اسم جامد,104,2147;2148,أخت الأم.,خول,فَعَلَةٌ,roots-4662:خول:المحكم — المعاني,roots-4662:خول:مقاييس — المحور,roots-4662:خول:الأساس — المجاز,خَالَة,APPROVED,,معتلة العين | WAZN_L2_005 ← فَعَلٌ
AR02211,سِبْط,اسم جامد,104,2151,ولد الولد، وغلب على ولد البنت.,سبط,فِعْلٌ,roots-4662:سبط:المحكم — المعاني,roots-4662:سبط:مقاييس — المحور,,سِبْط,APPROVED,,
AR02213,بِنْت الأَخ,تركيب,104,2153,بنت أخي المرء.,,,,,,بِنْت الأَخ,APPROVED,,
AR02214,بِنْت الأُخْت,تركيب,104,2153,بنت أخت المرء.,,,,,,بِنْت الأُخْت,APPROVED,,
AR02215,اِبْن الأَخ,تركيب,104,2154,ابن أخي المرء.,,,,,,اِبْن الأَخ,APPROVED,,
AR02216,اِبْن الأُخْت,تركيب,104,2154,ابن أخت المرء.,,,,,,اِبْن الأُخْت,APPROVED,,
AR02226,خَتَن,اسم جامد,104,2161,زوج البنت أو الأخت.,ختن,فَعَلٌ,roots-4662:ختن:المحكم — المعاني,roots-4662:ختن:مقاييس — المحور,,خَتَن,APPROVED,,
AR02227,كَنَّة,اسم جامد,104,2162,زوجة الابن.,كنن,فَعْلَةٌ,roots-4662:كنن:المحكم — المعاني,roots-4662:كنن:مقاييس — المحور,,كَنَّة,APPROVED,,WAZN_L2_005 ← فَعْلٌ
AR02228,رَبِيب,اسم جامد,104,2163,ابن الزوجة أو الزوج من غير صاحبه.,ربب,فَعِيلٌ,roots-4662:ربب:المحكم — المعاني,roots-4662:ربب:مقاييس — المحور,roots-4662:ربب:الأساس — المجاز,رَبِيب,APPROVED,,
AR02229,رَبِيبَة,اسم جامد,104,2164,بنت الزوجة أو الزوج من غير صاحبه.,ربب,فَعِيلَةٌ,roots-4662:ربب:المحكم — المعاني,roots-4662:ربب:مقاييس — المحور,roots-4662:ربب:الأساس — المجاز,رَبِيبَة,APPROVED,,WAZN_L2_005 ← فَعِيلٌ
AR02230,زَوْجَة الأَب,تركيب,104,2165,امرأة الأب غير الأم.,,,,,,زَوْجَة الأَب,APPROVED,,
AR02231,رَابَّة,اسم فاعل,104,2165,امرأة الأب غير الأم.,ربب,فَاعِلَةٌ,roots-4662:ربب:المحكم — المعاني,roots-4662:ربب:مقاييس — المحور,roots-4662:ربب:الأساس — المجاز,رَابَّة,APPROVED,,WAZN_L2_005 ← فَاعِلٌ
AR02232,زَوْج الأُمّ,تركيب,104,2166,زوج الأم غير الأب.,,,,,,زَوْج الأُمّ,APPROVED,,
AR02233,رَابّ,اسم فاعل,104,2166,زوج الأم غير الأب.,ربب,فَاعِلٌ,roots-4662:ربب:المحكم — المعاني,roots-4662:ربب:مقاييس — المحور,roots-4662:ربب:الأساس — المجاز,رَابّ,APPROVED,,
AR02234,سِلْف,اسم جامد,104,2169,زوج أخت الزوجة.,سلف,فِعْلٌ,roots-4662:سلف:المحكم — المعاني,roots-4662:سلف:مقاييس — المحور,roots-4662:سلف:الأساس — المجاز,سِلْف,APPROVED,,سِلْف يغطي معنى زوج أخت الزوجة فقط
AR02235,سِلْفَة,اسم جامد,104,2171,زوجة أخي الزوج.,سلف,فِعْلَةٌ,roots-4662:سلف:المحكم — المعاني,roots-4662:سلف:مقاييس — المحور,roots-4662:سلف:الأساس — المجاز,سِلْفَة,APPROVED,,يغطي معنى زوجة أخي الزوج فقط | WAZN_L2_005 ← فِعْلٌ
AR02236,اِبْن العَمّ,تركيب,104,2172,ابن أخي الأب.,,,,,,اِبْن العَمّ,APPROVED,,
AR02237,اِبْن الخَال,تركيب,104,2172,ابن أخي الأم.,,,,,,اِبْن الخَال,APPROVED,,
AR02238,اِبْن الحَفِيد,تركيب,104,2179,ابن ولد الولد.,,,,,,اِبْن الحَفِيد,APPROVED,,
AR02239,بِنْت الحَفِيد,تركيب,104,2180,بنت ولد الولد.,,,,,,بِنْت الحَفِيد,APPROVED,,
AR02240,نَسِيب,صفة مشبهة,104,2240;2872;2875,القريب بالنسب أو بالمصاهرة.,نسب,فَعِيلٌ,roots-4662:نسب:المحكم — المعاني,roots-4662:نسب:مقاييس — النص,roots-4662:نسب:الأساس — المجاز,نَسِيب,APPROVED,,
AR02243,سَلَف,اسم جامد,104,2868;2870;2871,من تقدّم المرء من آبائه وذوي قرابته.,سلف,فَعَلٌ,roots-4662:سلف:المحكم — المعاني,roots-4662:سلف:مقاييس — المحور,roots-4662:سلف:الأساس — المجاز,سَلَف,APPROVED,,
AR02244,سَلِيل,اسم جامد,104,2869;7798,الولد المنحدر من أصل، ويُخصّ بمن له نسب رفيع.,سلل,فَعِيلٌ,roots-4662:سلل:المحكم — المعاني,roots-4662:سلل:مقاييس — المحور,,سَلِيل,APPROVED,,
AR02246,قَرِيب,صفة مشبهة,104,2872;2875,من يتصل بالمرء بنسب أو مصاهرة.,قرب,فَعِيلٌ,roots-4662:قرب:المحكم — المعاني,roots-4662:قرب:مقاييس — المحور,roots-4662:قرب:الأساس — المجاز,قَرِيب,APPROVED,,
AR02247,أَهْل,اسم جامد,104,2873;2876;16128,أقارب الرجل وعشيرته وذوو قرباه.,ءهل,فَعْلٌ,v21:أهل:المحكم — المعاني,v21:أهل:مقاييس — المحور,,أَهْل,APPROVED,,
AR02249,قَرِيبَة,صفة مشبهة,104,2874,المرأة تتصل بالمرء بنسب.,قرب,فَعِيلَةٌ,roots-4662:قرب:المحكم — المعاني,roots-4662:قرب:مقاييس — المحور,roots-4662:قرب:الأساس — المجاز,قَرِيبَة,APPROVED,,WAZN_L2_005 ← فَعِيلٌ
AR02250,رَحِم,اسم جامد,104,2876,القرابة، ويُطلق على الأقارب.,رحم,فَعِلٌ,roots-4662:رحم:المحكم — المعاني,roots-4662:رحم:مقاييس — المحور,roots-4662:رحم:الأساس — المجاز,رَحِم,APPROVED,,
AR02251,نَجْل,اسم جامد,104,7798,الولد.,نجل,فَعْلٌ,roots-4662:نجل:المحكم — المعاني,roots-4662:نجل:مقاييس — المحور,roots-4662:نجل:الأساس — المجاز,نَجْل,APPROVED,,
AR02252,نَسْل,اسم جامد,104,13316,الولد والذرية.,نسل,فَعْلٌ,roots-4662:نسل:المحكم — المعاني,roots-4662:نسل:مقاييس — المحور,roots-4662:نسل:الأساس — المجاز,نَسْل,APPROVED,,
AR02253,ذُرِّيَّة,اسم جامد,104,13316,نسل الرجل من الأولاد وأولادهم.,ذرر,فُعْلِيَّةٌ,roots-4662:ذرر:المحكم — المعاني,roots-4662:ذرر:مقاييس — المحور,roots-4662:ذرر:الأساس — المجاز,ذُرِّيَّة,APPROVED,,وتُذكر أيضاً في ذرء | WAZN ← L2_007 نسبة فُعْلٌ
AR02255,قَوْم,اسم جامد,104,16128,جماعة الرجل الذين ينتسب إليهم.,قوم,فَعْلٌ,roots-4662:قوم:المحكم — المعاني,roots-4662:قوم:مقاييس — المحور,roots-4662:قوم:الأساس — المجاز,قَوْم,APPROVED,,
AR02257,قَرَابَة,مصدر,104,17696,الصلة بين الناس بالنسب أو المصاهرة.,قرب,فَعَالَةٌ,roots-4662:قرب:المحكم — المعاني,roots-4662:قرب:مقاييس — المحور,roots-4662:قرب:الأساس — المجاز,قَرَابَة,APPROVED,,WAZN ← L2_015 المالك
AR02258,نَسَب,اسم جامد,104,17696,الانتماء إلى الآباء والقرابة.,نسب,فَعَلٌ,roots-4662:نسب:المحكم — المعاني,roots-4662:نسب:مقاييس — النص,roots-4662:نسب:الأساس — المجاز,نَسَب,APPROVED,,
AR02264,خُؤُولَة,مصدر,104,,القرابة من جهة الأخوال.,خول,فُعُولَةٌ,roots-4662:خول:المحكم — المعاني,roots-4662:خول:مقاييس — المحور,roots-4662:خول:الأساس — المجاز,خُؤُولَة,APPROVED,,AR_ONLY | WAZN ← L2_015 المالك
AR02265,أُسْقُف,اسم جامد,73,1573,رتبة كنسية عليا يتولى صاحبها رعاية أبرشية ويرسم الكهنة.,سقف,أُفْعُلٌّ,roots-4662:سقف:المحكم — المعاني,roots-4662:سقف:مقاييس — المحور,roots-4662:سقف:الأساس — المجاز,أُسْقُف,APPROVED,,في اللسان والقاموس أُسْقُفّ بالتشديد تحت سقف، وقيل أعجمي معرّب | WAZN ← L2_015 المالك
AR02266,رَئِيس,صفة مشبهة,73,1574;1576;1577;1578;1588;1599;4102;18329,من يتولى أمر جماعة أو هيئة أو دولة ويكون على رأسها.,رءس,فَعِيلٌ,roots-4662:رءس:المحكم — المعاني,roots-4662:رءس:مقاييس — المحور,roots-4662:رءس:الأساس — المجاز,رَئِيس,APPROVED,,
AR02267,مُدِير,اسم فاعل,73,1574;1583;1600;4103,من يتولى تدبير مؤسسة أو إدارة أو نشاط ويشرف عليه.,دور,مُفْعِلٌ,roots-4662:دور:المحكم — المعاني,roots-4662:دور:مقاييس — المحور,,مُدِير,APPROVED,,WAZN ← L2_006 فا من أَفْعَلَ
AR02268,قَائِد,اسم فاعل,73,1575;1581;1582;1585;1593,من يتقدم الجماعة ويتولى أمرها ويوجهها، ولا سيما في الجيش.,قود,فَاعِلٌ,roots-4662:قود:المحكم — المعاني,roots-4662:قود:مقاييس — المحور,roots-4662:قود:الأساس — المجاز,قَائِد,APPROVED,,أصله قاوِد
AR02269,رُبَّان,اسم جامد,73,1575,رئيس الملّاحين المتولي أمر السفينة.,ربن,فُعَّالٌ,v21:ربن:المحكم — المعاني,v21:ربن:مقاييس — النص,,رُبَّان,APPROVED,,وقيل في ربب على فُعْلان
AR02270,زَعِيم,صفة مشبهة,73,1578;1579;1593,سيّد القوم ورئيسهم المتكلم عنهم.,زعم,فَعِيلٌ,roots-4662:زعم:المحكم — المعاني,roots-4662:زعم:مقاييس — المحور,roots-4662:زعم:الأساس — المجاز,زَعِيم,APPROVED,,
AR02272,قَادَ,فعل,73,1580;1592;15240,تولّى أمر جماعة أو عمل وتقدّمه موجّهاً له.,قود,فَعَلَ,roots-4662:قود:المحكم — المعاني,roots-4662:قود:مقاييس — المحور,roots-4662:قود:الأساس — المجاز,قَادَ,APPROVED,,أصله قَوَدَ
AR02274,إِمْبِرَاطُور,اسم جامد,73,1584,الحاكم الأعلى لإمبراطورية.,,,,,,إِمْبِرَاطُور,APPROVED,,دخيل/معرّب لا جذر عربي له؛ مستقر في الفصحى المعاصرة ولا لفظ أصيل يقوم مقامه
AR02275,فَرِيق,اسم جامد,73,1585,رتبة عسكرية عليا يتولى صاحبها قيادة قوات كبيرة.,فرق,فَعِيلٌ,roots-4662:فرق:المحكم — المعاني,roots-4662:فرق:مقاييس — المحور,roots-4662:فرق:الأساس — المجاز,فَرِيق,APPROVED,,دلالة الرتبة حادثة
AR02277,سَاسَ,فعل,73,1586,دبّر أمر الرعية وقام عليه بما يصلحه.,سوس,فَعَلَ,roots-4662:سوس:المحكم — المعاني,roots-4662:سوس:مقاييس — المحور,roots-4662:سوس:الأساس — المجاز,سَاسَ,APPROVED,,أصله سَوَسَ
AR02279,وَالِي,اسم فاعل,73,1587;4101,من يتولى حكم ولاية أو إقليم نيابة عن السلطة العليا.,ولي,فَاعِلٌ,roots-4662:ولي:المحكم — المعاني,roots-4662:ولي:مقاييس — المحور,roots-4662:ولي:الأساس — المجاز,وَالِي,APPROVED,,أصله والِيٌ
AR02281,تَرَأَّسَ,فعل,73,1589;1598;17600,تولّى رئاسة جماعة أو مجلس أو جلسة.,رءس,تَفَعَّلَ,roots-4662:رءس:المحكم — المعاني,roots-4662:رءس:مقاييس — المحور,roots-4662:رءس:الأساس — المجاز,تَرَأَّسَ,APPROVED,,
AR02282,رَأَسَ,فعل,73,1589,صار رئيساً على قوم أو هيئة.,رءس,فَعَلَ,roots-4662:رءس:المحكم — المعاني,roots-4662:رءس:مقاييس — المحور,roots-4662:رءس:الأساس — المجاز,رَأَسَ,APPROVED,,
AR02284,مَلِك,صفة مشبهة,73,1591;1596;1607,صاحب السلطان الأعلى في دولة مستقلة، يرثه في الغالب.,ملك,فَعِلٌ,roots-4662:ملك:المحكم — المعاني,roots-4662:ملك:مقاييس — المحور,roots-4662:ملك:الأساس — المجاز,مَلِك,APPROVED,,
AR02285,عَاهِل,اسم فاعل,73,1591;1596;1607,الملك الأعظم صاحب السيادة العليا على الدولة.,عهل,فَاعِلٌ,v21:عهل:المحكم — المعاني,v21:عهل:مقاييس — المحور,,عَاهِل,APPROVED,,
AR02286,تَزَعَّمَ,فعل,73,1592,صار زعيماً لجماعة أو حركة وتولّى قيادتها.,زعم,تَفَعَّلَ,roots-4662:زعم:المحكم — المعاني,roots-4662:زعم:مقاييس — المحور,roots-4662:زعم:الأساس — المجاز,تَزَعَّمَ,APPROVED,,
AR02287,رَئِيسُ البَلَدِيَّةِ,تركيب,73,1594,المسؤول الأول عن إدارة مجلس المدينة وشؤونها.,,,,,,رَئِيسُ البَلَدِيَّةِ,APPROVED,,
AR02288,وَزِير,صفة مشبهة,73,1595;4111;14879,من يتولى وزارة من وزارات الدولة ويحمل عن الحاكم أعباءها.,وزر,فَعِيلٌ,roots-4662:وزر:المحكم — المعاني,roots-4662:وزر:مقاييس — المحور,roots-4662:وزر:الأساس — المجاز,وَزِير,APPROVED,,
AR02289,رَئِيسُ الوُزَرَاءِ,تركيب,73,1597;10822,رئيس الحكومة المتولي أمر مجلس الوزراء.,,,,,,رَئِيسُ الوُزَرَاءِ,APPROVED,,
AR02290,نَاظِر,اسم فاعل,73,1600;4103;17622,المتولي أمر مدرسة أو وقف أو جهة والقائم على شؤونها.,نظر,فَاعِلٌ,roots-4662:نظر:المحكم — المعاني,roots-4662:نظر:مقاييس — النص,roots-4662:نظر:الأساس — المجاز,نَاظِر,APPROVED,,
AR02291,مَلِكَة,صفة مشبهة,73,1601,المرأة صاحبة السلطان الأعلى في دولة مستقلة.,ملك,فَعِلَةٌ,roots-4662:ملك:المحكم — المعاني,roots-4662:ملك:مقاييس — المحور,roots-4662:ملك:الأساس — المجاز,مَلِكَة,APPROVED,,WAZN_L2_005 ← فَعِلٌ
AR02292,مَلَكَ,فعل,73,1602,تولّى الملك وكان صاحب السلطان على قوم.,ملك,فَعَلَ,roots-4662:ملك:المحكم — المعاني,roots-4662:ملك:مقاييس — المحور,roots-4662:ملك:الأساس — المجاز,مَلَكَ,APPROVED,,
AR02293,سَادَ,فعل,73,1603,صار سيّداً على قومه وتولّى أمرهم.,سود,فَعَلَ,roots-4662:سود:المحكم — المعاني,roots-4662:سود:مقاييس — المحور,roots-4662:سود:الأساس — المجاز,سَادَ,APPROVED,,أصله سَوَدَ
AR02294,أَدَارَ,فعل,73,1605;14862,تولّى تدبير عمل أو مؤسسة وتسيير شؤونها.,دور,أَفْعَلَ,roots-4662:دور:المحكم — المعاني,roots-4662:دور:مقاييس — المحور,,أَدَارَ,APPROVED,,
AR02295,شَاه,اسم جامد,73,1606,لقب ملك إيران قديماً.,,,,,,شَاه,APPROVED,,دخيل/معرّب لا جذر عربي له؛ مستقر في الفصحى المعاصرة ولا لفظ أصيل يقوم مقامه
AR02296,سُلْطَان,اسم جامد,73,1608,الحاكم المسلم صاحب السيادة والسلطة.,سلط,فُعْلانٌ,roots-4662:سلط:المحكم — المعاني,roots-4662:سلط:مقاييس — المحور,,سُلْطَان,APPROVED,,
AR02297,نَائِبُ القَائِدِ,تركيب,73,1609,من يخلف القائد وينوب عنه.,,,,,,نَائِبُ القَائِدِ,APPROVED,,
AR02298,نَائِبُ الرَّئِيسِ,تركيب,73,1610;1611;18330,من يلي الرئيس رتبةً وينوب عنه في غيابه.,,,,,,نَائِبُ الرَّئِيسِ,APPROVED,,
AR02299,نَائِبُ المُدِيرِ,تركيب,73,1612,من يلي المدير رتبةً وينوب عنه.,,,,,,نَائِبُ المُدِيرِ,APPROVED,,
AR02300,نَائِبُ المَلِكِ,تركيب,73,1613,من يحكم إقليماً أو مستعمرة نيابة عن الملك.,,,,,,نَائِبُ المَلِكِ,APPROVED,,
AR02301,خَلِيفَة,صفة مشبهة,73,4099,الإمام الأعظم للمسلمين القائم بأمر الدين والدنيا خلفاً للنبي.,خلف,فَعِيلَةٌ,roots-4662:خلف:المحكم — المعاني,roots-4662:خلف:مقاييس — المحور,roots-4662:خلف:الأساس — المجاز,خَلِيفَة,APPROVED,,WAZN_L2_005 ← فَعِيلٌ
AR02302,دَوْلَةٌ مَتْبُوعَةٌ,تركيب,73,4100,دولة لها سيادة على دولة أخرى تتمتع بحكم ذاتي في شؤونها الداخلية.,,,,,,دَوْلَةٌ مَتْبُوعَةٌ,APPROVED,,مصطلح القانون الدولي في مقابل الدولة التابعة
AR02305,إِمْبِرَاطُورَة,اسم جامد,73,4106,الحاكمة العليا لإمبراطورية أو زوجة الإمبراطور.,,,,,,إِمْبِرَاطُورَة,APPROVED,,دخيل/معرّب لا جذر عربي له؛ مستقر في الفصحى المعاصرة ولا لفظ أصيل يقوم مقامه
AR02306,مَهَرَاجَا,اسم جامد,73,4107,لقب أمير هندي قديماً.,,,,,,مَهَرَاجَا,APPROVED,,دخيل/معرّب لا جذر عربي له؛ مستقر في الفصحى المعاصرة ولا لفظ أصيل يقوم مقامه
AR02307,قَيْصَر,اسم جامد,73,4108;4115,لقب إمبراطور الروم والألمان والروس قديماً.,,,,,,قَيْصَر,APPROVED,,معرّب قديم عن لقب أعجمي؛ لا جذر عربي له
AR02308,قَيْصَرَة,اسم جامد,73,4109,لقب إمبراطورة روسيا قديماً.,,,,,,قَيْصَرَة,APPROVED,,معرّب؛ لا جذر عربي له
AR02309,دُوقَة,اسم جامد,73,4112,امرأة تحمل لقب الدوق أو زوجته أو أرملته.,,,,,,دُوقَة,APPROVED,,دخيل/معرّب لا جذر عربي له؛ مستقر في الفصحى المعاصرة ولا لفظ أصيل يقوم مقامه
AR02310,خَان,اسم جامد,73,4113,لقب للحكام والكبراء في آسيا الوسطى وبعض البلاد الإسلامية.,,,,,,خَان,APPROVED,,دخيل/معرّب لا جذر عربي له؛ مستقر في الفصحى المعاصرة ولا لفظ أصيل يقوم مقامه
AR02311,خِدِيوِي,اسم جامد,73,4114,لقب نائب السلطان العثماني في حكم مصر.,,,,,,خِدِيوِي,APPROVED,,دخيل/معرّب لا جذر عربي له؛ مستقر في الفصحى المعاصرة ولا لفظ أصيل يقوم مقامه
AR02312,بَاشَا,اسم جامد,73,4205,لقب رفيع لكبار الموظفين والقادة في الدولة العثمانية.,,,,,,بَاشَا,APPROVED,,دخيل/معرّب لا جذر عربي له؛ مستقر في الفصحى المعاصرة ولا لفظ أصيل يقوم مقامه
AR02313,سَيِّد,صفة مشبهة,73,4206,من له السيادة والأمر على غيره.,سود,فَيْعِلٌ,roots-4662:سود:المحكم — المعاني,roots-4662:سود:مقاييس — المحور,roots-4662:سود:الأساس — المجاز,سَيِّد,APPROVED,,WAZN ← L2_015 المالك
AR02314,بَارُون,اسم جامد,73,4207,لقب نبالة أوروبي، ويطلق على المتنفذ في تجارة أو صناعة.,,,,,,بَارُون,APPROVED,,دخيل/معرّب لا جذر عربي له؛ مستقر في الفصحى المعاصرة ولا لفظ أصيل يقوم مقامه
AR02315,مُسْتَبِدّ,اسم فاعل,73,7466;17272,حاكم ينفرد بالسلطة المطلقة دون مشورة أو رقيب.,بدد,مُسْتَفْعِلٌ,v21:بدد:المحكم — المعاني,v21:بدد:مقاييس — المحور,v21:بدد:الأساس — المجاز,مُسْتَبِدّ,APPROVED,,WAZN ← L2_006 فا من اِسْتَفْعَلَ
AR02317,مَسْؤُول,اسم مفعول,73,10625;14768;16013,من يشغل منصباً عاماً ويتولى مهامه.,سءل,مَفْعُولٌ,roots-4662:سءل:المحكم — المعاني,roots-4662:سءل:مقاييس — النص,,مَسْؤُول,APPROVED,,
AR02318,سُلْطَة,اسم جامد,73,11420;13595,جهة أو هيئة تملك الحكم والسيطرة في مجال ما.,سلط,فُعْلَةٌ,roots-4662:سلط:المحكم — المعاني,roots-4662:سلط:مقاييس — المحور,,سُلْطَة,APPROVED,,WAZN_L2_005 ← فُعْلٌ
AR02319,زَعِيمُ عِصَابَةِ مُخَدِّرَاتٍ,تركيب,73,11805,رئيس جماعة إجرامية تتاجر بالمخدرات.,,,,,,زَعِيمُ عِصَابَةِ مُخَدِّرَاتٍ,APPROVED,,
AR02321,دَوْلَة,اسم جامد,73,12183;16331,البلد بوصفه كياناً سياسياً ذا سلطة ونفوذ.,دول,فَعْلَةٌ,roots-4662:دول:المحكم — المعاني,roots-4662:دول:مقاييس — المحور,,دَوْلَة,APPROVED,,WAZN_L2_005 ← فَعْلٌ
AR02322,قُوَّة,مصدر,73,12183,دولة ذات نفوذ عسكري وسياسي بين الدول.,قوي,فُعْلَةٌ,,roots-4662:قوي:مقاييس — المحور,,قُوَّة,APPROVED,,WAZN_L2_005 ← فُعْلٌ
AR02323,رِئَاسِيّ,اسم منسوب,73,12433,منسوب إلى الرئيس أو الرئاسة.,رءس,فِعَالِيٌّ,roots-4662:رءس:المحكم — المعاني,roots-4662:رءس:مقاييس — المحور,roots-4662:رءس:الأساس — المجاز,رِئَاسِيّ,APPROVED,,اسم منسوب؛ لا فئة للنسبة في القائمة المغلقة فوُضع صفة مشبهة — OWNER_ALERT | POS_L2_007:NISBA (من نص الملاحظة) | WAZN ← L2_007 نسبة فِعَالٌ
AR02324,نِظَام,اسم جامد,73,13153,سلطة الحكم القائمة في بلد، ولا سيما المستبدة منها.,نظم,فِعَالٌ,roots-4662:نظم:المحكم — المعاني,roots-4662:نظم:مقاييس — المحور,roots-4662:نظم:الأساس — المجاز,نِظَام,APPROVED,,
AR02325,مُدِيرٌ عَامٌّ,تركيب,73,13371,المسؤول التنفيذي الأعلى في مؤسسة كبيرة.,,,,,,مُدِيرٌ عَامٌّ,APPROVED,,
AR02326,قِيَادَة,مصدر,73,13589;14592,تولّي أمر الجماعة وتوجيهها، والهيئة التي تتولاه.,قود,فِعَالَةٌ,roots-4662:قود:المحكم — المعاني,roots-4662:قود:مقاييس — المحور,roots-4662:قود:الأساس — المجاز,قِيَادَة,APPROVED,,WAZN_L2_005 ← فِعَالٌ
AR02330,رَئِيسُ الكَهَنَةِ,تركيب,73,13833,الكاهن الأعلى صاحب السلطة على سائر الكهنة.,,,,,,رَئِيسُ الكَهَنَةِ,APPROVED,,
AR02331,سَفِير,صفة مشبهة,73,13964,موظف رفيع يمثل دولته لدى دولة أخرى.,سفر,فَعِيلٌ,roots-4662:سفر:المحكم — المعاني,roots-4662:سفر:مقاييس — المحور,roots-4662:سفر:الأساس — المجاز,سَفِير,APPROVED,,
AR02333,سُلْطَةٌ تَشْرِيعِيَّةٌ,تركيب,73,14509,الهيئة الحكومية التي تسن القوانين.,,,,,,سُلْطَةٌ تَشْرِيعِيَّةٌ,APPROVED,,
AR02334,مَجْلِسٌ نِيَابِيٌّ,تركيب,73,14509,مجلس منتخب ينوب عن الشعب في التشريع والرقابة.,,,,,,مَجْلِسٌ نِيَابِيٌّ,APPROVED,,
AR02335,نَائِب,اسم فاعل,73,14529;14724,عضو منتخب في مجلس تشريعي ينوب عن ناخبيه.,نوب,فَاعِلٌ,roots-4662:نوب:المحكم — المعاني,roots-4662:نوب:مقاييس — المحور,,نَائِب,APPROVED,,أصله ناوِب
AR02336,مَجْلِسُ الشُّيُوخِ,تركيب,73,14597,المجلس التشريعي الأعلى في بعض الدول.,,,,,,مَجْلِسُ الشُّيُوخِ,APPROVED,,
AR02337,قُطْب,اسم جامد,73,14611,ذو النفوذ الأكبر في صناعة أو تجارة.,قطب,فُعْلٌ,roots-4662:قطب:المحكم — المعاني,roots-4662:قطب:مقاييس — المحور,roots-4662:قطب:الأساس — المجاز,قُطْب,APPROVED,,استعمال مجازي من قطب الرحى
AR02339,وَلِيُّ العَهْدِ,تركيب,73,14635;14771,الأمير المعيَّن لخلافة الملك في الحكم.,,,,,,وَلِيُّ العَهْدِ,APPROVED,,
AR02340,إِدَارَة,مصدر,73,14687,الجهاز الحاكم في عهد رئيس معين.,دور,إِفْعَالَةٌ,roots-4662:دور:المحكم — المعاني,roots-4662:دور:مقاييس — المحور,,إِدَارَة,APPROVED,,WAZN_L2_005 ← إِفْعَالٌ
AR02341,لِوَاء,اسم جامد,73,14715,رتبة عسكرية فوق العميد ودون الفريق، ويُلقَّب بها صاحبها.,لوي,فِعَالٌ,roots-4662:لوي:المحكم — المعاني,roots-4662:لوي:مقاييس — المحور,roots-4662:لوي:الأساس — المجاز,لِوَاء,APPROVED,,أصله لِوَايٌ؛ الوسم الإنجليزي صفة، والعربي اسم رتبة
AR02342,مُدِيرٌ تَنْفِيذِيٌّ,تركيب,73,14768,رأس مؤسسة تجارية أو جهة حكومية المتولي تنفيذ أعمالها.,,,,,,مُدِيرٌ تَنْفِيذِيٌّ,APPROVED,,
AR02345,رَئِيسٌ تَنْفِيذِيٌّ,تركيب,73,15845;15847,أعلى مسؤول في إدارة شركة أو مؤسسة.,,,,,,رَئِيسٌ تَنْفِيذِيٌّ,APPROVED,,لا اختصار عربي مستقر؛ يقابله التركيب الكامل
AR02349,نَائِبَة,اسم فاعل,73,18074,امرأة منتخبة عضواً في مجلس تشريعي تنوب عن ناخبيها.,نوب,فَاعِلَةٌ,roots-4662:نوب:المحكم — المعاني,roots-4662:نوب:مقاييس — المحور,,نَائِبَة,APPROVED,,WAZN_L2_005 ← فَاعِلٌ
AR02350,نَقِيب,صفة مشبهة,73,,رئيس القوم أو النقابة المتكلم عنهم والقائم بأمرهم.,نقب,فَعِيلٌ,roots-4662:نقب:المحكم — المعاني,roots-4662:نقب:مقاييس — المحور,,نَقِيب,APPROVED,,AR_ONLY
AR02351,رِئَاسَة,مصدر,73,,تولي منصب الرئيس والقيام بأمره.,رءس,فِعَالَةٌ,roots-4662:رءس:المحكم — المعاني,roots-4662:رءس:مقاييس — المحور,roots-4662:رءس:الأساس — المجاز,رِئَاسَة,APPROVED,,AR_ONLY | WAZN_L2_005 ← فِعَالٌ
AR02353,مَزْرَعَة,اسم مكان,196,3707;14491;17296,أرض وما عليها من مبانٍ تُتّخذ للزرع وتربية الماشية.,زرع,مَفْعَلَةٌ,roots-4662:زرع:المحكم — المعاني,roots-4662:زرع:مقاييس — المحور,roots-4662:زرع:الأساس — المجاز,مَزْرَعَة,APPROVED,,POS_L2_007:MAKAN | WAZN_L2_005 ← مَفْعَلٌ
AR02354,سِيَاج,اسم جامد,196,3708,حاجز يحيط بالأرض من شجر متلاصق أو غيره.,سوج,فِعَالٌ,roots-4662:سوج:المحكم — المعاني,,,سِيَاج,APPROVED,,أصله سِوَاج
AR02355,مَنْجَم,اسم مكان,196,8708,موضع يُحفر في الأرض لاستخراج المعادن.,نجم,مَفْعَلٌ,roots-4662:نجم:المحكم — المعاني,roots-4662:نجم:مقاييس — المحور,roots-4662:نجم:الأساس — المجاز,مَنْجَم,APPROVED,,POS_L2_007:MAKAN
AR02359,مَقْبَرَة,اسم مكان,196,8712,أرض واسعة يُدفن فيها الموتى.,قبر,مَفْعَلَةٌ,roots-4662:قبر:المحكم — المعاني,roots-4662:قبر:مقاييس — المحور,roots-4662:قبر:الأساس — المجاز,مَقْبَرَة,APPROVED,,POS_L2_007:MAKAN؛ ويقال مَقْبُرة | WAZN_L2_005 ← مَفْعَلٌ
AR02361,رِيفِيّ,اسم منسوب,196,10200,منسوب إلى الريف وما خرج عن المدن.,ريف,فِعْلِيٌّ,roots-4662:ريف:المحكم — المعاني,roots-4662:ريف:مقاييس — المحور,,رِيفِيّ,APPROVED,,POS_L2_007:NISBA | WAZN ← L2_007 نسبة فِعْلٌ
AR02362,قَرَوِيّ,اسم منسوب,196,10200,منسوب إلى القرية وأهلها.,قري,فَعَلِيٌّ,roots-4662:قري:المحكم — المعاني,roots-4662:قري:مقاييس — المحور,,قَرَوِيّ,APPROVED,,POS_L2_007:NISBA | WAZN ← L2_007 نسبة فَعَلٌ
AR02363,رِيف,اسم جامد,196,10201;10202,الأرض ذات الزرع والقرى خارج المدن الكبيرة.,ريف,فِعْلٌ,roots-4662:ريف:المحكم — المعاني,roots-4662:ريف:مقاييس — المحور,,رِيف,APPROVED,,
AR02365,مَدَنِيّ,اسم منسوب,196,10203,منسوب إلى المدينة وما يتعلق بها.,مدن,فَعَلِيٌّ,roots-4662:مدن:المحكم — المعاني,roots-4662:مدن:مقاييس — النص,,مَدَنِيّ,APPROVED,,POS_L2_007:NISBA | WAZN ← L2_007 نسبة فَعَلٌ
AR02366,مَدِينَة,اسم جامد,196,10204,موضع آهل بالسكان أكبر من البلدة والقرية.,مدن,فَعِيلَةٌ,roots-4662:مدن:المحكم — المعاني,roots-4662:مدن:مقاييس — النص,,مَدِينَة,APPROVED,,ومن المعاجم من يجعلها في دين | WAZN_L2_005 ← فَعِيلٌ
AR02368,قَرْيَة,اسم جامد,196,10205,مجموعة بيوت في الريف أصغر من البلدة.,قري,فَعْلَةٌ,roots-4662:قري:المحكم — المعاني,roots-4662:قري:مقاييس — المحور,,قَرْيَة,APPROVED,,وقيل في قرو | WAZN_L2_005 ← فَعْلٌ
AR02369,مَرْكَز,اسم مكان,196,10661;14575;16624,موضع أو مجموعة مبانٍ يتركّز فيها نشاط معيّن.,ركز,مَفْعَلٌ,roots-4662:ركز:المحكم — المعاني,roots-4662:ركز:مقاييس — المحور,roots-4662:ركز:الأساس — المجاز,مَرْكَز,APPROVED,,POS_L2_007:MAKAN
AR02370,مَرْفِق,اسم مكان,196,10662,مبنى أو موضع مجهّز لغرض معيّن ينتفع به الناس.,رفق,مَفْعِلٌ,roots-4662:رفق:المحكم — المعاني,roots-4662:رفق:مقاييس — المحور,roots-4662:رفق:الأساس — المجاز,مَرْفِق,APPROVED,,POS_L2_007:MAKAN؛ هذا المعنى مولّد معاصر
AR02371,مُنْشَأَة,اسم مفعول,196,10662;10713,مبنى أو مجموعة مبانٍ مقامة لغرض صناعي أو عسكري أو خدمي.,نشء,مُفْعَلَةٌ,roots-4662:نشء:المحكم — المعاني,roots-4662:نشء:مقاييس — المحور,,مُنْشَأَة,APPROVED,,WAZN_L2_005 ← مُفْعَلٌ
AR02373,مُفَاعِل,اسم فاعل,196,10714,منشأة تُجرى فيها تفاعلات انشطار نووي مضبوطة.,فعل,مُفَاعِلٌ,roots-4662:فعل:المحكم — المعاني,roots-4662:فعل:مقاييس — المحور,,مُفَاعِل,APPROVED,,هذا المعنى مولّد معاصر
AR02374,مَرْفَأ,اسم مكان,196,11418;15331,موضع على الساحل ترسو فيه السفن في مأمن.,رفء,مَفْعَلٌ,roots-4662:رفء:المحكم — المعاني,roots-4662:رفء:مقاييس — المحور,,مَرْفَأ,APPROVED,,POS_L2_007:MAKAN
AR02375,مِينَاء,اسم مكان,196,11418;15331,موضع على الساحل ترسو فيه السفن للتجارة والنقل.,وني,مِفْعَالٌ,roots-4662:وني:المحكم — المعاني,roots-4662:وني:مقاييس — المحور,roots-4662:وني:الأساس — المجاز,مِينَاء,APPROVED,,POS_L2_007:MAKAN؛ على صيغة مِفْعال
AR02379,مُسْتَوْدَع,اسم مكان,196,11437,موضع تُخزن فيه كميات كبيرة من السلع.,ودع,مُسْتَفْعَلٌ,roots-4662:ودع:المحكم — المعاني,roots-4662:ودع:مقاييس — المحور,roots-4662:ودع:الأساس — المجاز,مُسْتَوْدَع,APPROVED,,POS_L2_007:MAKAN | WAZN ← L2_006 مف من اِسْتَفْعَلَ
AR02380,مَخْزَن,اسم مكان,196,11437,موضع تُحفظ فيه السلع والأمتعة.,خزن,مَفْعَلٌ,roots-4662:خزن:المحكم — المعاني,roots-4662:خزن:مقاييس — المحور,roots-4662:خزن:الأساس — المجاز,مَخْزَن,APPROVED,,POS_L2_007:MAKAN
AR02381,مَوْقِع,اسم مكان,196,11550,رقعة من الأرض يقوم فيها شيء أو وقع فيها حدث.,وقع,مَفْعِلٌ,roots-4662:وقع:المحكم — المعاني,roots-4662:وقع:مقاييس — المحور,roots-4662:وقع:الأساس — المجاز,مَوْقِع,APPROVED,,POS_L2_007:MAKAN
AR02382,مَوْضِع,اسم مكان,196,11550,المكان الذي يكون فيه الشيء.,وضع,مَفْعِلٌ,roots-4662:وضع:المحكم — المعاني,roots-4662:وضع:مقاييس — المحور,roots-4662:وضع:الأساس — المجاز,مَوْضِع,APPROVED,,POS_L2_007:MAKAN
AR02383,مَدْرَسَة,اسم مكان,196,11659,مؤسسة ومبنى يتلقّى فيه الناشئة تعليمهم الأول.,درس,مَفْعَلَةٌ,roots-4662:درس:المحكم — المعاني,roots-4662:درس:مقاييس — المحور,roots-4662:درس:الأساس — المجاز,مَدْرَسَة,APPROVED,,POS_L2_007:MAKAN | WAZN_L2_005 ← مَفْعَلٌ
AR02386,مَوْقِف,اسم مكان,196,12739,موضع تقف فيه المركبات.,وقف,مَفْعِلٌ,roots-4662:وقف:المحكم — المعاني,roots-4662:وقف:مقاييس — المحور,roots-4662:وقف:الأساس — المجاز,مَوْقِف,APPROVED,,POS_L2_007:MAKAN
AR02387,قَاعِدَة,اسم فاعل,196,12784,موضع تُدار منه العمليات العسكرية أو غيرها.,قعد,فَاعِلَةٌ,roots-4662:قعد:المحكم — المعاني,roots-4662:قعد:مقاييس — المحور,roots-4662:قعد:الأساس — المجاز,قَاعِدَة,APPROVED,,اسم فاعل غلبت عليه الاسمية | WAZN_L2_005 ← فَاعِلٌ
AR02389,مُسْتَوْطَنَة,اسم مفعول,196,13498,موضع يقيم فيه جماعة من الناس ويتخذونه مسكناً.,وطن,مُسْتَفْعَلَةٌ,roots-4662:وطن:المحكم — المعاني,roots-4662:وطن:مقاييس — النص,roots-4662:وطن:الأساس — المجاز,مُسْتَوْطَنَة,APPROVED,,WAZN ← L2_005 مؤنث مُسْتَفْعَلٌ
AR02390,فِنَاء,اسم جامد,196,13505,ساحة مكشوفة تحيط بها جدران الدار أو مبانيها.,فني,فِعَالٌ,roots-4662:فني:المحكم — المعاني,roots-4662:فني:مقاييس — النص,,فِنَاء,APPROVED,,وقيل في فنو
AR02394,خَمَّارَة,اسم جامد,196,13790,موضع يُباع فيه الخمر ويُشرب.,خمر,فَعَّالَةٌ,roots-4662:خمر:المحكم — المعاني,roots-4662:خمر:مقاييس — المحور,roots-4662:خمر:الأساس — المجاز,خَمَّارَة,APPROVED,,WAZN_L2_005 ← فَعَّالٌ
AR02398,رِوَاق,اسم جامد,196,13828,قاعة تُعرض فيها الأعمال الفنية.,روق,فِعَالٌ,roots-4662:روق:المحكم — المعاني,roots-4662:روق:مقاييس — المحور,roots-4662:روق:الأساس — المجاز,رِوَاق,APPROVED,,هذا المعنى مولّد معاصر
AR02400,بُسْتَان,اسم جامد,196,13829,أرض يُغرس فيها الشجر والزرع.,بستن,فُعْلالٌ (رباعي),,,,بُسْتَان,APPROVED,,معرّب فارسي قديم مذكور في المعاجم
AR02401,مُتَنَزَّه,اسم مكان,196,13847,موضع عام واسع في المدينة يقصده الناس للترويح.,نزه,مُتَفَعَّلٌ,roots-4662:نزه:المحكم — المعاني,roots-4662:نزه:مقاييس — المحور,roots-4662:نزه:الأساس — المجاز,مُتَنَزَّه,APPROVED,,POS_L2_007:MAKAN | WAZN ← L2_006 مف من تَفَعَّلَ
AR02402,حَدِيقَة عَامَّة,تركيب,196,13847,أرض واسعة مزروعة في المدينة يقصدها الناس للترويح.,,,,,,حَدِيقَة عَامَّة,APPROVED,,
AR02403,مَيْدَان,اسم جامد,196,13854,ساحة واسعة مكشوفة تحيط بها المباني.,ميد,فَعْلانُ,roots-4662:ميد:المحكم — المعاني,roots-4662:ميد:مقاييس — المحور,roots-4662:ميد:الأساس — المجاز,مَيْدَان,APPROVED,,WAZN ← SIBAWAYH_EXISTS
AR02405,مَسْرَح,اسم مكان,196,13855,مبنى تُقدَّم فيه العروض التمثيلية.,سرح,مَفْعَلٌ,roots-4662:سرح:المحكم — المعاني,roots-4662:سرح:مقاييس — المحور,roots-4662:سرح:الأساس — المجاز,مَسْرَح,APPROVED,,POS_L2_007:MAKAN
AR02407,دُكَّان,اسم جامد,196,13861,حانوت صغير تُباع فيه السلع.,دكن,فُعَّالٌ,roots-4662:دكن:المحكم — المعاني,roots-4662:دكن:مقاييس — المحور,roots-4662:دكن:الأساس — المجاز,دُكَّان,APPROVED,,ومن المعاجم من يجعله فُعْلان من دكك
AR02408,كُلِّيَّة,اسم منسوب,196,13953,مؤسسة تعليمية تكون جزءاً من جامعة تُعنى بفرع من العلم.,كلل,فُعْلِيَّةٌ,roots-4662:كلل:المحكم — المعاني,roots-4662:كلل:مقاييس — المحور,roots-4662:كلل:الأساس — المجاز,كُلِّيَّة,APPROVED,,POS_L2_007:NISBA؛ نسبة غلبت عليها الاسمية؛ هذا المعنى مولّد معاصر | WAZN ← L2_007 نسبة فُعْلٌ
AR02409,فُسْحَة,اسم جامد,196,14169,مكان واسع مكشوف غير مبني يرتاده الناس.,فسح,فُعْلَةٌ,roots-4662:فسح:المحكم — المعاني,roots-4662:فسح:مقاييس — المحور,,فُسْحَة,APPROVED,,WAZN_L2_005 ← فُعْلٌ
AR02410,مَكْتَب الْبَرِيد,تركيب,196,14392,مبنى تُنجز فيه معاملات البريد.,,,,,,مَكْتَب الْبَرِيد,APPROVED,,
AR02411,قَنَاة,اسم جامد,196,14399,مجرى مائي محفور تسير فيه السفن أو يُنقل به الماء للري.,قنو,فَعَلَةٌ,,,roots-4662:قنو:الأساس — المجاز,قَنَاة,APPROVED,,وقيل في قني | WAZN_L2_005 ← فَعَلٌ
AR02413,مَرْج,اسم جامد,196,14401,أرض ذات عشب واسعة ترعى فيها الدواب.,مرج,فَعْلٌ,roots-4662:مرج:المحكم — المعاني,roots-4662:مرج:مقاييس — المحور,roots-4662:مرج:الأساس — المجاز,مَرْج,APPROVED,,
AR02414,مَقَرّ,اسم مكان,196,14575,الموضع الذي تُدار منه الأعمال.,قرر,مَفْعَلٌ,roots-4662:قرر:المحكم — المعاني,roots-4662:قرر:مقاييس — المحور,roots-4662:قرر:الأساس — المجاز,مَقَرّ,APPROVED,,POS_L2_007:MAKAN؛ أصله مَقْرَر
AR02415,وَسَط الْبَلَد,تركيب,196,14661,المركز التجاري والاقتصادي للمدينة.,,,,,,وَسَط الْبَلَد,APPROVED,,
AR02416,حَرَم جَامِعِيّ,تركيب,196,15242,الأرض التي تقوم عليها مباني الجامعة.,,,,,,حَرَم جَامِعِيّ,APPROVED,,
AR02417,حَدِيقَة الْحَيَوَان,تركيب,196,15250,موضع تُربّى فيه الحيوانات وتُعرض على الزائرين.,,,,,,حَدِيقَة الْحَيَوَان,APPROVED,,
AR02418,مَكَان الْعَمَل,تركيب,196,15353,الموضع الذي يعمل فيه المرء أو يُستخدم.,,,,,,مَكَان الْعَمَل,APPROVED,,
AR02421,مَيْدَان الرِّمَايَة,تركيب,196,16283,أرض مكشوفة يُتدرّب فيها على إصابة الهدف من بعيد.,,,,,,مَيْدَان الرِّمَايَة,APPROVED,,
AR02423,مَرْكَز الإِطْفَاء,تركيب,196,16625,مبنى يرابط فيه رجال الإطفاء.,,,,,,مَرْكَز الإِطْفَاء,APPROVED,,
AR02425,مُجَمَّع سَكَنِيّ,تركيب,196,16859,مجموعة كبيرة من المساكن تُبنى لتؤلّف حياً.,,,,,,مُجَمَّع سَكَنِيّ,APPROVED,,
AR02428,بُوتِيك,اسم جامد,196,18660,متجر صغير يبيع الملابس العصرية ونحوها.,,,,,,بُوتِيك,APPROVED,,دخيل مستقر في الفصحى المعاصرة؛ لا مفرد عربي بمعناه الخاص
AR02429,سُوق,اسم جامد,196,,موضع تُعرض فيه السلع ويُتبايع.,سوق,فُعْلٌ,roots-4662:سوق:المحكم — المعاني,roots-4662:سوق:مقاييس — المحور,roots-4662:سوق:الأساس — المجاز,سُوق,APPROVED,,AR_ONLY
AR02430,مَسْجِد,اسم مكان,196,,موضع يجتمع فيه المسلمون للصلاة.,سجد,مَفْعِلٌ,roots-4662:سجد:المحكم — المعاني,roots-4662:سجد:مقاييس — المحور,roots-4662:سجد:الأساس — المجاز,مَسْجِد,APPROVED,,AR_ONLY؛ POS_L2_007:MAKAN
AR02432,مَلْعَب,اسم مكان,196,,أرض معدّة لممارسة الألعاب الرياضية.,لعب,مَفْعَلٌ,roots-4662:لعب:المحكم — المعاني,roots-4662:لعب:مقاييس — المحور,roots-4662:لعب:الأساس — المجاز,مَلْعَب,APPROVED,,AR_ONLY؛ POS_L2_007:MAKAN
AR02433,ثُكْنَة,اسم جامد,196,,مبنى يقيم فيه الجنود.,ثكن,فُعْلَةٌ,v21:ثكن:المحكم — المعاني,v21:ثكن:مقاييس — المحور,,ثُكْنَة,APPROVED,,AR_ONLY | WAZN_L2_005 ← فُعْلٌ
AR02434,خَرَّ,فعل,69,1340;1356,صوّت الماءُ صوتاً متصلاً في جريانه.,خرر,فَعَلَ,roots-4662:خرر:المحكم — المعاني,roots-4662:خرر:مقاييس — المحور,roots-4662:خرر:الأساس — المجاز,خَرَّ,APPROVED,,
AR02435,نَبَحَ,فعل,69,1342;1523,صاح الكلبُ أو نحوه بصوته المعروف.,نبح,فَعَلَ,roots-4662:نبح:المحكم — المعاني,roots-4662:نبح:مقاييس — النص,roots-4662:نبح:الأساس — المجاز,نَبَحَ,APPROVED,,
AR02437,خَارَ,فعل,69,1344;1429,صوّت الثورُ أو البقرة بصوته الغليظ.,خور,فَعَلَ,roots-4662:خور:المحكم — المعاني,roots-4662:خور:مقاييس — المحور,roots-4662:خور:الأساس — المجاز,خَارَ,APPROVED,,
AR02438,دَوَّى,فعل,69,1346;1435;1495;13541,ارتفع صوتُ الشيء وامتدّ وتردّد صداه.,دوي,فَعَّلَ,roots-4662:دوي:المحكم — المعاني,roots-4662:دوي:مقاييس — النص,roots-4662:دوي:الأساس — المجاز,دَوَّى,APPROVED,,
AR02439,زَعَقَ,فعل,69,1346;1463;1487,صاح صياحاً شديداً حادّاً.,زعق,فَعَلَ,roots-4662:زعق:المحكم — المعاني,roots-4662:زعق:مقاييس — المحور,,زَعَقَ,APPROVED,,
AR02441,ثَغَا,فعل,69,1350,صوّتت الشاة أو المعز بصوتها الرقيق المتهدّج.,ثغو,فَعَلَ,,v21:ثغو:مقاييس — المحور,,ثَغَا,APPROVED,,
AR02442,يَعَرَ,فعل,69,1350,صاحت العنز بصوتها المعروف.,يعر,فَعَلَ,roots-4662:يعر:المحكم — المعاني,roots-4662:يعر:مقاييس — النص,,يَعَرَ,APPROVED,,
AR02443,نَهَقَ,فعل,69,1354,صوّت الحمارُ بصوته الخشن المعروف.,نهق,فَعَلَ,roots-4662:نهق:المحكم — المعاني,roots-4662:نهق:مقاييس — المحور,,نَهَقَ,APPROVED,,
AR02445,نَقْنَقَ,فعل,69,1359,صوّتت الدجاجةُ أو الضفدع صوتاً متقطعاً متتابعاً.,نقق,فَعْلَلَ,roots-4662:نقق:المحكم — المعاني,roots-4662:نقق:مقاييس — المحور,,نَقْنَقَ,APPROVED,,يُذكر في بعض المعاجم رباعياً في مادة مستقلة
AR02446,ضَغَا,فعل,69,1360;1426;1514;1525;1529,صاح الهرُّ أو الثعلب أو الكلب صياحاً فيه تضرّع أو ضعف.,ضغو,فَعَلَ,v21:ضغو:المحكم — المعاني,,v21:ضغو:الأساس — المجاز,ضَغَا,APPROVED,,
AR02447,نَعَبَ,فعل,69,1362;1392,صاح الغرابُ بصوته المعروف.,نعب,فَعَلَ,roots-4662:نعب:المحكم — المعاني,roots-4662:نعب:مقاييس — المحور,roots-4662:نعب:الأساس — المجاز,نَعَبَ,APPROVED,,
AR02448,نَعَقَ,فعل,69,1362,صاح الغرابُ ومدّ صوتَه.,نعق,فَعَلَ,roots-4662:نعق:المحكم — المعاني,roots-4662:نعق:مقاييس — المحور,,نَعَقَ,APPROVED,,
AR02450,سَقْسَقَ,فعل,69,1368,صوّت الطائرُ الصغير صوتاً رقيقاً متتابعاً.,سقق,فَعْلَلَ,,,,سَقْسَقَ,APPROVED,,يُذكر في بعض المعاجم رباعياً في مادة مستقلة
AR02451,صَأَى,فعل,69,1368;1437;1489;1491,صاح الفرخُ أو الفأرُ أو الخنزيرُ صوتاً رقيقاً حادّاً.,صءي,فَعَلَ,v21:صأي:المحكم — المعاني,,,صَأَى,APPROVED,,
AR02452,زَقْزَقَ,فعل,69,1370;1505;1507,صوّت العصفورُ صوتاً حادّاً خفيفاً متتابعاً.,زقق,فَعْلَلَ,roots-4662:زقق:المحكم — المعاني,roots-4662:زقق:مقاييس — المحور,roots-4662:زقق:الأساس — المجاز,زَقْزَقَ,APPROVED,,يُذكر في بعض المعاجم رباعياً في مادة مستقلة
AR02454,ضَحِكَ,فعل,69,1374;1402;1475;1477;1499;8720,أخرج صوتاً مع انبساط الوجه تعبيراً عن السرور أو التعجّب.,ضحك,فَعِلَ,v21:ضحك:المحكم — المعاني,v21:ضحك:مقاييس — النص,v21:ضحك:الأساس — المجاز,ضَحِكَ,APPROVED,,لا مفرد فصيح لهذا الضرب الخاص من الضحك؛ يُقيَّد بالحال أو المفعول المطلق
AR02456,رَنَّ,فعل,69,1376;1435;1497;9292,أصدر الشيءُ صوتاً صافياً ممتدّاً كصوت الجرس والمعدن.,رنن,فَعَلَ,roots-4662:رنن:المحكم — المعاني,roots-4662:رنن:مقاييس — المحور,roots-4662:رنن:الأساس — المجاز,رَنَّ,APPROVED,,
AR02457,قَعْقَعَ,فعل,69,1378;1380;1453,صوّت الشيءُ الصلبُ عند تحرّكه أو اصطدامه صوتاً متتابعاً، كقعقعة السلاح.,قعع,فَعْلَلَ,roots-4662:قعع:المحكم — المعاني,roots-4662:قعع:مقاييس — المحور,,قَعْقَعَ,APPROVED,,يُذكر في بعض المعاجم رباعياً في مادة مستقلة
AR02458,خَشْخَشَ,فعل,69,1380;1395;1453;1459;1465;6435,صوّت الشيءُ اليابسُ عند تحرّكه أو احتكاكه صوتاً متتابعاً.,خشش,فَعْلَلَ,roots-4662:خشش:المحكم — المعاني,roots-4662:خشش:مقاييس — المحور,roots-4662:خشش:الأساس — المجاز,خَشْخَشَ,APPROVED,,يُذكر في بعض المعاجم رباعياً في مادة مستقلة
AR02460,هَدَلَ,فعل,69,1386,صوّت الحمامُ بصوته الرخيم المتردّد.,هدل,فَعَلَ,roots-4662:هدل:المحكم — المعاني,roots-4662:هدل:مقاييس — المحور,,هَدَلَ,APPROVED,,
AR02461,سَعَلَ,فعل,69,1388,أخرج الهواءَ من صدره دفعةً بصوت.,سعل,فَعَلَ,roots-4662:سعل:المحكم — المعاني,roots-4662:سعل:مقاييس — المحور,roots-4662:سعل:الأساس — المجاز,سَعَلَ,APPROVED,,
AR02462,نَقَّ,فعل,69,1392,صوّت الضفدعُ بصوته المعروف.,نقق,فَعَلَ,roots-4662:نقق:المحكم — المعاني,roots-4662:نقق:مقاييس — المحور,,نَقَّ,APPROVED,,
AR02463,دَنْدَنَ,فعل,69,1393;1422,ردّد نغماً بصوت خفيض لا تُفهم ألفاظه.,دنن,فَعْلَلَ,roots-4662:دنن:المحكم — المعاني,roots-4662:دنن:مقاييس — المحور,,دَنْدَنَ,APPROVED,,يُذكر في بعض المعاجم رباعياً في مادة مستقلة
AR02464,تَرَنَّمَ,فعل,69,1393,ردّد الصوتَ بالغناء ترديداً رقيقاً.,رنم,تَفَعَّلَ,roots-4662:رنم:المحكم — المعاني,roots-4662:رنم:مقاييس — النص,roots-4662:رنم:الأساس — المجاز,تَرَنَّمَ,APPROVED,,
AR02467,نَشَّ,فعل,69,1398;1467,صوّت الماءُ أو الطعامُ عند الغليان أو القلي صوتاً كالفحيح.,نشش,فَعَلَ,roots-4662:نشش:المحكم — المعاني,roots-4662:نشش:مقاييس — النص,,نَشَّ,APPROVED,,
AR02469,هَرَّ,فعل,69,1407;1474,صوّت الكلبُ أو السبعُ صوتاً خفيضاً متوعّداً.,هرر,فَعَلَ,roots-4662:هرر:المحكم — المعاني,roots-4662:هرر:مقاييس — المحور,,هَرَّ,APPROVED,,
AR02471,قَبَعَ,فعل,69,1409,صوّت الخنزيرُ بصوته الغليظ القصير.,قبع,فَعَلَ,roots-4662:قبع:المحكم — المعاني,roots-4662:قبع:مقاييس — المحور,,قَبَعَ,APPROVED,,
AR02472,قَهْقَهَ,فعل,69,1411,ضحك ضحكاً عالياً متتابعاً.,قهه,فَعْلَلَ,,roots-4662:قهه:مقاييس — النص,,قَهْقَهَ,APPROVED,,يُذكر في بعض المعاجم رباعياً في مادة مستقلة
AR02473,قَرْقَرَ,فعل,69,1413,صوّت الماءُ أو البطنُ صوتاً أجوف متتابعاً.,قرر,فَعْلَلَ,roots-4662:قرر:المحكم — المعاني,roots-4662:قرر:مقاييس — المحور,roots-4662:قرر:الأساس — المجاز,قَرْقَرَ,APPROVED,,يُذكر في بعض المعاجم رباعياً في مادة مستقلة
AR02474,تَنَخَّمَ,فعل,69,1414,أخرج النخامةَ من حلقه بصوت خشن.,نخم,تَفَعَّلَ,roots-4662:نخم:المحكم — المعاني,roots-4662:نخم:مقاييس — النص,,تَنَخَّمَ,APPROVED,,
AR02475,فَحَّ,فعل,69,1416,صوّتت الأفعى بنفخ صوتاً كصوت السين.,فحح,فَعَلَ,roots-4662:فحح:المحكم — المعاني,roots-4662:فحح:مقاييس — النص,,فَحَّ,APPROVED,,
AR02476,زَقَا,فعل,69,1418,صاح الطائرُ كالبوم والديك صياحاً معروفاً.,زقو,فَعَلَ,roots-4662:زقو:المحكم — المعاني,roots-4662:زقو:مقاييس — المحور,,زَقَا,APPROVED,,
AR02478,نَاحَ,فعل,69,1423;1510,رفع صوتَه بالبكاء على الميت.,نوح,فَعَلَ,roots-4662:نوح:المحكم — المعاني,roots-4662:نوح:مقاييس — المحور,roots-4662:نوح:الأساس — المجاز,نَاحَ,APPROVED,,
AR02479,وَلْوَلَ,فعل,69,1423;1508;1510,رفع صوتَه بالصياح والبكاء من حزن أو مصيبة.,ولول,فَعْلَلَ,v21:ولول:المحكم — المعاني,,v21:ولول:الأساس — المجاز,وَلْوَلَ,APPROVED,,يُذكر في بعض المعاجم رباعياً في مادة مستقلة | L2_011 root ولل→ولول
AR02480,مَاءَ,فعل,69,1425,صاح الهرُّ بصوته المعروف.,موء,فَعَلَ,roots-4662:موء:المحكم — المعاني,,,مَاءَ,APPROVED,,
AR02484,خَرْخَرَ,فعل,69,1446,ردّد الهرُّ صوتاً خفيضاً متصلاً من حلقه.,خرر,فَعْلَلَ,roots-4662:خرر:المحكم — المعاني,roots-4662:خرر:مقاييس — المحور,roots-4662:خرر:الأساس — المجاز,خَرْخَرَ,APPROVED,,يُذكر في بعض المعاجم رباعياً في مادة مستقلة
AR02485,حَشْرَجَ,فعل,69,1452,تردّد النفَسُ في الحلق أو الصدر بصوت خشن.,حشرج,فَعْلَلَ,,,,حَشْرَجَ,APPROVED,,
AR02486,زَأَرَ,فعل,69,1455,صوّت الأسدُ أو نحوه صوتاً غليظاً ممتدّاً.,زءر,فَعَلَ,roots-4662:زءر:المحكم — المعاني,roots-4662:زءر:مقاييس — المحور,roots-4662:زءر:الأساس — المجاز,زَأَرَ,APPROVED,,
AR02487,هَدَرَ,فعل,69,1455;13541,ردّد البحرُ أو البعيرُ أو نحوهما صوتاً غليظاً متتابعاً.,هدر,فَعَلَ,roots-4662:هدر:المحكم — المعاني,roots-4662:هدر:مقاييس — النص,roots-4662:هدر:الأساس — المجاز,هَدَرَ,APPROVED,,
AR02490,غَطَّ,فعل,69,1479,ردّد النائمُ نفَسَه بصوت في حلقه وأنفه.,غطط,فَعَلَ,roots-4662:غطط:المحكم — المعاني,roots-4662:غطط:مقاييس — النص,,غَطَّ,APPROVED,,
AR02492,نَخَرَ,فعل,69,1481;1503,أخرج صوتاً قوياً من خيشومه بالنفَس.,نخر,فَعَلَ,roots-4662:نخر:المحكم — المعاني,roots-4662:نخر:مقاييس — المحور,roots-4662:نخر:الأساس — المجاز,نَخَرَ,APPROVED,,
AR02493,نَشَجَ,فعل,69,1483;1512,غصّ بالبكاء في حلقه دون انتحاب ظاهر.,نشج,فَعَلَ,roots-4662:نشج:المحكم — المعاني,roots-4662:نشج:مقاييس — المحور,roots-4662:نشج:الأساس — المجاز,نَشَجَ,APPROVED,,
AR02494,خَفَقَ,فعل,69,1493,اضطرب القلبُ ونبض نبضاً قوياً.,خفق,فَعَلَ,roots-4662:خفق:المحكم — المعاني,roots-4662:خفق:مقاييس — المحور,,خَفَقَ,APPROVED,,
AR02495,وَجَبَ,فعل,69,1493,خفق القلبُ واضطرب خفقاناً شديداً.,وجب,فَعَلَ,roots-4662:وجب:المحكم — المعاني,roots-4662:وجب:مقاييس — المحور,roots-4662:وجب:الأساس — المجاز,وَجَبَ,APPROVED,,
AR02496,رَعَدَ,فعل,69,1495,صوّت السحابُ أو نحوه صوتاً مدوّياً.,رعد,فَعَلَ,roots-4662:رعد:المحكم — المعاني,roots-4662:رعد:مقاييس — المحور,roots-4662:رعد:الأساس — المجاز,رَعَدَ,APPROVED,,
AR02497,دَقَّ,فعل,69,1501,صوّت الجرسُ بضربات متتابعة.,دقق,فَعَلَ,roots-4662:دقق:المحكم — المعاني,roots-4662:دقق:مقاييس — المحور,roots-4662:دقق:الأساس — المجاز,دَقَّ,APPROVED,,
AR02498,غَرَّدَ,فعل,69,1505;1507,رجّع الطائرُ صوتَه بالتطريب.,غرد,فَعَّلَ,roots-4662:غرد:المحكم — المعاني,roots-4662:غرد:مقاييس — المحور,,غَرَّدَ,APPROVED,,
AR02500,هَمَسَ,فعل,69,1517,أخرج صوتاً خفيّاً خافتاً.,همس,فَعَلَ,roots-4662:همس:المحكم — المعاني,roots-4662:همس:مقاييس — المحور,,هَمَسَ,APPROVED,,
AR02503,لَغَطَ,فعل,69,1521,أكثر الأصواتَ المختلطة التي لا تُفهم.,لغط,فَعَلَ,roots-4662:لغط:المحكم — المعاني,,,لَغَطَ,APPROVED,,
AR02504,وَعْوَعَ,فعل,69,1523,صاح الكلبُ أو الذئب صياحاً حادّاً متتابعاً.,وعع,فَعْلَلَ,,,,وَعْوَعَ,APPROVED,,يُذكر في بعض المعاجم رباعياً في مادة مستقلة
AR02506,تَلَعْثَمَ,فعل,69,11234,تردّد في كلامه وتوقّف بأصوات تدل على الحيرة.,لعثم,تَفَعْلَلَ,,,,تَلَعْثَمَ,APPROVED,,يقابل التردّد في الكلام لا أصوات التنحنح
AR02508,زَمَّرَ,فعل,69,17570;17572,أصدر بوقُ السيارة أو نحوه صوتاً عالياً.,زمر,فَعَّلَ,roots-4662:زمر:المحكم — المعاني,roots-4662:زمر:مقاييس — المحور,roots-4662:زمر:الأساس — المجاز,زَمَّرَ,APPROVED,,لبوق السيارة؛ لا فعل خاص بصوت الإوزّ
AR02509,رَغَا,فعل,69,,صوّت البعيرُ بصوته المعروف.,رغو,فَعَلَ,roots-4662:رغو:المحكم — المعاني,roots-4662:رغو:مقاييس — النص,roots-4662:رغو:الأساس — المجاز,رَغَا,APPROVED,,AR_ONLY
AR02512,زَغْرَدَ,فعل,69,,ردّدت المرأةُ صوتاً حادّاً متتابعاً بلسانها في الفرح.,زغرد,فَعْلَلَ,v21:زغرد:المحكم — المعاني,,,زَغْرَدَ,APPROVED,,AR_ONLY
AR02513,ضَخَامَة الأَطْرَاف,تركيب,239,4349,مرض يتضخّم فيه نموّ اليدين والقدمين وعظام الوجه لفرط إفراز هرمون النمو.,,,,,,ضَخَامَة الأَطْرَاف,APPROVED,,
AR02514,فُقْدَان الذَّاكِرَة,تركيب,239,4352,ذهاب الذاكرة كلّها أو بعضها.,,,,,,فُقْدَان الذَّاكِرَة,APPROVED,,
AR02515,اِلْتِهَاب المَفَاصِل,تركيب,239,4353,مرض تلتهب فيه المفاصل فتؤلم وتتيبّس.,,,,,,اِلْتِهَاب المَفَاصِل,APPROVED,,
AR02516,قَهَم,مصدر,239,4354,قلّة الشهوة إلى الطعام أو انعدامها.,قهم,فَعَلٌ,roots-4662:قهم:المحكم — المعاني,,,قَهَم,APPROVED,,المصطلح المعتمد في المعجم الطبي الموحّد
AR02517,فُقْدَان الشَّهِيَّة,تركيب,239,4354,انصراف النفس عن الطعام حتى يمتنع صاحبها عن الأكل.,,,,,,فُقْدَان الشَّهِيَّة,APPROVED,,
AR02518,اِخْتِنَاق,مصدر,239,4355,انقطاع الهواء عن البدن حتى يُغمى على صاحبه أو يهلك.,خنق,اِفْتِعَالٌ,roots-4662:خنق:المحكم — المعاني,roots-4662:خنق:مقاييس — المحور,roots-4662:خنق:الأساس — المجاز,اِخْتِنَاق,APPROVED,,WAZN ← L2_006 مص من اِفْتَعَلَ
AR02519,رَبْو,مصدر,239,4356,علّة في الصدر تأتي نوباتٍ يضيق معها النفس ويعلو.,ربو,فَعْلٌ,roots-4662:ربو:المحكم — المعاني,,roots-4662:ربو:الأساس — المجاز,رَبْو,APPROVED,,
AR02520,اِلْتِهَاب القَصَبَات,تركيب,239,4357,التهاب يصيب أغشية القصبات الهوائية ويصحبه سعال.,,,,,,اِلْتِهَاب القَصَبَات,APPROVED,,
AR02521,سَرَطَان,اسم جامد,239,4358,داء خبيث تتكاثر فيه خلايا الجسم تكاثراً لا ضابط له.,سرط,فَعَلانٌ,roots-4662:سرط:المحكم — المعاني,roots-4662:سرط:مقاييس — المحور,roots-4662:سرط:الأساس — المجاز,سَرَطَان,APPROVED,,
AR02522,دَاء المُبْيَضَّات,تركيب,239,4359,عدوى فطرية تسبّبها فطريات المبيضّات وتصيب الفم والجلد وغيرهما.,,,,,,دَاء المُبْيَضَّات,APPROVED,,الفطر نفسه يسمّى المبيضّة؛ ونُقل اللفظ إلى العلة التي يحدثها
AR02523,إِعْتَام العَدَسَة,تركيب,239,4360,علّة في العين تكدر فيها العدسة شيئاً فشيئاً فيضعف البصر.,,,,,,إِعْتَام العَدَسَة,APPROVED,,
AR02524,المَاء الأَبْيَض,تركيب,239,4360,اسم شائع لكدر عدسة العين المضعف للبصر.,,,,,,المَاء الأَبْيَض,APPROVED,,تركيب ثابت لا يستعمل إلا معرفاً
AR02525,اِلْتِهَاب القَنَوَات الصَّفْرَاوِيَّة,تركيب,239,4361,التهاب القنوات الناقلة للصفراء.,,,,,,اِلْتِهَاب القَنَوَات الصَّفْرَاوِيَّة,APPROVED,,
AR02526,اِلْتِهَاب المَرَارَة,تركيب,239,4362,التهاب المرارة، ويكون غالباً بسبب حصاها.,,,,,,اِلْتِهَاب المَرَارَة,APPROVED,,
AR02527,هَيْضَة,اسم جامد,239,4363,داء معدٍ يصيب الأمعاء فيحدث قيئاً وإسهالاً شديدين، وينتقل غالباً بالماء الملوّث.,هيض,فَعْلَةٌ,roots-4662:هيض:المحكم — المعاني,roots-4662:هيض:مقاييس — المحور,roots-4662:هيض:الأساس — المجاز,هَيْضَة,APPROVED,,المقابل المعتمد للكوليرا | WAZN_L2_005 ← فَعْلٌ
AR02528,تَشَمُّع الكَبِد,تركيب,239,4364,داء مزمن في الكبد تتلف فيه خلاياها وتتليّف أنسجتها.,,,,,,تَشَمُّع الكَبِد,APPROVED,,
AR02529,تَلَيُّف الكَبِد,تركيب,239,4364,داء مزمن تتحوّل فيه أنسجة الكبد إلى ألياف صلبة.,,,,,,تَلَيُّف الكَبِد,APPROVED,,
AR02530,زُكَام,مصدر,239,4365,علة شائعة تلتهب فيها بطانة الأنف والحلق فيسيل الأنف ويكثر العطاس.,زكم,فُعَالٌ,roots-4662:زكم:المحكم — المعاني,roots-4662:زكم:مقاييس — النص,roots-4662:زكم:الأساس — المجاز,زُكَام,APPROVED,,
AR02531,نَزْلَة,اسم جامد,239,4365,علة خفيفة في الأنف والحلق يصحبها سيلان وعطاس.,نزل,فَعْلَةٌ,roots-4662:نزل:المحكم — المعاني,roots-4662:نزل:مقاييس — النص,roots-4662:نزل:الأساس — المجاز,نَزْلَة,APPROVED,,WAZN_L2_005 ← فَعْلٌ
AR02532,اِلْتِهَاب القُولُون,تركيب,239,4366,التهاب يصيب بطانة القولون.,,,,,,اِلْتِهَاب القُولُون,APPROVED,,
AR02533,اِلْتِهَاب المُلْتَحِمَة,تركيب,239,4367,التهاب الغشاء الرقيق المبطِّن للجفن والمغطّي لبياض العين.,,,,,,اِلْتِهَاب المُلْتَحِمَة,APPROVED,,
AR02534,رَمَد,مصدر,239,4367,وجع العين وانتفاخها واحمرارها.,رمد,فَعَلٌ,roots-4662:رمد:المحكم — المعاني,roots-4662:رمد:مقاييس — المحور,roots-4662:رمد:الأساس — المجاز,رَمَد,APPROVED,,أعمّ من التهاب الملتحمة
AR02535,إِسْهَال,مصدر,239,4369,خروج الغائط مائعاً متكرراً.,سهل,إِفْعَالٌ,roots-4662:سهل:المحكم — المعاني,roots-4662:سهل:مقاييس — المحور,roots-4662:سهل:الأساس — المجاز,إِسْهَال,APPROVED,,
AR02536,اِكْتِئَاب,مصدر,239,4370,حزن شديد وانقباض في النفس يطول أمده.,كءب,اِفْتِعَالٌ,roots-4662:كءب:المحكم — المعاني,roots-4662:كءب:مقاييس — المحور,roots-4662:كءب:الأساس — المجاز,اِكْتِئَاب,APPROVED,,WAZN ← L2_006 مص من اِفْتَعَلَ
AR02537,اِلْتِهَاب الجِلْد,تركيب,239,4371,التهاب يصيب الجلد من مهيّج خارجي أو تحسّس.,,,,,,اِلْتِهَاب الجِلْد,APPROVED,,
AR02538,مَرَض السُّكَّرِيّ,تركيب,239,4372,خلل في استقلاب السكر في البدن يصحبه عطش شديد وكثرة بول.,,,,,,مَرَض السُّكَّرِيّ,APPROVED,,
AR02539,خُنَاق,اسم جامد,239,4373,داء جرثومي يلتهب فيه الحلق ويتكوّن فيه غشاء يعسر معه التنفس والبلع.,خنق,فُعَالٌ,roots-4662:خنق:المحكم — المعاني,roots-4662:خنق:مقاييس — المحور,roots-4662:خنق:الأساس — المجاز,خُنَاق,APPROVED,,المقابل المعتمد للدفتيريا
AR02540,دَاء الرُّتُوج,تركيب,239,4374,وجود جيوب صغيرة بارزة في جدار الأمعاء دون التهاب.,,,,,,دَاء الرُّتُوج,APPROVED,,
AR02541,عُسْر الطَّمْث,تركيب,239,4375,حيض مؤلم.,,,,,,عُسْر الطَّمْث,APPROVED,,
AR02542,إِكْزِيمَا,اسم جامد,239,4376,علة جلدية تخشن فيها رقع من الجلد وتلتهب ويصحبها حكاك ونزّ.,,,,,,إِكْزِيمَا,APPROVED,,دخيل/معرّب لا جذر عربي له؛ مستقر في الفصحى المعاصرة ولا لفظ أصيل يقوم مقامه
AR02543,نَزْلَة وَافِدَة,تركيب,239,4377;4378,عدوى فيروسية سريعة الانتشار تصيب مجاري التنفس مع حمّى وآلام وسعال.,,,,,,نَزْلَة وَافِدَة,APPROVED,,المقابل المعتمد للإنفلونزا
AR02544,اِلْتِهَاب الكَبِد,تركيب,239,4379,داء تلتهب فيه الكبد.,,,,,,اِلْتِهَاب الكَبِد,APPROVED,,
AR02545,فَتْق,مصدر,239,4380,بروز جزء من عضو، كالأمعاء، من خلال جدار التجويف الحاوي له.,فتق,فَعْلٌ,roots-4662:فتق:المحكم — المعاني,roots-4662:فتق:مقاييس — المحور,roots-4662:فتق:الأساس — المجاز,فَتْق,APPROVED,,
AR02546,اِرْتِفَاع ضَغْط الدَّم,تركيب,239,4381,زيادة ضغط الدم عن حدّه السويّ.,,,,,,اِرْتِفَاع ضَغْط الدَّم,APPROVED,,
AR02547,نَقْص سُكَّر الدَّم,تركيب,239,4382,انخفاض مقدار السكر في الدم عن حدّه السويّ.,,,,,,نَقْص سُكَّر الدَّم,APPROVED,,
AR02548,مَرَض,مصدر,239,4383;4384;4385,ما يخرج به البدن أو النفس عن حدّ الصحة.,مرض,فَعَلٌ,roots-4662:مرض:المحكم — المعاني,,roots-4662:مرض:الأساس — المجاز,مَرَض,APPROVED,,
AR02550,سَقَم,مصدر,239,4383;4385,المرض وطول ملازمته.,سقم,فَعَلٌ,roots-4662:سقم:المحكم — المعاني,roots-4662:سقم:مقاييس — المحور,roots-4662:سقم:الأساس — المجاز,سَقَم,APPROVED,,
AR02551,دَاء,اسم جامد,239,4384;10363,اسم جامع لكل مرض.,دوء,فَعَلٌ,roots-4662:دوء:المحكم — المعاني,,,دَاء,APPROVED,,يُذكر في المعاجم في مادة دوأ
AR02553,يَرَقَان,اسم جامد,239,4387,اصفرار الجلد وبياض العين لزيادة صبغ الصفراء في الدم.,يرق,فَعَلانٌ,v21:يرق:المحكم — المعاني,,,يَرَقَان,APPROVED,,ويقال أَرَقَان
AR02555,اِبْيِضَاض الدَّم,تركيب,239,4389,داء خبيث في نقيّ العظم يكثر فيه إنتاج كريات بيض غير سوية.,,,,,,اِبْيِضَاض الدَّم,APPROVED,,
AR02556,سَرَطَان الدَّم,تركيب,239,4389,اسم شائع لابيضاض الدم.,,,,,,سَرَطَان الدَّم,APPROVED,,
AR02558,حُمَّى المُسْتَنْقَعَات,تركيب,239,4390,اسم شائع للحمّى التي ينقلها البعوض في البلاد الحارة.,,,,,,حُمَّى المُسْتَنْقَعَات,APPROVED,,
AR02560,اِلْتِهَاب السَّحَايَا,تركيب,239,4392,التهاب الأغشية المحيطة بالدماغ والنخاع.,,,,,,اِلْتِهَاب السَّحَايَا,APPROVED,,
AR02561,غَزَارَة الطَّمْث,تركيب,239,4393,كثرة دم الحيض فوق المعتاد.,,,,,,غَزَارَة الطَّمْث,APPROVED,,
AR02562,شَلَل الأَطْفَال,تركيب,239,4394,داء فيروسي يصيب النخاع الشوكي وقد يورث الشلل، وأكثر ما يصيب الصغار.,,,,,,شَلَل الأَطْفَال,APPROVED,,
AR02564,اِلْتِهَاب الحُوَيْضَة وَالكُلْيَة,تركيب,239,4396,عدوى تصيب الكلية وحوضها.,,,,,,اِلْتِهَاب الحُوَيْضَة وَالكُلْيَة,APPROVED,,
AR02565,عُدّ وَرْدِيّ,تركيب,239,4397,علة في الوجه تتسع فيها أوعية دموية دقيقة فيحمرّ الخدّان والأنف.,,,,,,عُدّ وَرْدِيّ,APPROVED,,
AR02566,فُصَام,اسم جامد,239,4398,اضطراب عقلي مزمن تنفصم فيه صلة التفكير بالانفعال والسلوك فيضطرب إدراك الواقع.,فصم,فُعَالٌ,roots-4662:فصم:المحكم — المعاني,roots-4662:فصم:مقاييس — المحور,,فُصَام,APPROVED,,
AR02567,اِنْفِصَام الشَّخْصِيَّة,تركيب,239,4398,اسم شائع للفصام.,,,,,,اِنْفِصَام الشَّخْصِيَّة,APPROVED,,
AR02568,عِرْق النَّسَا,تركيب,239,4399,وجع يمتدّ من أسفل الظهر إلى الورك وظاهر الساق لانضغاط أصل عصب.,,,,,,عِرْق النَّسَا,APPROVED,,
AR02571,ضَغْط نَفْسِيّ,تركيب,239,4401,توتّر نفسي ينشأ من كثرة الأعباء والمخاوف.,,,,,,ضَغْط نَفْسِيّ,APPROVED,,
AR02572,زُهْرِيّ,اسم منسوب,239,4403,داء جرثومي ينتقل بالاتصال الجنسي ويتقدّم من الجلد إلى العظام والدماغ إن لم يعالج.,زهر,فُعْلِيٌّ,roots-4662:زهر:المحكم — المعاني,roots-4662:زهر:مقاييس — المحور,roots-4662:زهر:الأساس — المجاز,زُهْرِيّ,APPROVED,,POS_L2_007:NISBA; يستعمل اسماً للداء | WAZN ← L2_007 نسبة فُعْلٌ
AR02573,كُزَاز,اسم جامد,239,4404,داء جرثومي تتشنّج فيه العضلات الإرادية وتتصلّب.,كزز,فُعَالٌ,roots-4662:كزز:المحكم — المعاني,roots-4662:كزز:مقاييس — المحور,roots-4662:كزز:الأساس — المجاز,كُزَاز,APPROVED,,
AR02574,سُلّ,اسم جامد,239,4405,داء جرثومي معدٍ تنشأ فيه درنات في الأنسجة وأكثره في الرئة.,سلل,فُعْلٌ,roots-4662:سلل:المحكم — المعاني,roots-4662:سلل:مقاييس — المحور,,سُلّ,APPROVED,,
AR02575,تَدَرُّن,مصدر,239,4405,اسم علمي للسلّ بنشوء الدرنات في الأنسجة.,درن,تَفَعُّلٌ,roots-4662:درن:المحكم — المعاني,roots-4662:درن:مقاييس — المحور,,تَدَرُّن,APPROVED,,WAZN ← L2_006 مص من تَفَعَّلَ
AR02576,وَرَم,مصدر,239,4406,انتفاخ في موضع من البدن من نموّ زائد في أنسجته، حميداً أو خبيثاً.,ورم,فَعَلٌ,roots-4662:ورم:المحكم — المعاني,roots-4662:ورم:مقاييس — النص,,وَرَم,APPROVED,,
AR02577,قُرْحَة,اسم جامد,239,4407,جرح مفتوح على سطح البدن أو باطنه لا يلتئم.,قرح,فُعْلَةٌ,roots-4662:قرح:المحكم — المعاني,roots-4662:قرح:مقاييس — المحور,roots-4662:قرح:الأساس — المجاز,قُرْحَة,APPROVED,,WAZN_L2_005 ← فُعْلٌ
AR02579,حَصْبَة أَلْمَانِيَّة,تركيب,239,4559;4970,اسم شائع للحميراء.,,,,,,حَصْبَة أَلْمَانِيَّة,APPROVED,,
AR02580,نُكَاف,اسم جامد,239,4560,داء فيروسي يصيب الصغار غالباً فتنتفخ الغدتان اللعابيتان تحت الأذنين.,نكف,فُعَالٌ,roots-4662:نكف:المحكم — المعاني,roots-4662:نكف:مقاييس — المحور,,نُكَاف,APPROVED,,
AR02581,اِلْتِهَاب السَّحَايَا الجُرْثُومِيّ,تركيب,239,4809,التهاب أغشية الدماغ والنخاع بسبب جرثومة لا فيروس.,,,,,,اِلْتِهَاب السَّحَايَا الجُرْثُومِيّ,APPROVED,,
AR02582,وَعْكَة,اسم جامد,239,10361,مرض خفيف عارض.,وعك,فَعْلَةٌ,roots-4662:وعك:المحكم — المعاني,roots-4662:وعك:مقاييس — المحور,roots-4662:وعك:الأساس — المجاز,وَعْكَة,APPROVED,,WAZN_L2_005 ← فَعْلٌ
AR02584,كَلْم,مصدر,239,10362,الجرح.,كلم,فَعْلٌ,roots-4662:كلم:المحكم — المعاني,roots-4662:كلم:مقاييس — المحور,roots-4662:كلم:الأساس — المجاز,كَلْم,APPROVED,,
AR02585,حَالَة مَرَضِيَّة,تركيب,239,10364,علّة أو مشكلة صحية بعينها.,,,,,,حَالَة مَرَضِيَّة,APPROVED,,
AR02586,مُتَلَازِمَة,اسم فاعل,239,11239,علة تُعرف باجتماع أعراض بعينها معاً.,لزم,مُتَفَاعِلَةٌ,roots-4662:لزم:المحكم — المعاني,roots-4662:لزم:مقاييس — المحور,roots-4662:لزم:الأساس — المجاز,مُتَلَازِمَة,APPROVED,,مؤنث اسم الفاعل مستعمل اسماً | WAZN ← L2_005 مؤنث مُتَفَاعِلٌ
AR02588,مَرِيض,صفة مشبهة,239,13088;13089,من أصابه مرض في بدنه أو نفسه.,مرض,فَعِيلٌ,roots-4662:مرض:المحكم — المعاني,,roots-4662:مرض:الأساس — المجاز,مَرِيض,APPROVED,,
AR02589,سَقِيم,صفة مشبهة,239,13088,من طال به المرض.,سقم,فَعِيلٌ,roots-4662:سقم:المحكم — المعاني,roots-4662:سقم:مقاييس — المحور,roots-4662:سقم:الأساس — المجاز,سَقِيم,APPROVED,,
AR02591,مَوْعُوك,اسم مفعول,239,13090,من أصابته وعكة فليس على تمام صحته.,وعك,مَفْعُولٌ,roots-4662:وعك:المحكم — المعاني,roots-4662:وعك:مقاييس — المحور,roots-4662:وعك:الأساس — المجاز,مَوْعُوك,APPROVED,,
AR02592,مُتَوَعِّك,اسم فاعل,239,13090,من أصابته وعكة.,وعك,مُتَفَعِّلٌ,roots-4662:وعك:المحكم — المعاني,roots-4662:وعك:مقاييس — المحور,roots-4662:وعك:الأساس — المجاز,مُتَوَعِّك,APPROVED,,WAZN ← L2_006 فا من تَفَعَّلَ
AR02596,سُوء التَّغْذِيَة,تركيب,239,14521;14555,حال البدن إذا لم ينل من الغذاء كفايته أو ما يصلحه.,,,,,,سُوء التَّغْذِيَة,APPROVED,,
AR02597,نَقْص التَّغْذِيَة,تركيب,239,14555,قلّة ما ينال البدن من الغذاء عن حاجته.,,,,,,نَقْص التَّغْذِيَة,APPROVED,,
AR02598,مُقْعَد,اسم مفعول,239,14760,من لا يقدر على القيام والمشي لعلة في رجليه.,قعد,مُفْعَلٌ,roots-4662:قعد:المحكم — المعاني,roots-4662:قعد:مقاييس — المحور,roots-4662:قعد:الأساس — المجاز,مُقْعَد,APPROVED,,أعمّ من الشلل النصفي السفلي
AR02599,مَشْلُول,اسم مفعول,239,14760,من ذهبت حركة بعض أعضائه.,شلل,مَفْعُولٌ,v21:شلل:المحكم — المعاني,v21:شلل:مقاييس — المحور,v21:شلل:الأساس — المجاز,مَشْلُول,APPROVED,,أعمّ من الشلل النصفي السفلي
AR02600,سَلِيم,صفة مشبهة,239,15263,من كان في عافية لا مرض به.,سلم,فَعِيلٌ,roots-4662:سلم:المحكم — المعاني,roots-4662:سلم:مقاييس — المحور,roots-4662:سلم:الأساس — المجاز,سَلِيم,APPROVED,,
AR02603,مُتَلَازِمَة نَقْص المَنَاعَة المُكْتَسَب,تركيب,239,15302,داء فيروسي ينتقل بسوائل البدن ويذهب بمناعة الجسم فيعرّضه للعدوى والأورام.,,,,,,مُتَلَازِمَة نَقْص المَنَاعَة المُكْتَسَب,APPROVED,,
AR02604,مَرَض أَلْزْهَايْمَر,تركيب,239,15303,تدهور عقلي متزايد من تلف عام في الدماغ يصيب في الكهولة والشيخوخة.,,,,,,مَرَض أَلْزْهَايْمَر,APPROVED,,تركيب بعَلَم أعجمي؛ لا لفظ أصيل
AR02612,فَالِج,اسم جامد,239,,استرخاء يصيب أحد شقّي البدن فيذهب بحركته.,فلج,فَاعِلٌ,roots-4662:فلج:المحكم — المعاني,roots-4662:فلج:مقاييس — المحور,,فَالِج,APPROVED,,AR_ONLY
AR02614,شَارِد الذِّهْن,تركيب,29,372,من يغيب ذهنه عمّا حوله فيكثر سهوه.,,,,,,شَارِد الذِّهْن,APPROVED,,
AR02615,ذَاهِل,اسم فاعل,29,372,من غفل عن الشيء ونسيه لانشغال ذهنه.,ذهل,فَاعِلٌ,roots-4662:ذهل:المحكم — المعاني,roots-4662:ذهل:مقاييس — المحور,,ذَاهِل,APPROVED,,
AR02616,سَخِيف,صفة مشبهة,29,373;403;409;413;416,ما لا يقبله العقل ولا يليق لخروجه عن المعقول.,سخف,فَعِيلٌ,roots-4662:سخف:المحكم — المعاني,roots-4662:سخف:مقاييس — المحور,,سَخِيف,APPROVED,,
AR02617,سَخَافَة,مصدر,29,374,خروج الشيء عن المعقول واللائق.,سخف,فَعَالَةٌ,roots-4662:سخف:المحكم — المعاني,roots-4662:سخف:مقاييس — المحور,,سَخَافَة,APPROVED,,WAZN ← L2_015 المالك
AR02619,فَطِن,صفة مشبهة,29,375;414;420,من يدرك الأمور والناس على حقيقتها بسرعة.,فطن,فَعِلٌ,roots-4662:فطن:المحكم — المعاني,roots-4662:فطن:مقاييس — المحور,,فَطِن,APPROVED,,
AR02621,فِطْنَة,مصدر,29,376;13859,سرعة الإدراك وجودة الفهم.,فطن,فِعْلَةٌ,roots-4662:فطن:المحكم — المعاني,roots-4662:فطن:مقاييس — المحور,,فِطْنَة,APPROVED,,WAZN_L2_005 ← فِعْلٌ
AR02624,عَدِيم العَقْل,تركيب,29,377,من لا عقل له يزن به الأمور.,,,,,,عَدِيم العَقْل,APPROVED,,
AR02625,نُبُوغ,مصدر,29,378,ظهور الذكاء والموهبة ظهوراً فائقاً.,نبغ,فُعُولٌ,roots-4662:نبغ:المحكم — المعاني,roots-4662:نبغ:مقاييس — المحور,roots-4662:نبغ:الأساس — المجاز,نُبُوغ,APPROVED,,WAZN ← L2_015 المالك
AR02626,عَبْقَرِيَّة,مصدر,29,378,ذكاء فائق وموهبة نادرة.,عبقر,فَعْلَلِيَّةٌ,,,,عَبْقَرِيَّة,APPROVED,,مصدر صناعي | WAZN ← L2_007 نسبة فَعْلَلٌ
AR02627,نَابِغ,اسم فاعل,29,379,من ظهر ذكاؤه وموهبته على أقرانه.,نبغ,فَاعِلٌ,roots-4662:نبغ:المحكم — المعاني,roots-4662:نبغ:مقاييس — المحور,roots-4662:نبغ:الأساس — المجاز,نَابِغ,APPROVED,,
AR02628,عَبْقَرِيّ,اسم منسوب,29,379,الفائق في ذكائه وموهبته.,عبقر,فَعْلَلِيٌّ,,,,عَبْقَرِيّ,APPROVED,,POS_L2_007:NISBA | WAZN ← L2_007 نسبة فَعْلَلٌ
AR02629,أَلْمَعِيّ,اسم منسوب,29,379,الذكي المتوقّد الذي يصيب بظنّه.,لمع,أَفْعَلِيٌّ,roots-4662:لمع:المحكم — المعاني,roots-4662:لمع:مقاييس — المحور,roots-4662:لمع:الأساس — المجاز,أَلْمَعِيّ,APPROVED,,POS_L2_007:NISBA | WAZN ← L2_007 نسبة أَفْعَلُ
AR02630,وَاسِع الأُفُق,تركيب,29,380,من يتّسع فكره لآراء غيره ويتقبّلها.,,,,,,وَاسِع الأُفُق,APPROVED,,
AR02631,مُتَسَامِح,اسم فاعل,29,380,من يتقبّل آراء غيره ولا يضيق بها.,سمح,مُتَفَاعِلٌ,roots-4662:سمح:المحكم — المعاني,roots-4662:سمح:مقاييس — المحور,roots-4662:سمح:الأساس — المجاز,مُتَسَامِح,APPROVED,,WAZN ← L2_006 فا من تَفَاعَلَ
AR02633,مُكَابِر,اسم فاعل,29,381,من يصرّ على رأيه وإن ظهر له خطؤه.,كبر,مُفَاعِلٌ,roots-4662:كبر:المحكم — المعاني,roots-4662:كبر:مقاييس — المحور,roots-4662:كبر:الأساس — المجاز,مُكَابِر,APPROVED,,
AR02635,مُهْمِل,اسم فاعل,29,383;404,من لا يعتني بما يجب عليه ولا يحترز من الخطأ.,همل,مُفْعِلٌ,roots-4662:همل:المحكم — المعاني,roots-4662:همل:مقاييس — النص,roots-4662:همل:الأساس — المجاز,مُهْمِل,APPROVED,,WAZN ← L2_006 فا من أَفْعَلَ
AR02636,مُفَرِّط,اسم فاعل,29,383,من يقصّر فيما يجب أن يحفظه أو يعتني به.,فرط,مُفَعِّلٌ,roots-4662:فرط:المحكم — المعاني,roots-4662:فرط:مقاييس — المحور,roots-4662:فرط:الأساس — المجاز,مُفَرِّط,APPROVED,,WAZN ← L2_006 فا من فَعَّلَ
AR02637,إِهْمَال,مصدر,29,384,ترك العناية بما يجب الاعتناء به.,همل,إِفْعَالٌ,roots-4662:همل:المحكم — المعاني,roots-4662:همل:مقاييس — النص,roots-4662:همل:الأساس — المجاز,إِهْمَال,APPROVED,,
AR02638,تَفْرِيط,مصدر,29,384,التقصير في حفظ الشيء والعناية به.,فرط,تَفْعِيلٌ,roots-4662:فرط:المحكم — المعاني,roots-4662:فرط:مقاييس — المحور,roots-4662:فرط:الأساس — المجاز,تَفْرِيط,APPROVED,,
AR02639,مَاكِر,اسم فاعل,29,385;387;400,من يحتال ويخدع لينال مراده.,مكر,فَاعِلٌ,roots-4662:مكر:المحكم — المعاني,roots-4662:مكر:مقاييس — المحور,,مَاكِر,APPROVED,,
AR02640,مُخَادِع,اسم فاعل,29,385,من يظهر خلاف ما يضمر ليوقع بغيره.,خدع,مُفَاعِلٌ,roots-4662:خدع:المحكم — المعاني,roots-4662:خدع:مقاييس — النص,roots-4662:خدع:الأساس — المجاز,مُخَادِع,APPROVED,,
AR02644,سَيِّئ الظَّنّ,تركيب,29,388,من لا يثق بالناس ويحمل نواياهم على الشر.,,,,,,سَيِّئ الظَّنّ,APPROVED,,
AR02649,غَبِيّ,صفة مشبهة,29,391;6479,قليل الفطنة ضعيف الفهم.,غبي,فَعِيلٌ,v21:غبي:المحكم — المعاني,v21:غبي:مقاييس — المحور,,غَبِيّ,APPROVED,,ويُذكر أيضاً في غبو
AR02650,غَامِض,اسم فاعل,29,392,ما لم يتّضح في الذهن ولم يُستحضر جليّاً.,غمض,فَاعِلٌ,roots-4662:غمض:المحكم — المعاني,roots-4662:غمض:مقاييس — المحور,roots-4662:غمض:الأساس — المجاز,غَامِض,APPROVED,,
AR02654,تَمْيِيز,مصدر,29,394;16498,القدرة على الفصل بين الحسن والقبيح والصواب والخطأ.,ميز,تَفْعِيلٌ,roots-4662:ميز:المحكم — المعاني,roots-4662:ميز:مقاييس — المحور,roots-4662:ميز:الأساس — المجاز,تَمْيِيز,APPROVED,,
AR02655,مُسْتَنِير,اسم فاعل,29,395,من أضاء عقله بالعلم والمعرفة.,نور,مُسْتَفْعِلٌ,roots-4662:نور:المحكم — المعاني,roots-4662:نور:مقاييس — المحور,,مُسْتَنِير,APPROVED,,معتل العين؛ وزنه الصرفي مُسْتَفْعِل ولفظه مُسْتَفِيل | WAZN ← L2_006 فا من اِسْتَفْعَلَ
AR02657,اِسْتِنَارَة,مصدر,29,396,حال من أضاء عقله بالعلم والمعرفة.,نور,اِسْتِفْعَالٌ,roots-4662:نور:المحكم — المعاني,roots-4662:نور:مقاييس — المحور,,اِسْتِنَارَة,APPROVED,,معتل العين؛ لفظه اِسْتِفَالَة | WAZN ← L2_006 مص من اِسْتَفْعَلَ
AR02658,وَعْي,مصدر,29,396,إدراك المرء لما حوله وفهمه له.,وعي,فَعْلٌ,roots-4662:وعي:المحكم — المعاني,roots-4662:وعي:مقاييس — المحور,,وَعْي,APPROVED,,
AR02659,سَفِيه,صفة مشبهة,29,397,خفيف العقل لا يحسن التصرّف.,سفه,فَعِيلٌ,roots-4662:سفه:المحكم — المعاني,roots-4662:سفه:مقاييس — المحور,roots-4662:سفه:الأساس — المجاز,سَفِيه,APPROVED,,
AR02661,سَفَه,مصدر,29,398,خفّة العقل وسوء التصرّف.,سفه,فَعَلٌ,roots-4662:سفه:المحكم — المعاني,roots-4662:سفه:مقاييس — المحور,roots-4662:سفه:الأساس — المجاز,سَفَه,APPROVED,,
AR02663,نَسِيّ,صفة مشبهة,29,399,كثير النسيان.,نسي,فَعِيلٌ,roots-4662:نسي:المحكم — المعاني,roots-4662:نسي:مقاييس — المحور,,نَسِيّ,APPROVED,,POS_L2_007:MUBALAGHA | L2_009: صيغة مبالغة مقصورة على فَعَّال → صفة مشبهة
AR02664,كَثِير النِّسْيَان,تركيب,29,399,من يغلب عليه أن ينسى.,,,,,,كَثِير النِّسْيَان,APPROVED,,
AR02666,أَخْرَق,صفة مشبهة,29,401,من لا يحسن التصرّف لحمقه.,خرق,أَفْعَلُ,roots-4662:خرق:المحكم — المعاني,roots-4662:خرق:مقاييس — المحور,roots-4662:خرق:الأساس — المجاز,أَخْرَق,APPROVED,,
AR02668,غَيْر مَدْرُوس,تركيب,29,402,ما لم يُقلَّب فيه النظر قبل إمضائه.,,,,,,غَيْر مَدْرُوس,APPROVED,,
AR02670,غَافِل,اسم فاعل,29,404,من لا ينتبه لحاجات غيره ورغباتهم.,غفل,فَاعِلٌ,roots-4662:غفل:المحكم — المعاني,roots-4662:غفل:مقاييس — المحور,,غَافِل,APPROVED,,
AR02673,نَافِذ البَصِيرَة,تركيب,29,406,من يدرك بواطن الأمور إدراكاً عميقاً واضحاً.,,,,,,نَافِذ البَصِيرَة,APPROVED,,
AR02674,ذَكِيّ,صفة مشبهة,29,407;421,سريع الفهم حادّ العقل.,ذكو,فَعِيلٌ,roots-4662:ذكو:المحكم — المعاني,,,ذَكِيّ,APPROVED,,
AR02676,غَيْر عَقْلَانِيّ,تركيب,29,408,ما لا يجري على مقتضى العقل والمنطق.,,,,,,غَيْر عَقْلَانِيّ,APPROVED,,
AR02677,مُضْحِك,اسم فاعل,29,409;416,ما يثير السخرية لبعده عن المعقول.,ضحك,مُفْعِلٌ,v21:ضحك:المحكم — المعاني,v21:ضحك:مقاييس — النص,v21:ضحك:الأساس — المجاز,مُضْحِك,APPROVED,,WAZN ← L2_006 فا من أَفْعَلَ
AR02678,مَعْتُوه,اسم مفعول,29,410,ناقص العقل مختلّه.,عته,مَفْعُولٌ,v21:عته:المحكم — المعاني,,,مَعْتُوه,APPROVED,,
AR02679,غِرّ,صفة مشبهة,29,411,من لم يجرّب الأمور فتنقصه الخبرة والحكمة.,غرر,فِعْلٌ,roots-4662:غرر:المحكم — المعاني,roots-4662:غرر:مقاييس — المحور,roots-4662:غرر:الأساس — المجاز,غِرّ,APPROVED,,
AR02680,غَرِير,صفة مشبهة,29,411,الغافل الذي لم يجرّب الأمور.,غرر,فَعِيلٌ,roots-4662:غرر:المحكم — المعاني,roots-4662:غرر:مقاييس — المحور,roots-4662:غرر:الأساس — المجاز,غَرِير,APPROVED,,
AR02681,ضَيِّق الأُفُق,تركيب,29,412,من لا يتّسع فكره لآراء غيره.,,,,,,ضَيِّق الأُفُق,APPROVED,,
AR02684,لَمَّاح,صيغة مبالغة,29,414,سريع الإدراك يلمح الأمر من بعيد.,لمح,فَعَّالٌ,roots-4662:لمح:المحكم — المعاني,roots-4662:لمح:مقاييس — المحور,roots-4662:لمح:الأساس — المجاز,لَمَّاح,APPROVED,,POS_L2_007:MUBALAGHA
AR02685,رَشِيد,صفة مشبهة,29,415;418;419,من اهتدى إلى الصواب في رأيه وتدبيره.,رشد,فَعِيلٌ,roots-4662:رشد:المحكم — المعاني,roots-4662:رشد:مقاييس — المحور,roots-4662:رشد:الأساس — المجاز,رَشِيد,APPROVED,,
AR02687,لَبِيب,صفة مشبهة,29,417,العاقل الذي يحسن النظر في الأمور.,لبب,فَعِيلٌ,roots-4662:لبب:المحكم — المعاني,roots-4662:لبب:مقاييس — المحور,roots-4662:لبب:الأساس — المجاز,لَبِيب,APPROVED,,
AR02689,نَبِيه,صفة مشبهة,29,421,الفطن الحاضر الذهن.,نبه,فَعِيلٌ,roots-4662:نبه:المحكم — المعاني,roots-4662:نبه:مقاييس — المحور,roots-4662:نبه:الأساس — المجاز,نَبِيه,APPROVED,,
AR02690,غَيْر مَعْقُول,تركيب,29,422,ما لا يقوم على رأي سديد.,,,,,,غَيْر مَعْقُول,APPROVED,,
AR02691,بِغَبَاء,تركيب,29,13447,على وجه يدلّ على قلّة الفهم.,,,,,,بِغَبَاء,APPROVED,,
AR02692,بِحُمْق,تركيب,29,13447,على وجه يدلّ على قلّة العقل.,,,,,,بِحُمْق,APPROVED,,
AR02693,بِتَعَصُّب,تركيب,29,13448,على وجه لا يقبل رأي الآخرين.,,,,,,بِتَعَصُّب,APPROVED,,
AR02694,بِإِهْمَال,تركيب,29,13449,دون عناية كافية.,,,,,,بِإِهْمَال,APPROVED,,
AR02695,بِفِطْنَة,تركيب,29,13450,بإدراك حادّ سريع.,,,,,,بِفِطْنَة,APPROVED,,
AR02696,بِبَصِيرَة,تركيب,29,13451,بفهم عميق نافذ.,,,,,,بِبَصِيرَة,APPROVED,,
AR02697,ذَكَاء,مصدر,29,13859,حدّة الفهم وسرعته وقدرة العقل على الابتكار.,ذكو,فَعَالٍ,roots-4662:ذكو:المحكم — المعاني,,,ذَكَاء,APPROVED,,WAZN ← SIBAWAYH_EXISTS
AR02698,مَنْهُوم,اسم مفعول,29,15111,المولع بطلب العلم لا يشبع منه.,نهم,مَفْعُولٌ,roots-4662:نهم:المحكم — المعاني,roots-4662:نهم:مقاييس — المحور,roots-4662:نهم:الأساس — المجاز,مَنْهُوم,APPROVED,,يستعمل في هذا المعنى مقيداً بالعلم
AR02699,بِعِنَايَة,تركيب,29,15243,مع إعطاء الأمر حقّه من الانتباه.,,,,,,بِعِنَايَة,APPROVED,,
AR02700,بِحِرْص,تركيب,29,15243,مع شدّة الاحتراز من الخطأ.,,,,,,بِحِرْص,APPROVED,,
AR02703,مُرْتَاب,اسم فاعل,29,16025,من يشكّ في الناس ولا يأمنهم.,ريب,مُفْتَعِلٌ,roots-4662:ريب:المحكم — المعاني,roots-4662:ريب:مقاييس — المحور,,مُرْتَاب,APPROVED,,WAZN ← L2_006 فا من اِفْتَعَلَ
AR02705,رُشْد,مصدر,29,16498,إدراك الصواب من الخطأ في الأمور.,رشد,فُعْلٌ,roots-4662:رشد:المحكم — المعاني,roots-4662:رشد:مقاييس — المحور,roots-4662:رشد:الأساس — المجاز,رُشْد,APPROVED,,
AR02706,حِسّ سَلِيم,تركيب,29,16515,معرفة عملية بالصواب تحصل بالتجربة.,,,,,,حِسّ سَلِيم,APPROVED,,
AR02707,فَهِيم,صفة مشبهة,29,,سريع الفهم جيّده.,فهم,فَعِيلٌ,roots-4662:فهم:المحكم — المعاني,roots-4662:فهم:مقاييس — النص,,فَهِيم,APPROVED,,AR_ONLY
AR02708,رَزِين,صفة مشبهة,29,,الوقور الثابت الرأي.,رزن,فَعِيلٌ,roots-4662:رزن:المحكم — المعاني,roots-4662:رزن:مقاييس — المحور,roots-4662:رزن:الأساس — المجاز,رَزِين,APPROVED,,AR_ONLY
AR02709,سَدِيد الرَّأْي,تركيب,29,,من يصيب رأيه الصواب غالباً.,,,,,,سَدِيد الرَّأْي,APPROVED,,AR_ONLY
AR02710,مُغَفَّل,اسم مفعول,29,,من لا فطنة له فيسهل خداعه.,غفل,مُفَعَّلٌ,roots-4662:غفل:المحكم — المعاني,roots-4662:غفل:مقاييس — المحور,,مُغَفَّل,APPROVED,,AR_ONLY | WAZN ← L2_006 مف من فَعَّلَ
AR02712,نُهَيْر,اسم جامد,191,3404;3525;3526,نهرٌ صغير قليل الماء، وهو تصغير النهر.,نهر,فُعَيْلٌ,roots-4662:نهر:المحكم — المعاني,roots-4662:نهر:مقاييس — المحور,,نُهَيْر,APPROVED,,تصغير نَهْر | WAZN ← L2_015 المالك
AR02714,رَابِيَة,اسم فاعل,191,3405,ما ارتفع من الأرض ارتفاعاً يسيراً.,ربو,فَاعِلَةٌ,roots-4662:ربو:المحكم — المعاني,,roots-4662:ربو:الأساس — المجاز,رَابِيَة,APPROVED,,WAZN_L2_005 ← فَاعِلٌ
AR02717,رَبْوَة,اسم جامد,191,3409;3534;3583,ما ارتفع من الأرض قليلاً واستوى.,ربو,فَعْلَةٌ,roots-4662:ربو:المحكم — المعاني,,roots-4662:ربو:الأساس — المجاز,رَبْوَة,APPROVED,,ويقال رُبْوة ورِبْوة | WAZN_L2_005 ← فَعْلٌ
AR02719,سِلْسِلَة جَبَلِيَّة,تركيب,191,3410;3572,جبال متتابعة متصلة يمتد بعضها إثر بعض.,,,,,,سِلْسِلَة جَبَلِيَّة,APPROVED,,تقريب: لا لفظ يخصّ منظومة السلاسل المتوازية
AR02723,بُحَيْرَة جَبَلِيَّة,تركيب,191,3413,بحيرة صغيرة تقع بين الجبال أو في أعاليها.,,,,,,بُحَيْرَة جَبَلِيَّة,APPROVED,,
AR02724,خَوْر,اسم جامد,191,3414;3417;3512,لسانٌ من ماء البحر أو النهر يدخل في اليابسة، وهو مصبّ الماء في البحر.,خور,فَعْلٌ,roots-4662:خور:المحكم — المعاني,roots-4662:خور:مقاييس — المحور,roots-4662:خور:الأساس — المجاز,خَوْر,APPROVED,,
AR02726,وَادِي,اسم فاعل,191,3415;3496;3567;3576;13553,منفرج منخفض من الأرض بين الجبال أو التلال يكون مسيلاً للماء.,ودي,فَاعِلٌ,roots-4662:ودي:المحكم — المعاني,roots-4662:ودي:مقاييس — النص,roots-4662:ودي:الأساس — المجاز,وَادِي,APPROVED,,لفظه منقوص؛ يكتب بلا تنوين وادي
AR02727,صَدْع جَلِيدِيّ,تركيب,191,3416,شقّ عميق مفتوح في كتلة الجليد أو النهر الجليدي.,,,,,,صَدْع جَلِيدِيّ,APPROVED,,
AR02729,نَهْر,اسم جامد,191,3497,مجرى ماء عذب كبير يجري في مسيل حتى يصبّ في بحر أو بحيرة أو نهر آخر.,نهر,فَعْلٌ,roots-4662:نهر:المحكم — المعاني,roots-4662:نهر:مقاييس — المحور,,نَهْر,APPROVED,,
AR02732,شِبْه جَزِيرَة,تركيب,191,3501,أرضٌ يحيط بها الماء من جهات ثلاث وتتصل باليابسة من جهة.,,,,,,شِبْه جَزِيرَة,APPROVED,,
AR02733,فِيُورْد,اسم جامد,191,3502,لسان بحري طويل ضيق عميق بين جروف عالية نحتته الأنهار الجليدية.,,,,,,فِيُورْد,APPROVED,,دخيل/معرّب لا جذر عربي له؛ مستقر في الفصحى المعاصرة ولا لفظ عربي أصيل مفرد يؤديه
AR02734,نُتُوء صَخْرِيّ,تركيب,191,3503,كتلة صخرية بارزة ظاهرة على سطح الأرض.,,,,,,نُتُوء صَخْرِيّ,APPROVED,,
AR02736,أَرْخَبِيل,اسم جامد,191,3505,مجموعة كبيرة من الجزر المتقاربة في رقعة بحرية واحدة.,,,,,,أَرْخَبِيل,APPROVED,,دخيل/معرّب لا جذر عربي له؛ مستقر في الفصحى المعاصرة ولا لفظ عربي أصيل مفرد يؤديه
AR02737,جُرْف صَخْرِيّ,تركيب,191,3506,صخرة شاهقة وعرة شديدة الانحدار.,,,,,,جُرْف صَخْرِيّ,APPROVED,,
AR02738,نَهْر جَلِيدِيّ,تركيب,191,3507,كتلة ضخمة من الجليد تتكوّن من تراكم الثلج وتنساب ببطء.,,,,,,نَهْر جَلِيدِيّ,APPROVED,,
AR02739,أُخْدُود,اسم جامد,191,3508,شقّ عميق مستطيل في الأرض، وكثيراً ما يجري في قاعه نهر.,خدد,أُفْعُولٌ,roots-4662:خدد:المحكم — المعاني,roots-4662:خدد:مقاييس — المحور,,أُخْدُود,APPROVED,,
AR02742,خَلِيج,اسم جامد,191,3511;14535,جزء من البحر يتوغّل في اليابسة فتحيط به من أكثر جهاته.,خلج,فَعِيلٌ,roots-4662:خلج:المحكم — المعاني,roots-4662:خلج:مقاييس — المحور,roots-4662:خلج:الأساس — المجاز,خَلِيج,APPROVED,,
AR02744,قَنَاة,اسم جامد,191,3514,ممرّ مائي طبيعي أوسع من المضيق يصل بين بحرين.,قنو,فَعَلَةٌ,,,roots-4662:قنو:الأساس — المجاز,قَنَاة,APPROVED,,ويُذكر في الجذر قني أيضاً | WAZN_L2_005 ← فَعَلٌ
AR02745,رَأْس,اسم جامد,191,3515,طرفٌ من اليابسة داخلٌ في البحر.,رءس,فَعْلٌ,roots-4662:رءس:المحكم — المعاني,roots-4662:رءس:مقاييس — المحور,roots-4662:رءس:الأساس — المجاز,رَأْس,APPROVED,,
AR02748,مَغَارَة,اسم مكان,191,3517;3518,تجويف كبير غائر في الجبل أو تحت الأرض.,غور,مَفْعَلَةٌ,roots-4662:غور:المحكم — المعاني,roots-4662:غور:مقاييس — المحور,roots-4662:غور:الأساس — المجاز,مَغَارَة,APPROVED,,اسم مكان؛ لا فئة له في القائمة المغلقة فوُضع اسماً جامداً — OWNER_ALERT | WAZN_L2_005 ← مَفْعَلٌ | POS_L2_007:MAKAN (من نص الملاحظة)
AR02749,جَبَل جَلِيدِيّ,تركيب,191,3519;3520,كتلة ضخمة من الجليد طافية في البحر.,,,,,,جَبَل جَلِيدِيّ,APPROVED,,
AR02750,شَلَّال,اسم جامد,191,3521;3522;3524;15210,ماءٌ ينحدر من مكان عالٍ حين يجري النهر على حافة شديدة الانحدار.,شلل,فَعَّالٌ,v21:شلل:المحكم — المعاني,v21:شلل:مقاييس — المحور,v21:شلل:الأساس — المجاز,شَلَّال,APPROVED,,
AR02752,يَنْبُوع,اسم جامد,191,3523,مخرج الماء الذي يتفجّر من الأرض.,نبع,يَفْعُولٌ,roots-4662:نبع:المحكم — المعاني,roots-4662:نبع:مقاييس — المحور,roots-4662:نبع:الأساس — المجاز,يَنْبُوع,APPROVED,,
AR02753,جَزِيرَة مَرْجَانِيَّة,تركيب,191,3527,جزيرة أو سلسلة جزر حلقية الشكل تكوّنت من المرجان.,,,,,,جَزِيرَة مَرْجَانِيَّة,APPROVED,,
AR02754,طَوْف جَلِيدِيّ,تركيب,191,3528,صفيحة منبسطة من الجليد طافية على الماء.,,,,,,طَوْف جَلِيدِيّ,APPROVED,,
AR02755,كَثِيب,اسم جامد,191,3529,تلّ من الرمل تجمعه الريح.,كثب,فَعِيلٌ,roots-4662:كثب:المحكم — المعاني,roots-4662:كثب:مقاييس — المحور,roots-4662:كثب:الأساس — المجاز,كَثِيب,APPROVED,,
AR02757,كُتْلَة جَبَلِيَّة,تركيب,191,3530,مجموعة متراصّة من الجبال تشكّل كتلة واحدة.,,,,,,كُتْلَة جَبَلِيَّة,APPROVED,,
AR02758,قَارَة,اسم جامد,191,3532;3535,جُبَيْل صغير منقطع عن الجبال، مستوي الأعلى، شديد الجوانب.,قور,فَعَلَةٌ,roots-4662:قور:المحكم — المعاني,roots-4662:قور:مقاييس — المحور,roots-4662:قور:الأساس — المجاز,قَارَة,APPROVED,,أصله قَوَرَة | WAZN_L2_005 ← فَعَلٌ
AR02759,نَجْد,اسم جامد,191,3533;3631,ما ارتفع من الأرض واتّسع.,نجد,فَعْلٌ,roots-4662:نجد:المحكم — المعاني,roots-4662:نجد:مقاييس — المحور,roots-4662:نجد:الأساس — المجاز,نَجْد,APPROVED,,
AR02760,هَضْبَة,اسم جامد,191,3535;3631,أرض مرتفعة منبسطة واسعة.,هضب,فَعْلَةٌ,roots-4662:هضب:المحكم — المعاني,roots-4662:هضب:مقاييس — المحور,roots-4662:هضب:الأساس — المجاز,هَضْبَة,APPROVED,,WAZN_L2_005 ← فَعْلٌ
AR02762,حَاجِز رَمْلِيّ,تركيب,191,3539;3562;3563,كومة رملية مستطيلة ضحلة في البحر أو النهر أو عند مصبّه.,,,,,,حَاجِز رَمْلِيّ,APPROVED,,
AR02764,فُوَّهَة,اسم جامد,191,3555,تجويف واسع على هيئة الوعاء، كفم البركان أو أثر الارتطام.,فوه,فُعَّلَةٌ,roots-4662:فوه:المحكم — المعاني,roots-4662:فوه:مقاييس — المحور,roots-4662:فوه:الأساس — المجاز,فُوَّهَة,APPROVED,,WAZN ← L2_015 المالك
AR02765,لِسَان رَمْلِيّ,تركيب,191,3564,حافّة رملية منخفضة تمتد داخلة في الماء.,,,,,,لِسَان رَمْلِيّ,APPROVED,,
AR02767,خَانِق,اسم فاعل,191,3566;3578;3581,شِعبٌ ضيّق عميق في الجبل شديد الجوانب.,خنق,فَاعِلٌ,roots-4662:خنق:المحكم — المعاني,roots-4662:خنق:مقاييس — المحور,roots-4662:خنق:الأساس — المجاز,خَانِق,APPROVED,,
AR02768,مُنْخَفَض,اسم مفعول,191,3570,أرضٌ هابطة عمّا حولها.,خفض,مُنْفَعَلٌ,roots-4662:خفض:المحكم — المعاني,,roots-4662:خفض:الأساس — المجاز,مُنْخَفَض,APPROVED,,على صيغة اسم المفعول/المكان من انخفض | WAZN ← L2_006 مف من اِنْفَعَلَ
AR02771,فَجّ,اسم جامد,191,3574;3575,الطريق الواسع بين جبلين.,فجج,فَعْلٌ,roots-4662:فجج:المحكم — المعاني,roots-4662:فجج:مقاييس — المحور,,فَجّ,APPROVED,,
AR02772,مَمَرّ,اسم مكان,191,3575,طريق يُعبَر منه بين الجبال أو خلالها.,مرر,مَفْعَلٌ,roots-4662:مرر:المحكم — المعاني,roots-4662:مرر:مقاييس — المحور,roots-4662:مرر:الأساس — المجاز,مَمَرّ,APPROVED,,اسم مكان؛ لا فئة له في القائمة المغلقة فوُضع اسماً جامداً — OWNER_ALERT | POS_L2_007:MAKAN (من نص الملاحظة)
AR02773,غَوْر,اسم جامد,191,3577,أرضٌ منخفضة مستطيلة هابطة بين مرتفعين.,غور,فَعْلٌ,roots-4662:غور:المحكم — المعاني,roots-4662:غور:مقاييس — المحور,roots-4662:غور:الأساس — المجاز,غَوْر,APPROVED,,
AR02774,مَسِيل,اسم مكان,191,3578;3579;13553,مجرى ضيق تحفره المياه المنحدرة ولا يجري فيه الماء إلا عند المطر.,سيل,مَفْعِلٌ,roots-4662:سيل:المحكم — المعاني,roots-4662:سيل:مقاييس — المحور,roots-4662:سيل:الأساس — المجاز,مَسِيل,APPROVED,,اسم مكان؛ لا فئة له في القائمة المغلقة فوُضع اسماً جامداً — OWNER_ALERT | POS_L2_007:MAKAN (من نص الملاحظة)
AR02775,رُكَام جَلِيدِيّ,تركيب,191,3584,ما يحمله النهر الجليدي من صخور وحطام ويرسبه.,,,,,,رُكَام جَلِيدِيّ,APPROVED,,
AR02776,رَصِيف قَارِّيّ,تركيب,191,3622,الجزء المغمور الضحل من حافة القارة تحت البحر.,,,,,,رَصِيف قَارِّيّ,APPROVED,,
AR02778,بُحَيْرَة سَاحِلِيَّة,تركيب,191,3624,مسطّح ماء ضحل يفصله عن البحر حاجز رملي أو مرجاني.,,,,,,بُحَيْرَة سَاحِلِيَّة,APPROVED,,
AR02779,مُسْتَنْقَع,اسم مفعول,191,3627;3628,أرضٌ منخفضة يركد فيها الماء ويكثر الوحل.,نقع,مُسْتَفْعَلٌ,roots-4662:نقع:المحكم — المعاني,roots-4662:نقع:مقاييس — المحور,roots-4662:نقع:الأساس — المجاز,مُسْتَنْقَع,APPROVED,,على صيغة اسم المفعول/المكان من استنقع | WAZN ← L2_006 مف من اِسْتَفْعَلَ
AR02780,قُنَّة,اسم جامد,191,3629,أعلى الجبل، أو الجُبَيل الصغير المنفرد.,قنن,فُعْلَةٌ,roots-4662:قنن:المحكم — المعاني,roots-4662:قنن:مقاييس — النص,roots-4662:قنن:الأساس — المجاز,قُنَّة,APPROVED,,WAZN_L2_005 ← فُعْلٌ
AR02781,جَزِيرَة نَهْرِيَّة,تركيب,191,3630,جزيرة صغيرة في وسط النهر.,,,,,,جَزِيرَة نَهْرِيَّة,APPROVED,,
AR02782,جَبَل بَحْرِيّ,تركيب,191,3632,جبل يرتفع من قاع البحر ولا يبلغ سطح الماء.,,,,,,جَبَل بَحْرِيّ,APPROVED,,
AR02783,بُرْكَان,اسم جامد,191,3634,جبل في أعلاه فوهة تنبعث منها الحمم والغازات من باطن الأرض.,,,,,,بُرْكَان,APPROVED,,معرّب على الأرجح؛ ويرجعه بعضهم إلى الجذر برك على وزن فُعْلان
AR02786,مُنْحَدَر نَهْرِيّ,تركيب,191,3706,موضع من النهر يشتدّ فيه التيار ويضطرب سطحه بسبب العوائق.,,,,,,مُنْحَدَر نَهْرِيّ,APPROVED,,يغلب جمعاً: منحدرات نهرية
AR02787,خَطّ تَقْسِيم المِيَاه,تركيب,191,7185,مرتفع من الأرض يفصل بين مياه تجري إلى أنهار أو أحواض مختلفة.,,,,,,خَطّ تَقْسِيم المِيَاه,APPROVED,,
AR02788,مُرْتَفَع,اسم مفعول,191,7251,أرضٌ عالية كالتلّ أو الجبل.,رفع,مُفْتَعَلٌ,roots-4662:رفع:المحكم — المعاني,roots-4662:رفع:مقاييس — المحور,roots-4662:رفع:الأساس — المجاز,مُرْتَفَع,APPROVED,,على صيغة اسم المفعول/المكان من ارتفع | WAZN ← L2_006 مف من اِفْتَعَلَ
AR02789,نَشَز,اسم جامد,191,7251,المكان المرتفع من الأرض.,نشز,فَعَلٌ,roots-4662:نشز:المحكم — المعاني,roots-4662:نشز:مقاييس — المحور,roots-4662:نشز:الأساس — المجاز,نَشَز,APPROVED,,
AR02790,شَاطِئ,اسم فاعل,191,7658;14409,حافّة البحر أو البحيرة من الرمل أو الحصى.,شطء,فَاعِلٌ,v21:شطأ:المحكم — المعاني,v21:شطأ:مقاييس — النص,,شَاطِئ,APPROVED,,
AR02791,قَارَّة,اسم فاعل,191,10186,كتلة عظيمة متصلة من اليابسة، كآسيا وأفريقيا.,قرر,فَاعِلَةٌ,roots-4662:قرر:المحكم — المعاني,roots-4662:قرر:مقاييس — المحور,roots-4662:قرر:الأساس — المجاز,قَارَّة,APPROVED,,WAZN_L2_005 ← فَاعِلٌ
AR02792,قَارِّيّ,اسم منسوب,191,10355,منسوبٌ إلى القارّة أو مكوِّنٌ لها.,قرر,فَاعِلِيٌّ,roots-4662:قرر:المحكم — المعاني,roots-4662:قرر:مقاييس — المحور,roots-4662:قرر:الأساس — المجاز,قَارِّيّ,APPROVED,,اسم منسوب؛ لا فئة للنسبة في القائمة المغلقة فوُضع صفة مشبهة — OWNER_ALERT | POS_L2_007:NISBA (من نص الملاحظة) | WAZN ← L2_007 نسبة فَاعِلٌ
AR02793,قِمَّة,اسم جامد,191,11324,أعلى الجبل المدبَّب.,قمم,فِعْلَةٌ,roots-4662:قمم:المحكم — المعاني,roots-4662:قمم:مقاييس — المحور,roots-4662:قمم:الأساس — المجاز,قِمَّة,APPROVED,,WAZN_L2_005 ← فِعْلٌ
AR02794,ذُرْوَة,اسم جامد,191,11324,أعلى الشيء، ومنه أعلى الجبل.,ذرو,فُعْلَةٌ,roots-4662:ذرو:المحكم — المعاني,roots-4662:ذرو:مقاييس — النص,,ذُرْوَة,APPROVED,,ويقال ذِرْوَة | WAZN_L2_005 ← فُعْلٌ
AR02795,سَاحِلِيّ,اسم منسوب,191,12783,منسوبٌ إلى الساحل أو واقع عليه.,سحل,فَاعِلِيٌّ,roots-4662:سحل:المحكم — المعاني,roots-4662:سحل:مقاييس — المحور,roots-4662:سحل:الأساس — المجاز,سَاحِلِيّ,APPROVED,,اسم منسوب؛ لا فئة للنسبة في القائمة المغلقة فوُضع صفة مشبهة — OWNER_ALERT | POS_L2_007:NISBA (من نص الملاحظة) | WAZN ← L2_007 نسبة فَاعِلٌ
AR02796,سَاحِل,اسم فاعل,191,14409,الأرض المحاذية للبحر أو البحيرة.,سحل,فَاعِلٌ,roots-4662:سحل:المحكم — المعاني,roots-4662:سحل:مقاييس — المحور,roots-4662:سحل:الأساس — المجاز,سَاحِل,APPROVED,,
AR02797,وَعْر,صفة مشبهة,191,14412,صعب المسلك كثير الصخور غير مستوي السطح.,وعر,فَعْلٌ,roots-4662:وعر:المحكم — المعاني,roots-4662:وعر:مقاييس — المحور,roots-4662:وعر:الأساس — المجاز,وَعْر,APPROVED,,
AR02798,يَابِسَة,اسم فاعل,191,15465,الأرض الصلبة الممتدة خلاف الماء.,يبس,فَاعِلَةٌ,roots-4662:يبس:المحكم — المعاني,roots-4662:يبس:مقاييس — المحور,roots-4662:يبس:الأساس — المجاز,يَابِسَة,APPROVED,,WAZN_L2_005 ← فَاعِلٌ
AR02800,مَاء,اسم جامد,191,15543,كتلة أو رقعة من الماء كالبحر أو البحيرة.,موه,فَعَلٌ,roots-4662:موه:المحكم — المعاني,roots-4662:موه:مقاييس — النص,,مَاء,APPROVED,,أصله مَوَهٌ على فَعَل
AR02801,مَرْعَى,اسم مكان,191,16284,أرضٌ ينبت فيها الكلأ وترعى فيها الماشية.,رعي,مَفْعَلٌ,roots-4662:رعي:المحكم — المعاني,roots-4662:رعي:مقاييس — النص,roots-4662:رعي:الأساس — المجاز,مَرْعَى,APPROVED,,اسم مكان؛ لا فئة له في القائمة المغلقة فوُضع اسماً جامداً — OWNER_ALERT | POS_L2_007:MAKAN (من نص الملاحظة)
AR02803,سَبْخَة,اسم جامد,191,,أرضٌ ذات ملح ونزّ لا تكاد تُنبت.,سبخ,فَعْلَةٌ,roots-4662:سبخ:المحكم — المعاني,roots-4662:سبخ:مقاييس — المحور,roots-4662:سبخ:الأساس — المجاز,سَبْخَة,APPROVED,,AR_ONLY | WAZN_L2_005 ← فَعْلٌ
AR02805,سِيَاسِيّ,اسم منسوب,1071,10397,من يشتغل بالسياسة ويتولى شؤون الحكم أو يسعى إلى منصب عام.,سوس,فِعَالِيٌّ,roots-4662:سوس:المحكم — المعاني,roots-4662:سوس:مقاييس — المحور,roots-4662:سوس:الأساس — المجاز,سِيَاسِيّ,APPROVED,,POS_L2_007:NISBA | WAZN ← L2_007 نسبة فِعَالٌ
AR02806,رَجُلُ سِيَاسَة,تركيب,1071,10397,من يحترف العمل السياسي ويُعرف به.,,,,,,رَجُلُ سِيَاسَة,APPROVED,,
AR02807,مُزَارِع,اسم فاعل,1071,10398,من يتخذ الزراعة مهنة فيحرث الأرض ويقوم على زرعها أو يملكها ويديرها.,زرع,مُفَاعِلٌ,roots-4662:زرع:المحكم — المعاني,roots-4662:زرع:مقاييس — المحور,roots-4662:زرع:الأساس — المجاز,مُزَارِع,APPROVED,,
AR02808,فَلَّاح,صيغة مبالغة,1071,10398,من حرفته حراثة الأرض وزراعتها.,فلح,فَعَّالٌ,roots-4662:فلح:المحكم — المعاني,roots-4662:فلح:مقاييس — المحور,roots-4662:فلح:الأساس — المجاز,فَلَّاح,APPROVED,,POS_L2_007:MUBALAGHA؛ فعّال للحِرفة
AR02810,كَاتِب,اسم فاعل,1071,10400;18358,من يتخذ الكتابة صنعة، في ديوان يقيّد السجلات والحسابات أو في التأليف والإنشاء.,كتب,فَاعِلٌ,roots-4662:كتب:المحكم — المعاني,roots-4662:كتب:مقاييس — المحور,roots-4662:كتب:الأساس — المجاز,كَاتِب,APPROVED,,
AR02811,مُوَظَّف,اسم مفعول,1071,10400,من يُعيَّن في عمل إداري بأجر معلوم في مؤسسة أو دائرة.,وظف,مُفَعَّلٌ,roots-4662:وظف:المحكم — المعاني,roots-4662:وظف:مقاييس — المحور,roots-4662:وظف:الأساس — المجاز,مُوَظَّف,APPROVED,,لفظ مولَّد شائع في الفصحى المعاصرة | WAZN ← L2_006 مف من فَعَّلَ
AR02813,بُسْتَانِيّ,اسم منسوب,1071,10411,من يقوم على غرس الحدائق والبساتين والعناية بها.,,,,,,بُسْتَانِيّ,APPROVED,,POS_L2_007:NISBA؛ منسوب إلى بستان وهو فارسي معرّب؛ لا مقابل أصيل شائع
AR02815,خَادِمَة,اسم فاعل,1071,10413,امرأة تُستأجر للقيام بأعمال المنزل وخدمة أهله.,خدم,فَاعِلَةٌ,roots-4662:خدم:المحكم — المعاني,roots-4662:خدم:مقاييس — المحور,roots-4662:خدم:الأساس — المجاز,خَادِمَة,APPROVED,,WAZN_L2_005 ← فَاعِلٌ
AR02816,مُدِير,اسم فاعل,1071,10414,من يتولى إدارة مؤسسة أو جماعة من العاملين ويشرف على سير عملها.,دور,مُفْعِلٌ,roots-4662:دور:المحكم — المعاني,roots-4662:دور:مقاييس — المحور,,مُدِير,APPROVED,,أصله مُدْوِر أُعلّت العين | WAZN ← L2_006 فا من أَفْعَلَ
AR02817,أُسْتَاذ,اسم جامد,1071,10415,من يتولى التدريس في الجامعة ويحمل رتبة علمية فيها.,,,,,,أُسْتَاذ,APPROVED,,فارسي معرّب مستقر في الفصحى؛ لا مقابل أصيل بهذا المعنى
AR02818,مُوَظَّفُ اسْتِقْبَال,تركيب,1071,10416,من يتولى لقاء الزوار والعملاء وتسجيلهم وتوجيههم عند مدخل مؤسسة أو فندق.,,,,,,مُوَظَّفُ اسْتِقْبَال,APPROVED,,
AR02820,مَنْدُوبُ مَبِيعَات,تركيب,1071,10417,من يعمل لدى شركة في عرض منتجاتها على الزبائن وبيعها.,,,,,,مَنْدُوبُ مَبِيعَات,APPROVED,,
AR02821,خَادِم,اسم فاعل,1071,10418;17290,من يُستأجر للقيام بأعمال غيره، ولا سيما في المنزل.,خدم,فَاعِلٌ,roots-4662:خدم:المحكم — المعاني,roots-4662:خدم:مقاييس — المحور,roots-4662:خدم:الأساس — المجاز,خَادِم,APPROVED,,
AR02822,نَادِل,اسم فاعل,1071,10419;18346,من يخدم الزبائن في المطعم فيقدّم لهم الطعام والشراب على موائدهم.,ندل,فَاعِلٌ,roots-4662:ندل:المحكم — المعاني,roots-4662:ندل:مقاييس — المحور,,نَادِل,APPROVED,,
AR02823,نَجَّار,صيغة مبالغة,1071,10420,من حرفته صنع الأشياء من الخشب.,نجر,فَعَّالٌ,roots-4662:نجر:المحكم — المعاني,roots-4662:نجر:مقاييس — المحور,,نَجَّار,APPROVED,,POS_L2_007:MUBALAGHA؛ فعّال للحِرفة
AR02825,مُحَقِّقٌ خَاصّ,تركيب,1071,10731,من يعمل في التحرّي وكشف الخفايا لحساب من يستأجره لا لحساب الدولة.,,,,,,مُحَقِّقٌ خَاصّ,APPROVED,,
AR02826,مُمَثِّلَة,اسم فاعل,1071,11294,امرأة تحترف أداء الأدوار في المسرح أو السينما أو التلفاز.,مثل,مُفَعِّلَةٌ,roots-4662:مثل:المحكم — المعاني,roots-4662:مثل:مقاييس — المحور,,مُمَثِّلَة,APPROVED,,WAZN ← L2_005 مؤنث مُفَعِّلٌ
AR02827,نَادِلَة,اسم فاعل,1071,11295,امرأة تخدم الزبائن في المطعم فتقدّم لهم الطعام والشراب على موائدهم.,ندل,فَاعِلَةٌ,roots-4662:ندل:المحكم — المعاني,roots-4662:ندل:مقاييس — المحور,,نَادِلَة,APPROVED,,WAZN_L2_005 ← فَاعِلٌ
AR02828,فَنِّيّ,اسم منسوب,1071,12250,من يُستخدم لصيانة الأجهزة والمعدّات أو للعمل التطبيقي في المختبر.,فنن,فَعْلِيٌّ,roots-4662:فنن:المحكم — المعاني,roots-4662:فنن:مقاييس — المحور,,فَنِّيّ,APPROVED,,POS_L2_007:NISBA | WAZN ← L2_007 نسبة فَعْلٌ
AR02829,عَالِمُ السُّمُوم,تركيب,1071,12421,من يشتغل بدراسة السموم وآثارها.,,,,,,عَالِمُ السُّمُوم,APPROVED,,
AR02830,مُهَنْدِس,اسم فاعل,1071,12621,من تأهّل في الهندسة ويمارسها مهنة.,هندس,مُفَعْلِلٌ,,,,مُهَنْدِس,APPROVED,,يذكره بعض المعاجم في هندز، وهو معرّب من الفارسية | WAZN ← L2_006 فا من فَعْلَلَ
AR02831,عَمِيلٌ مُزْدَوَج,تركيب,1071,12648,جاسوس يُظهر العمل لدولة وهو يعمل في الحقيقة لعدوّها.,,,,,,عَمِيلٌ مُزْدَوَج,APPROVED,,
AR02834,عَالِمُ آثَار,تركيب,1071,13499,من يحترف دراسة تاريخ الإنسان من خلال آثاره المادية.,,,,,,عَالِمُ آثَار,APPROVED,,
AR02835,مِهْنِيّ,اسم منسوب,1071,13849,منسوب إلى المهنة أو متعلق بها.,مهن,فِعْلِيٌّ,roots-4662:مهن:المحكم — المعاني,roots-4662:مهن:مقاييس — المحور,,مِهْنِيّ,APPROVED,,POS_L2_007:NISBA | WAZN ← L2_007 نسبة فِعْلٌ
AR02837,وَكِيل,صفة مشبهة,1071,14688;18338,من يقوم مقام غيره من شخص أو هيئة وينوب عنه في أموره.,وكل,فَعِيلٌ,roots-4662:وكل:المحكم — المعاني,roots-4662:وكل:مقاييس — المحور,roots-4662:وكل:الأساس — المجاز,وَكِيل,APPROVED,,فعيل بمعنى مفعول
AR02839,قَاضِي,اسم فاعل,1071,14709;15973,من يتولى الفصل في الخصومات ويرأس جلسات المحكمة.,قضي,فَاعِلٌ,roots-4662:قضي:المحكم — المعاني,roots-4662:قضي:مقاييس — المحور,roots-4662:قضي:الأساس — المجاز,قَاضِي,APPROVED,,معتل اللام
AR02840,مِيكَانِيكِيّ,اسم منسوب,1071,14714,من يحترف إصلاح الآلات والمحرّكات.,,,,,,مِيكَانِيكِيّ,APPROVED,,POS_L2_007:NISBA؛ دخيل؛ لا مقابل أصيل شائع بهذا المعنى
AR02841,عَامِلُ نَفْط,تركيب,1071,14722,من يعمل في صناعة استخراج النفط.,,,,,,عَامِلُ نَفْط,APPROVED,,
AR02842,مُرَاسِل,اسم فاعل,1071,14725;17250,صحفي يوافي مؤسسته بالأخبار من مكان معيّن أو في شأن معيّن.,رسل,مُفَاعِلٌ,roots-4662:رسل:المحكم — المعاني,roots-4662:رسل:مقاييس — المحور,roots-4662:رسل:الأساس — المجاز,مُرَاسِل,APPROVED,,
AR02844,طَبِيبٌ بَيْطَرِيّ,تركيب,1071,14732,من تخصّص في طبّ الحيوانات ويمارسه.,,,,,,طَبِيبٌ بَيْطَرِيّ,APPROVED,,
AR02846,دَسِيس,صفة مشبهة,1071,14757,من يُدسّ في صفوف العدوّ متخفيًا ليأتي بأخباره.,دسس,فَعِيلٌ,roots-4662:دسس:المحكم — المعاني,roots-4662:دسس:مقاييس — المحور,,دَسِيس,APPROVED,,فعيل بمعنى مفعول
AR02849,رَجُلُ أَعْمَال,تركيب,1071,14853,من يشتغل بالتجارة أو إدارة المشروعات الاقتصادية.,,,,,,رَجُلُ أَعْمَال,APPROVED,,
AR02852,مُهَنْدِسٌ مِعْمَارِيّ,تركيب,1071,15222,من يصمّم المباني ويشرف على تشييدها.,,,,,,مُهَنْدِسٌ مِعْمَارِيّ,APPROVED,,
AR02854,شُرْطِيٌّ بِلِبَاسٍ مَدَنِيّ,تركيب,1071,15524,رجل شرطة يؤدي عمله بغير زيّه الرسمي.,,,,,,شُرْطِيٌّ بِلِبَاسٍ مَدَنِيّ,APPROVED,,
AR02857,رَجُلُ شُرْطَة,تركيب,1071,16041,فرد من أفراد الشرطة.,,,,,,رَجُلُ شُرْطَة,APPROVED,,
AR02858,نَاطِق,اسم فاعل,1071,16453;16454,من يدلي بالتصريحات ويجيب عن الأسئلة باسم شخص أو هيئة.,نطق,فَاعِلٌ,roots-4662:نطق:المحكم — المعاني,roots-4662:نطق:مقاييس — المحور,roots-4662:نطق:الأساس — المجاز,نَاطِق,APPROVED,,يُقيَّد عادة: النَّاطِق باسم كذا
AR02860,نَاطِقَة,اسم فاعل,1071,16455,امرأة تدلي بالتصريحات وتجيب عن الأسئلة باسم شخص أو هيئة.,نطق,فَاعِلَةٌ,roots-4662:نطق:المحكم — المعاني,roots-4662:نطق:مقاييس — المحور,roots-4662:نطق:الأساس — المجاز,نَاطِقَة,APPROVED,,WAZN_L2_005 ← فَاعِلٌ
AR02862,حَارِسٌ شَخْصِيّ,تركيب,1071,16611,من يرافق شخصًا ليحميه من الأذى.,,,,,,حَارِسٌ شَخْصِيّ,APPROVED,,
AR02865,خَيَّاط,صيغة مبالغة,1071,16643,من حرفته تفصيل الثياب وخياطتها أو تعديلها.,خيط,فَعَّالٌ,roots-4662:خيط:المحكم — المعاني,roots-4662:خيط:مقاييس — المحور,roots-4662:خيط:الأساس — المجاز,خَيَّاط,APPROVED,,POS_L2_007:MUBALAGHA؛ فعّال للحِرفة
AR02867,طَاهِي,اسم فاعل,1071,17268,من يتولى إعداد الطعام وطهوه بأجر.,طهو,فَاعِلٌ,v21:طهو:المحكم — المعاني,,v21:طهو:الأساس — المجاز,طَاهِي,APPROVED,,معتل اللام
AR02868,عُضْوُ مَجْلِسِ الشُّيُوخ,تركيب,1071,18337,من انتُخب أو عُيّن عضوًا في مجلس الشيوخ.,,,,,,عُضْوُ مَجْلِسِ الشُّيُوخ,APPROVED,,
AR02869,رِيَاضِيّ,اسم منسوب,1071,18339;18372,من يتدرّب على الألعاب والتمارين البدنية ويتنافس فيها، أو من تخصّص في علم الرياضيات.,روض,فِعَالِيٌّ,roots-4662:روض:المحكم — المعاني,roots-4662:روض:مقاييس — المحور,roots-4662:روض:الأساس — المجاز,رِيَاضِيّ,APPROVED,,POS_L2_007:NISBA؛ لفظ مشترك بين الرياضة البدنية وعلم الرياضيات | WAZN ← L2_007 نسبة فِعَالٌ
AR02870,رَئِيسُ الطُّهَاة,تركيب,1071,18340,كبير الطهاة في مطبخ المطعم.,,,,,,رَئِيسُ الطُّهَاة,APPROVED,,
AR02871,سَاقِي,اسم فاعل,1071,18341,من يُعدّ الشراب ويقدّمه للحاضرين في الحانة.,سقي,فَاعِلٌ,roots-4662:سقي:المحكم — المعاني,roots-4662:سقي:مقاييس — النص,roots-4662:سقي:الأساس — المجاز,سَاقِي,APPROVED,,معتل اللام
AR02873,مُدَرِّس,اسم فاعل,1071,18342,من يحترف التدريس في مدرسة أو معهد.,درس,مُفَعِّلٌ,roots-4662:درس:المحكم — المعاني,roots-4662:درس:مقاييس — المحور,roots-4662:درس:الأساس — المجاز,مُدَرِّس,APPROVED,,WAZN ← L2_006 فا من فَعَّلَ
AR02876,مُضِيفٌ جَوِّيّ,تركيب,1071,18345,من يقوم على خدمة الركاب في الرحلات الجوية.,,,,,,مُضِيفٌ جَوِّيّ,APPROVED,,
AR02877,مُطَوِّرُ بَرْمَجِيَّات,تركيب,1071,18347,من يصنع البرمجيات بكتابة الشيفرات وتصميمها.,,,,,,مُطَوِّرُ بَرْمَجِيَّات,APPROVED,,
AR02878,مُبَرْمِج,اسم فاعل,1071,18347;18612,من يكتب برامج الحاسوب.,,مُفَعْلِلٌ,,,,مُبَرْمِج,APPROVED,,فعل مولَّد من برنامج المعرّب؛ لا مادة له في المعاجم القديمة | WAZN ← L2_006 فا من فَعْلَلَ
AR02879,مُطَوِّرُ مَوَاقِع,تركيب,1071,18348,من يصنع مواقع الشبكة العالمية بالبرمجة والتصميم.,,,,,,مُطَوِّرُ مَوَاقِع,APPROVED,,
AR02881,رَبَّةُ بَيْت,تركيب,1071,18351,امرأة تتفرّغ لتدبير شؤون بيت أسرتها.,,,,,,رَبَّةُ بَيْت,APPROVED,,
AR02883,تِلْمِيذ,اسم جامد,1071,18352,من يتعلّم في المدرسة على يد معلّم.,تلمذ,فِعْلِيلٌ (رباعي),v21:تلمذ:المحكم — المعاني,,,تِلْمِيذ,APPROVED,,
AR02884,فَنَّان,صيغة مبالغة,1071,18353,من يمارس فنًّا من الفنون الجميلة أو فنون الأداء.,فنن,فَعَّالٌ,roots-4662:فنن:المحكم — المعاني,roots-4662:فنن:مقاييس — المحور,,فَنَّان,APPROVED,,POS_L2_007:MUBALAGHA
AR02886,مُوسِيقِيّ,اسم منسوب,1071,18354,من يحترف تأليف الموسيقى أو أداءها.,,,,,,مُوسِيقِيّ,APPROVED,,POS_L2_007:NISBA؛ منسوب إلى الموسيقى وهي دخيلة
AR02887,مُغَنِّي,اسم فاعل,1071,18355,من يحترف الغناء.,غني,مُفَعِّلٌ,roots-4662:غني:المحكم — المعاني,roots-4662:غني:مقاييس — المحور,roots-4662:غني:الأساس — المجاز,مُغَنِّي,APPROVED,,معتل اللام | WAZN ← L2_006 فا من فَعَّلَ
AR02889,رَسَّام,صيغة مبالغة,1071,18356,من يحترف رسم الصور وتلوينها.,رسم,فَعَّالٌ,roots-4662:رسم:المحكم — المعاني,roots-4662:رسم:مقاييس — المحور,roots-4662:رسم:الأساس — المجاز,رَسَّام,APPROVED,,POS_L2_007:MUBALAGHA
AR02890,رَاقِص,اسم فاعل,1071,18357,من يحترف الرقص.,رقص,فَاعِلٌ,roots-4662:رقص:المحكم — المعاني,roots-4662:رقص:مقاييس — المحور,roots-4662:رقص:الأساس — المجاز,رَاقِص,APPROVED,,
AR02893,مُمَثِّل,اسم فاعل,1071,18360,من يحترف أداء الأدوار في المسرح أو السينما أو التلفاز.,مثل,مُفَعِّلٌ,roots-4662:مثل:المحكم — المعاني,roots-4662:مثل:مقاييس — المحور,,مُمَثِّل,APPROVED,,WAZN ← L2_006 فا من فَعَّلَ
AR02894,مُنْتِج,اسم فاعل,1071,18361,من يتولى تمويل العمل المسرحي أو السينمائي أو الإذاعي وتدبير شؤونه الإدارية.,نتج,مُفْعِلٌ,roots-4662:نتج:المحكم — المعاني,roots-4662:نتج:مقاييس — النص,roots-4662:نتج:الأساس — المجاز,مُنْتِج,APPROVED,,WAZN ← L2_006 فا من أَفْعَلَ
AR02895,مُخْرِج,اسم فاعل,1071,18362,من يتولى قيادة العمل المسرحي أو السينمائي فنيًّا ليجسّد النص على وجه يرتضيه.,خرج,مُفْعِلٌ,roots-4662:خرج:المحكم — المعاني,roots-4662:خرج:مقاييس — المحور,roots-4662:خرج:الأساس — المجاز,مُخْرِج,APPROVED,,WAZN ← L2_006 فا من أَفْعَلَ
AR02897,عَالِمُ الأَعْصَاب,تركيب,1071,18364,من يشتغل بدراسة الجهاز العصبي.,,,,,,عَالِمُ الأَعْصَاب,APPROVED,,
AR02898,عَالِمُ الأَحْيَاء,تركيب,1071,18365,عالم تخصّص في علم الأحياء.,,,,,,عَالِمُ الأَحْيَاء,APPROVED,,
AR02899,كِيمْيَائِيّ,اسم منسوب,1071,18366,عالم تخصّص في الكيمياء.,,,,,,كِيمْيَائِيّ,APPROVED,,POS_L2_007:NISBA؛ منسوب إلى الكيمياء وهي معرّبة
AR02900,فِيزْيَائِيّ,اسم منسوب,1071,18367,عالم تخصّص في الفيزياء.,,,,,,فِيزْيَائِيّ,APPROVED,,POS_L2_007:NISBA؛ منسوب إلى الفيزياء وهي دخيلة
AR02901,عَالِمُ الإِنَاسَة,تركيب,1071,18368,من تخصّص في علم الإنسان ومجتمعاته وثقافاته.,,,,,,عَالِمُ الإِنَاسَة,APPROVED,,ويقال: عالم الأنثروبولوجيا
AR02902,لُغَوِيّ,اسم منسوب,1071,18369,من تخصّص في علم اللغة.,لغو,فُعَلِيٌّ,roots-4662:لغو:المحكم — المعاني,roots-4662:لغو:مقاييس — المحور,roots-4662:لغو:الأساس — المجاز,لُغَوِيّ,APPROVED,,POS_L2_007:NISBA | WAZN ← L2_007 نسبة فُعَلٌ
AR02903,لِسَانِيّ,اسم منسوب,1071,18369,من تخصّص في علم اللسانيات.,لسن,فِعَالِيٌّ,roots-4662:لسن:المحكم — المعاني,roots-4662:لسن:مقاييس — المحور,roots-4662:لسن:الأساس — المجاز,لِسَانِيّ,APPROVED,,POS_L2_007:NISBA | WAZN ← L2_007 نسبة فِعَالٌ
AR02904,عَالِمُ النَّفْس,تركيب,1071,18370,من تخصّص في علم النفس.,,,,,,عَالِمُ النَّفْس,APPROVED,,
AR02905,طَبِيبٌ نَفْسِيّ,تركيب,1071,18371,طبيب يمارس معالجة الاضطرابات النفسية.,,,,,,طَبِيبٌ نَفْسِيّ,APPROVED,,
AR02906,عَالِمُ رِيَاضِيَّات,تركيب,1071,18372,من تخصّص في علم الرياضيات.,,,,,,عَالِمُ رِيَاضِيَّات,APPROVED,,
AR02907,عَالِمُ الاجْتِمَاع,تركيب,1071,18373,من تخصّص في علم الاجتماع.,,,,,,عَالِمُ الاجْتِمَاع,APPROVED,,
AR02909,رَجُلُ إِطْفَاء,تركيب,1071,18471;18472,من يعمل في إخماد الحرائق وحماية ما تهدّده النار.,,,,,,رَجُلُ إِطْفَاء,APPROVED,,
AR02910,سَائِق,اسم فاعل,1071,18675,من يقود مركبة آلية بأجر.,سوق,فَاعِلٌ,roots-4662:سوق:المحكم — المعاني,roots-4662:سوق:مقاييس — المحور,roots-4662:سوق:الأساس — المجاز,سَائِق,APPROVED,,معتل العين
AR02918,زَوْج,اسم جامد,102,2025;2030,الرجل المقترن بامرأة بعقد نكاح، ويقال للمرأة أيضاً.,زوج,فَعْلٌ,roots-4662:زوج:المحكم — المعاني,roots-4662:زوج:مقاييس — المحور,roots-4662:زوج:الأساس — المجاز,زَوْج,APPROVED,,
AR02920,زَوْجَة,اسم جامد,102,2026,المرأة المقترنة برجل بعقد نكاح.,زوج,فَعْلَةٌ,roots-4662:زوج:المحكم — المعاني,roots-4662:زوج:مقاييس — المحور,roots-4662:زوج:الأساس — المجاز,زَوْجَة,APPROVED,,WAZN_L2_005 ← فَعْلٌ
AR02922,أَرْمَلَة,صفة مشبهة,102,2027,المرأة التي مات زوجها ولم تتزوج بعده.,رمل,أَفْعَلَةٌ,roots-4662:رمل:المحكم — المعاني,roots-4662:رمل:مقاييس — المحور,roots-4662:رمل:الأساس — المجاز,أَرْمَلَة,APPROVED,,WAZN ← L2_015 المالك
AR02923,أَرْمَل,صفة مشبهة,102,2028;2029,من مات عنه زوجه ولم يتزوج بعده.,رمل,أَفْعَلُ,roots-4662:رمل:المحكم — المعاني,roots-4662:رمل:مقاييس — المحور,roots-4662:رمل:الأساس — المجاز,أَرْمَل,APPROVED,,
AR02924,قَرِين,صفة مشبهة,102,2030;2051,الزوج أو الزوجة المقترن بصاحبه.,قرن,فَعِيلٌ,roots-4662:قرن:المحكم — المعاني,roots-4662:قرن:مقاييس — المحور,,قَرِين,APPROVED,,
AR02925,زَوْجَان,اسم جامد,102,2031,رجل وامرأة بينهما زواج أو علاقة عاطفية.,زوج,فَعْلانُ,roots-4662:زوج:المحكم — المعاني,roots-4662:زوج:مقاييس — المحور,roots-4662:زوج:الأساس — المجاز,زَوْجَان,APPROVED,,صيغة المثنى لازمة للمعنى | WAZN ← SIBAWAYH_EXISTS
AR02926,رَفِيق,صفة مشبهة,102,2032;5546;7598;7601;7604,من يصحب غيره ويرافقه.,رفق,فَعِيلٌ,roots-4662:رفق:المحكم — المعاني,roots-4662:رفق:مقاييس — المحور,roots-4662:رفق:الأساس — المجاز,رَفِيق,APPROVED,,
AR02931,مُتَزَوِّج,اسم فاعل,102,2036,من له زوج أو زوجة.,زوج,مُتَفَعِّلٌ,roots-4662:زوج:المحكم — المعاني,roots-4662:زوج:مقاييس — المحور,roots-4662:زوج:الأساس — المجاز,مُتَزَوِّج,APPROVED,,WAZN ← L2_006 فا من تَفَعَّلَ
AR02932,خَطِيب,صفة مشبهة,102,2037;17361,الرجل الذي خطب امرأة وتواعدا على الزواج.,خطب,فَعِيلٌ,roots-4662:خطب:المحكم — المعاني,roots-4662:خطب:مقاييس — المحور,roots-4662:خطب:الأساس — المجاز,خَطِيب,APPROVED,,
AR02933,خَطِيبَة,صفة مشبهة,102,2037;17360,المرأة المخطوبة بالنسبة إلى خاطبها.,خطب,فَعِيلَةٌ,roots-4662:خطب:المحكم — المعاني,roots-4662:خطب:مقاييس — المحور,roots-4662:خطب:الأساس — المجاز,خَطِيبَة,APPROVED,,WAZN_L2_005 ← فَعِيلٌ
AR02936,مَخْطُوب,اسم مفعول,102,2039;2223;9038,من تمّت خطبته واتُّفق على تزويجه.,خطب,مَفْعُولٌ,roots-4662:خطب:المحكم — المعاني,roots-4662:خطب:مقاييس — المحور,roots-4662:خطب:الأساس — المجاز,مَخْطُوب,APPROVED,,يغلب على المرأة: مخطوبة
AR02937,خِطْبَة,مصدر,102,2040,طلب الرجل المرأة للزواج والتواعد عليه.,خطب,فِعْلَةٌ,roots-4662:خطب:المحكم — المعاني,roots-4662:خطب:مقاييس — المحور,roots-4662:خطب:الأساس — المجاز,خِطْبَة,APPROVED,,WAZN_L2_005 ← فِعْلٌ
AR02938,زَوَاج,اسم مصدر,102,2041,اقتران الرجل والمرأة بعقد شرعي أو قانوني.,زوج,فَعَالٍ,roots-4662:زوج:المحكم — المعاني,roots-4662:زوج:مقاييس — المحور,roots-4662:زوج:الأساس — المجاز,زَوَاج,APPROVED,,POS_L2_007:ISM_MASDAR | WAZN ← SIBAWAYH_EXISTS
AR02939,نِكَاح,مصدر,102,2041,عقد الزواج بين الرجل والمرأة.,نكح,فِعَالٌ,roots-4662:نكح:المحكم — المعاني,roots-4662:نكح:مقاييس — المحور,roots-4662:نكح:الأساس — المجاز,نِكَاح,APPROVED,,
AR02940,قِرَان,مصدر,102,2041,عقد الزواج.,قرن,فِعَالٌ,roots-4662:قرن:المحكم — المعاني,roots-4662:قرن:مقاييس — المحور,,قِرَان,APPROVED,,
AR02941,حَبِيب,صفة مشبهة,102,2042;2050;6087,الرجل الذي تربطه بامرأة علاقة حب.,حبب,فَعِيلٌ,v21:حبب:المحكم — المعاني,v21:حبب:مقاييس — المحور,,حَبِيب,APPROVED,,لا لفظ محايد تماماً؛ حبيب أقرب
AR02942,حَبِيبَة,صفة مشبهة,102,2043;6086,المرأة التي تربطها برجل علاقة حب.,حبب,فَعِيلَةٌ,v21:حبب:المحكم — المعاني,v21:حبب:مقاييس — المحور,,حَبِيبَة,APPROVED,,لا لفظ محايد تماماً؛ حبيبة أقرب | WAZN_L2_005 ← فَعِيلٌ
AR02943,اِنْفِصَال,مصدر,102,2049,انتهاء العلاقة بين الشريكين وافتراقهما.,فصل,اِنْفِعَالٌ,roots-4662:فصل:المحكم — المعاني,roots-4662:فصل:مقاييس — النص,,اِنْفِصَال,APPROVED,,WAZN ← L2_006 مص من اِنْفَعَلَ
AR02944,فِرَاق,مصدر,102,2049,مفارقة أحد الحبيبين أو الزوجين صاحبه.,فرق,فِعَالٌ,roots-4662:فرق:المحكم — المعاني,roots-4662:فرق:مقاييس — المحور,roots-4662:فرق:الأساس — المجاز,فِرَاق,APPROVED,,
AR02949,خَلِيلَة,صفة مشبهة,102,2052,امرأة يتخذها الرجل صاحبة من غير زواج.,خلل,فَعِيلَةٌ,roots-4662:خلل:المحكم — المعاني,roots-4662:خلل:مقاييس — المحور,roots-4662:خلل:الأساس — المجاز,خَلِيلَة,APPROVED,,WAZN_L2_005 ← فَعِيلٌ
AR02950,خَاطِب,اسم فاعل,102,2054,الرجل الذي يطلب امرأة للزواج.,خطب,فَاعِلٌ,roots-4662:خطب:المحكم — المعاني,roots-4662:خطب:مقاييس — المحور,roots-4662:خطب:الأساس — المجاز,خَاطِب,APPROVED,,
AR02951,خَطَبَ,فعل,102,2055,طلب المرأة للزواج.,خطب,فَعَلَ,roots-4662:خطب:المحكم — المعاني,roots-4662:خطب:مقاييس — المحور,roots-4662:خطب:الأساس — المجاز,خَطَبَ,APPROVED,,يقتصر على طلب الزواج دون فترة التودد
AR02952,تَوَدَّدَ,فعل,102,2055,تقرّب إلى غيره بالمودة طلباً لوصله.,ودد,تَفَعَّلَ,roots-4662:ودد:المحكم — المعاني,roots-4662:ودد:مقاييس — المحور,,تَوَدَّدَ,APPROVED,,يتعدى بإلى
AR02954,نَاشِز,اسم فاعل,102,2107,من استعصى على زوجه وأبغضه.,نشز,فَاعِلٌ,roots-4662:نشز:المحكم — المعاني,roots-4662:نشز:مقاييس — المحور,roots-4662:نشز:الأساس — المجاز,نَاشِز,APPROVED,,يغلب على الزوجة؛ مصطلح فقهي للخلاف الزوجي؛ يغلب على الزوجة
AR02956,خَلِيل,صفة مشبهة,102,2177,الصديق المختصّ بالمودة.,خلل,فَعِيلٌ,roots-4662:خلل:المحكم — المعاني,roots-4662:خلل:مقاييس — المحور,roots-4662:خلل:الأساس — المجاز,خَلِيل,APPROVED,,
AR02959,تَرَمَّلَ,فعل,102,2241,صار أرمل أو أرملة بموت زوجه.,رمل,تَفَعَّلَ,roots-4662:رمل:المحكم — المعاني,roots-4662:رمل:مقاييس — المحور,roots-4662:رمل:الأساس — المجاز,تَرَمَّلَ,APPROVED,,
AR02963,شَرِيكُ الحَيَاة,تركيب,102,6092,من تربط به حياتك في علاقة زوجية أو عاطفية مستقرة.,,,,,,شَرِيكُ الحَيَاة,APPROVED,,
AR02964,هُيَام,مصدر,102,8250,شدة العشق والتعلّق بمحبوب.,هيم,فُعَالٌ,roots-4662:هيم:المحكم — المعاني,roots-4662:هيم:مقاييس — المحور,roots-4662:هيم:الأساس — المجاز,هُيَام,APPROVED,,
AR02965,وَلَه,مصدر,102,8250,ذهاب العقل من شدة الوجد.,وله,فَعَلٌ,roots-4662:وله:المحكم — المعاني,roots-4662:وله:مقاييس — المحور,,وَلَه,APPROVED,,
AR02967,عَلَاقَة غَرَامِيَّة,تركيب,102,8252;9041,علاقة حب بين رجل وامرأة.,,,,,,عَلَاقَة غَرَامِيَّة,APPROVED,,
AR02968,زِنَى,مصدر,102,8398,وطء الرجل المرأة من غير عقد نكاح.,زني,فِعَلٌ,roots-4662:زني:المحكم — المعاني,roots-4662:زني:مقاييس — النص,roots-4662:زني:الأساس — المجاز,زِنَى,APPROVED,,يمد ويقصر
AR02969,خِيَانَة زَوْجِيَّة,تركيب,102,8398,إقامة أحد الزوجين علاقة جنسية مع غير زوجه.,,,,,,خِيَانَة زَوْجِيَّة,APPROVED,,
AR02971,زَوْجِيّ,اسم منسوب,102,9036;9037,منسوب إلى الزوج أو الزواج.,زوج,فَعْلِيٌّ,roots-4662:زوج:المحكم — المعاني,roots-4662:زوج:مقاييس — المحور,roots-4662:زوج:الأساس — المجاز,زَوْجِيّ,APPROVED,,POS_L2_007:NISBA | WAZN ← L2_007 نسبة فَعْلٌ
AR02974,غَرَام,مصدر,102,9041,الحب الشديد المتعلق بالقلب.,غرم,فَعَالٍ,roots-4662:غرم:المحكم — المعاني,roots-4662:غرم:مقاييس — المحور,,غَرَام,APPROVED,,WAZN ← SIBAWAYH_EXISTS
AR02980,صِلَة,مصدر,102,17685,رابطة تصل شخصاً بآخر.,وصل,عِلَةٌ,roots-4662:وصل:المحكم — المعاني,roots-4662:وصل:مقاييس — المحور,,صِلَة,APPROVED,,WAZN ← L2_015 المالك
AR02981,وَدُود,صفة مشبهة,102,18467,كثير المودة والتحبب.,ودد,فَعُولٌ,roots-4662:ودد:المحكم — المعاني,roots-4662:ودد:مقاييس — المحور,,وَدُود,APPROVED,,POS_L2_007:MUBALAGHA | L2_009: صيغة مبالغة مقصورة على فَعَّال → صفة مشبهة
AR02982,تَزَوَّجَ,فعل,102,,اتخذ زوجاً أو زوجة بعقد.,زوج,تَفَعَّلَ,roots-4662:زوج:المحكم — المعاني,roots-4662:زوج:مقاييس — المحور,roots-4662:زوج:الأساس — المجاز,تَزَوَّجَ,APPROVED,,AR_ONLY
AR02987,خُلَّة,مصدر,102,,الصداقة المختصّة التي لا خلل فيها.,خلل,فُعْلَةٌ,roots-4662:خلل:المحكم — المعاني,roots-4662:خلل:مقاييس — المحور,roots-4662:خلل:الأساس — المجاز,خُلَّة,APPROVED,,AR_ONLY | WAZN_L2_005 ← فُعْلٌ
AR02988,وَضَعَ,فعل,62,1084;1092;1100;1103;1104;1105;1106;4726;5355,جعل الشيءَ في موضع معيّن.,وضع,فَعَلَ,roots-4662:وضع:المحكم — المعاني,roots-4662:وضع:مقاييس — المحور,roots-4662:وضع:الأساس — المجاز,وَضَعَ,APPROVED,,
AR02989,أَوْدَعَ,فعل,62,1084;5354,ترك الشيءَ في موضع ليُحفظ فيه.,ودع,أَفْعَلَ,roots-4662:ودع:المحكم — المعاني,roots-4662:ودع:مقاييس — المحور,roots-4662:ودع:الأساس — المجاز,أَوْدَعَ,APPROVED,,
AR02990,غَرَزَ,فعل,62,1085;6034,أدخل الشيءَ في غيره وأثبته فيه.,غرز,فَعَلَ,roots-4662:غرز:المحكم — المعاني,roots-4662:غرز:مقاييس — المحور,roots-4662:غرز:الأساس — المجاز,غَرَزَ,APPROVED,,
AR02993,غَمَسَ,فعل,62,1087;6034,أدخل الشيءَ في الماء أو السائل حتى يغطّيه.,غمس,فَعَلَ,roots-4662:غمس:المحكم — المعاني,roots-4662:غمس:مقاييس — المحور,roots-4662:غمس:الأساس — المجاز,غَمَسَ,APPROVED,,
AR02994,غَمَرَ,فعل,62,1087,جعل الشيءَ مغطّى بالماء أو السائل كلّه.,غمر,فَعَلَ,roots-4662:غمر:المحكم — المعاني,roots-4662:غمر:مقاييس — المحور,roots-4662:غمر:الأساس — المجاز,غَمَرَ,APPROVED,,
AR02995,زَرَعَ,فعل,62,1088;1102,وضع البذرَ في الأرض لينبت، أو ثبّت عضواً أو جسماً في البدن.,زرع,فَعَلَ,roots-4662:زرع:المحكم — المعاني,roots-4662:زرع:مقاييس — المحور,roots-4662:زرع:الأساس — المجاز,زَرَعَ,APPROVED,,
AR02996,غَرَسَ,فعل,62,1088;1102;3913,أثبت الشجرَ أو الشيءَ في الأرض أو في غيره.,غرس,فَعَلَ,roots-4662:غرس:المحكم — المعاني,roots-4662:غرس:مقاييس — النص,roots-4662:غرس:الأساس — المجاز,غَرَسَ,APPROVED,,
AR02998,أَدْخَلَ,فعل,62,1090,جعل الشيءَ داخل غيره.,دخل,أَفْعَلَ,roots-4662:دخل:المحكم — المعاني,roots-4662:دخل:مقاييس — المحور,,أَدْخَلَ,APPROVED,,
AR02999,أَدْرَجَ,فعل,62,1090;14796,أدخل الشيءَ في ضمن غيره.,درج,أَفْعَلَ,roots-4662:درج:المحكم — المعاني,roots-4662:درج:مقاييس — المحور,roots-4662:درج:الأساس — المجاز,أَدْرَجَ,APPROVED,,
AR03000,إِدْخَال,مصدر,62,1091,جعل الشيء داخل غيره.,دخل,إِفْعَالٌ,roots-4662:دخل:المحكم — المعاني,roots-4662:دخل:مقاييس — المحور,,إِدْخَال,APPROVED,,
AR03001,إِدْرَاج,مصدر,62,1091,إدخال الشيء في ضمن غيره.,درج,إِفْعَالٌ,roots-4662:درج:المحكم — المعاني,roots-4662:درج:مقاييس — المحور,roots-4662:درج:الأساس — المجاز,إِدْرَاج,APPROVED,,
AR03002,مَدَّ,فعل,62,1092,بسط الشيءَ الممتدّ كالأسلاك والأنابيب في موضعه ليُنتفع به.,مدد,فَعَلَ,roots-4662:مدد:المحكم — المعاني,roots-4662:مدد:مقاييس — المحور,roots-4662:مدد:الأساس — المجاز,مَدَّ,APPROVED,,
AR03003,أَسْنَدَ,فعل,62,1093;1104,جعل الشيءَ متّكئاً على غيره.,سند,أَفْعَلَ,roots-4662:سند:المحكم — المعاني,roots-4662:سند:مقاييس — المحور,,أَسْنَدَ,APPROVED,,
AR03006,أَنْشَبَ,فعل,62,1095,أعلق الشيءَ في غيره فثبت فيه.,نشب,أَفْعَلَ,roots-4662:نشب:المحكم — المعاني,,roots-4662:نشب:الأساس — المجاز,أَنْشَبَ,APPROVED,,
AR03007,عَبَّأَ,فعل,62,1097;2433;2440;2442;2445;5356,جعل الشيءَ في وعاء أو غلاف للنقل أو الحفظ.,عبء,فَعَّلَ,v21:عبأ:المحكم — المعاني,v21:عبأ:مقاييس — المحور,,عَبَّأَ,APPROVED,,
AR03008,رَكَنَ,فعل,62,1098;2448,أوقف السيارةَ في موضع وتركها فيه.,ركن,فَعَلَ,roots-4662:ركن:المحكم — المعاني,roots-4662:ركن:مقاييس — المحور,roots-4662:ركن:الأساس — المجاز,رَكَنَ,APPROVED,,
AR03009,أَوْقَفَ,فعل,62,1098,جعل الشيءَ أو المركبة واقفة في موضع.,وقف,أَفْعَلَ,roots-4662:وقف:المحكم — المعاني,roots-4662:وقف:مقاييس — المحور,roots-4662:وقف:الأساس — المجاز,أَوْقَفَ,APPROVED,,
AR03010,كَوَّمَ,فعل,62,1099;2529,جمع الأشياءَ بعضها فوق بعض.,كوم,فَعَّلَ,roots-4662:كوم:المحكم — المعاني,roots-4662:كوم:مقاييس — المحور,,كَوَّمَ,APPROVED,,
AR03011,كَدَّسَ,فعل,62,1099;2529,ركّم الأشياءَ بعضها فوق بعض.,كدس,فَعَّلَ,roots-4662:كدس:المحكم — المعاني,roots-4662:كدس:مقاييس — النص,roots-4662:كدس:الأساس — المجاز,كَدَّسَ,APPROVED,,
AR03012,وَضْع,مصدر,62,1101,جعل الشيء في موضع معيّن.,وضع,فَعْلٌ,roots-4662:وضع:المحكم — المعاني,roots-4662:وضع:مقاييس — المحور,roots-4662:وضع:الأساس — المجاز,وَضْع,APPROVED,,
AR03013,نَصَبَ,فعل,62,1105;1109;13994,أقام الشيءَ قائماً مثبّتاً في موضعه.,نصب,فَعَلَ,roots-4662:نصب:المحكم — المعاني,roots-4662:نصب:مقاييس — المحور,,نَصَبَ,APPROVED,,
AR03014,لَطَخَ,فعل,62,1107;2487,لوّث الشيءَ بمادة لزجة أو ملوِّنة.,لطخ,فَعَلَ,roots-4662:لطخ:المحكم — المعاني,roots-4662:لطخ:مقاييس — المحور,,لَطَخَ,APPROVED,,
AR03015,دَهَنَ,فعل,62,1107;2511,بسط الدهنَ أو نحوه على سطح الشيء.,دهن,فَعَلَ,roots-4662:دهن:المحكم — المعاني,roots-4662:دهن:مقاييس — المحور,roots-4662:دهن:الأساس — المجاز,دَهَنَ,APPROVED,,
AR03016,أَقَامَ,فعل,62,1109,جعل الشيءَ قائماً منتصباً في موضعه.,قوم,أَفْعَلَ,roots-4662:قوم:المحكم — المعاني,roots-4662:قوم:مقاييس — المحور,roots-4662:قوم:الأساس — المجاز,أَقَامَ,APPROVED,,
AR03018,خَزَنَ,فعل,62,1113;3915,وضع الشيءَ في موضع يُحفظ فيه.,خزن,فَعَلَ,roots-4662:خزن:المحكم — المعاني,roots-4662:خزن:مقاييس — المحور,roots-4662:خزن:الأساس — المجاز,خَزَنَ,APPROVED,,
AR03020,دَسَّ,فعل,62,1114;1115;2530;4726,أدخل الشيءَ في غيره خفيةً أو بإحكام.,دسس,فَعَلَ,roots-4662:دسس:المحكم — المعاني,roots-4662:دسس:مقاييس — المحور,,دَسَّ,APPROVED,,
AR03021,لَفَّ,فعل,62,1116,أدار الشيءَ على غيره ليغطيه.,لفف,فَعَلَ,roots-4662:لفف:المحكم — المعاني,roots-4662:لفف:مقاييس — المحور,,لَفَّ,APPROVED,,
AR03022,غَلَّفَ,فعل,62,1116;5356,جعل للشيء غلافاً يحيط به.,غلف,فَعَّلَ,roots-4662:غلف:المحكم — المعاني,roots-4662:غلف:مقاييس — النص,,غَلَّفَ,APPROVED,,
AR03023,أَنْزَلَ,فعل,62,2435,جعل القومَ ينزلون في موضع ويقيمون فيه.,نزل,أَفْعَلَ,roots-4662:نزل:المحكم — المعاني,roots-4662:نزل:مقاييس — النص,roots-4662:نزل:الأساس — المجاز,أَنْزَلَ,APPROVED,,
AR03024,أَرْشَفَ,فعل,62,2441,وضع الوثائقَ في الأرشيف لحفظها.,,,,,,أَرْشَفَ,APPROVED,,مولَّد من دخيل؛ لا فعل عربي أصيل خاص بالوضع في الأرشيف
AR03027,أَقْعَدَ,فعل,62,2486,جعل غيرَه يقعد في موضع.,قعد,أَفْعَلَ,roots-4662:قعد:المحكم — المعاني,roots-4662:قعد:مقاييس — المحور,roots-4662:قعد:الأساس — المجاز,أَقْعَدَ,APPROVED,,
AR03029,رَشَّ,فعل,62,2488;2528;2571,فرّق السائلَ أو المسحوق على الشيء قطراتٍ أو ذرّات.,رشش,فَعَلَ,roots-4662:رشش:المحكم — المعاني,roots-4662:رشش:مقاييس — المحور,roots-4662:رشش:الأساس — المجاز,رَشَّ,APPROVED,,
AR03030,قَطَّرَ,فعل,62,2488,صبّ السائلَ قطرةً بعد قطرة.,قطر,فَعَّلَ,roots-4662:قطر:المحكم — المعاني,roots-4662:قطر:مقاييس — النص,roots-4662:قطر:الأساس — المجاز,قَطَّرَ,APPROVED,,
AR03031,مَسَحَ,فعل,62,2493;2546,أمرّ يدَه أو نحوها بالمادة على سطح الشيء.,مسح,فَعَلَ,roots-4662:مسح:المحكم — المعاني,roots-4662:مسح:مقاييس — المحور,roots-4662:مسح:الأساس — المجاز,مَسَحَ,APPROVED,,يُقيَّد بالخفة
AR03032,أَسْدَلَ,فعل,62,2496,أرخى الشيءَ مرسلاً على غيره.,سدل,أَفْعَلَ,roots-4662:سدل:المحكم — المعاني,roots-4662:سدل:مقاييس — المحور,roots-4662:سدل:الأساس — المجاز,أَسْدَلَ,APPROVED,,للستر والثوب المرسل
AR03033,ذَرَّ,فعل,62,2528,فرّق المسحوقَ الناعم على الشيء.,ذرر,فَعَلَ,roots-4662:ذرر:المحكم — المعاني,roots-4662:ذرر:مقاييس — المحور,roots-4662:ذرر:الأساس — المجاز,ذَرَّ,APPROVED,,
AR03035,دَلَكَ,فعل,62,2546,أمرّ المادةَ على السطح بالفرك.,دلك,فَعَلَ,roots-4662:دلك:المحكم — المعاني,roots-4662:دلك:مقاييس — المحور,roots-4662:دلك:الأساس — المجاز,دَلَكَ,APPROVED,,
AR03036,نَثَرَ,فعل,62,2571,ألقى الشيءَ متفرّقاً على غيره.,نثر,فَعَلَ,roots-4662:نثر:المحكم — المعاني,roots-4662:نثر:مقاييس — المحور,roots-4662:نثر:الأساس — المجاز,نَثَرَ,APPROVED,,
AR03037,أَغْمَدَ,فعل,62,3914,أدخل السيفَ أو السكين في غمده.,غمد,أَفْعَلَ,roots-4662:غمد:المحكم — المعاني,roots-4662:غمد:مقاييس — المحور,roots-4662:غمد:الأساس — المجاز,أَغْمَدَ,APPROVED,,
AR03038,تَنَكَّبَ,فعل,62,3916,حمل الشيءَ على منكبه.,نكب,تَفَعَّلَ,roots-4662:نكب:المحكم — المعاني,roots-4662:نكب:مقاييس — المحور,roots-4662:نكب:الأساس — المجاز,تَنَكَّبَ,APPROVED,,
AR03040,رَتَّبَ,فعل,62,11298,وضع الأشياءَ في مواضعها على نظام.,رتب,فَعَّلَ,roots-4662:رتب:المحكم — المعاني,,roots-4662:رتب:الأساس — المجاز,رَتَّبَ,APPROVED,,
AR03041,نَضَّدَ,فعل,62,11298,وضع الأشياءَ بعضها فوق بعض أو بجانب بعض على نسق.,نضد,فَعَّلَ,roots-4662:نضد:المحكم — المعاني,,roots-4662:نضد:الأساس — المجاز,نَضَّدَ,APPROVED,,
AR03042,أَرْفَقَ,فعل,62,14796,وضع الشيءَ مع غيره في طيّه.,رفق,أَفْعَلَ,roots-4662:رفق:المحكم — المعاني,roots-4662:رفق:مقاييس — المحور,roots-4662:رفق:الأساس — المجاز,أَرْفَقَ,APPROVED,,
AR03043,مَغْرُوس,اسم مفعول,62,16966,مُثبَت في غيره كما يُثبَت الغرس.,غرس,مَفْعُولٌ,roots-4662:غرس:المحكم — المعاني,roots-4662:غرس:مقاييس — النص,roots-4662:غرس:الأساس — المجاز,مَغْرُوس,APPROVED,,
AR03044,مَزْرُوع,اسم مفعول,62,16966,موضوع في الأرض أو في البدن ليثبت فيه.,زرع,مَفْعُولٌ,roots-4662:زرع:المحكم — المعاني,roots-4662:زرع:مقاييس — المحور,roots-4662:زرع:الأساس — المجاز,مَزْرُوع,APPROVED,,
AR03045,كَمَّمَ,فعل,62,17284,وضع على فم غيره ما يسدّه.,كمم,فَعَّلَ,roots-4662:كمم:المحكم — المعاني,roots-4662:كمم:مقاييس — المحور,,كَمَّمَ,APPROVED,,
AR03046,أَوْلَجَ,فعل,62,,أدخل الشيءَ في غيره.,ولج,أَفْعَلَ,roots-4662:ولج:المحكم — المعاني,roots-4662:ولج:مقاييس — المحور,,أَوْلَجَ,APPROVED,,AR_ONLY
AR03047,رَكَزَ,فعل,62,,غرز الشيءَ كالرمح في الأرض منتصباً.,ركز,فَعَلَ,roots-4662:ركز:المحكم — المعاني,roots-4662:ركز:مقاييس — المحور,roots-4662:ركز:الأساس — المجاز,رَكَزَ,APPROVED,,AR_ONLY
AR03048,رَصَّ,فعل,62,,ضمّ الأشياءَ بعضها إلى بعض متراصّة.,رصص,فَعَلَ,roots-4662:رصص:المحكم — المعاني,roots-4662:رصص:مقاييس — المحور,roots-4662:رصص:الأساس — المجاز,رَصَّ,APPROVED,,AR_ONLY
AR03049,أَلْصَقَ,فعل,62,,وضع الشيءَ على غيره فلزمه.,لصق,أَفْعَلَ,roots-4662:لصق:المحكم — المعاني,roots-4662:لصق:مقاييس — المحور,roots-4662:لصق:الأساس — المجاز,أَلْصَقَ,APPROVED,,AR_ONLY
AR03050,كَثِير,صفة مشبهة,189,3318;3322;3326;13232;13277;13746;13751;17269,مقدار أو عدد وافر من الشيء.,كثر,فَعِيلٌ,roots-4662:كثر:المحكم — المعاني,roots-4662:كثر:مقاييس — النص,,كَثِير,APPROVED,,
AR03051,كَمّ هَائِل,تركيب,189,3318;3320;3332,مقدار بالغ الكثرة من الشيء.,,,,,,كَمّ هَائِل,APPROVED,,
AR03052,كَوْمَة,اسم جامد,189,3319;3321,مقدار كبير من الشيء مجتمع بعضه فوق بعض.,كوم,فَعْلَةٌ,roots-4662:كوم:المحكم — المعاني,roots-4662:كوم:مقاييس — المحور,,كَوْمَة,APPROVED,,WAZN_L2_005 ← فَعْلٌ
AR03053,رُكَام,اسم جامد,189,3319;3321;11729,مقدار عظيم من الشيء متراكم بعضه على بعض.,ركم,فُعَالٌ,roots-4662:ركم:المحكم — المعاني,roots-4662:ركم:مقاييس — المحور,roots-4662:ركم:الأساس — المجاز,رُكَام,APPROVED,,
AR03055,نَزْر,صفة مشبهة,189,3323;3840,مقدار قليل جداً من الشيء.,نزر,فَعْلٌ,roots-4662:نزر:المحكم — المعاني,roots-4662:نزر:مقاييس — المحور,,نَزْر,APPROVED,,
AR03056,ذَرَّة,اسم جامد,189,3324;3342;16191,أدنى مقدار من الشيء يُتصوَّر.,ذرر,فَعْلَةٌ,roots-4662:ذرر:المحكم — المعاني,roots-4662:ذرر:مقاييس — المحور,roots-4662:ذرر:الأساس — المجاز,ذَرَّة,APPROVED,,WAZN_L2_005 ← فَعْلٌ
AR03058,كُتْلَة,اسم جامد,189,3325,جملة كبيرة من الشيء متجمّعة متلاصقة.,كتل,فُعْلَةٌ,roots-4662:كتل:المحكم — المعاني,roots-4662:كتل:مقاييس — المحور,,كُتْلَة,APPROVED,,WAZN_L2_005 ← فُعْلٌ
AR03059,وَفْرَة,مصدر,189,3333,كثرة الشيء وزيادته على الحاجة.,وفر,فَعْلَةٌ,roots-4662:وفر:المحكم — المعاني,roots-4662:وفر:مقاييس — المحور,roots-4662:وفر:الأساس — المجاز,وَفْرَة,APPROVED,,WAZN_L2_005 ← فَعْلٌ
AR03060,كَثْرَة,مصدر,189,3333,مقدار وافر من الشيء.,كثر,فَعْلَةٌ,roots-4662:كثر:المحكم — المعاني,roots-4662:كثر:مقاييس — النص,,كَثْرَة,APPROVED,,WAZN_L2_005 ← فَعْلٌ
AR03061,فَيْض,مصدر,189,3333;3336;3839,مقدار من الشيء كثير حتى يزيد ويفيض.,فيض,فَعْلٌ,roots-4662:فيض:المحكم — المعاني,roots-4662:فيض:مقاييس — المحور,roots-4662:فيض:الأساس — المجاز,فَيْض,APPROVED,,
AR03062,جَمّ غَفِير,تركيب,189,3335,عدد كثير جداً لا يكاد يُحصى.,,,,,,جَمّ غَفِير,APPROVED,,
AR03063,كَمِّيَّة,مصدر,189,3337;3381,مقدار من الشيء يُقاس أو يُعدّ.,كمم,,roots-4662:كمم:المحكم — المعاني,roots-4662:كمم:مقاييس — المحور,,كَمِّيَّة,APPROVED,مصدر صناعي من كَمّ,
AR03064,مِقْدَار,اسم جامد,189,3337;3381,قدرٌ من الشيء يُقدَّر به.,قدر,مِفْعَالٌ,roots-4662:قدر:المحكم — المعاني,roots-4662:قدر:مقاييس — المحور,roots-4662:قدر:الأساس — المجاز,مِقْدَار,APPROVED,,
AR03066,رَشَّة,اسم جامد,189,3339,مقدار يسير من مسحوق أو سائل يُرشّ مرّة.,رشش,فَعْلَةٌ,roots-4662:رشش:المحكم — المعاني,roots-4662:رشش:مقاييس — المحور,roots-4662:رشش:الأساس — المجاز,رَشَّة,APPROVED,,WAZN_L2_005 ← فَعْلٌ
AR03068,مَسْحَة,اسم جامد,189,3343,أثر خفيف من صفة أو حال.,مسح,فَعْلَةٌ,roots-4662:مسح:المحكم — المعاني,roots-4662:مسح:مقاييس — المحور,roots-4662:مسح:الأساس — المجاز,مَسْحَة,APPROVED,,WAZN_L2_005 ← فَعْلٌ
AR03069,قَدْر,اسم جامد,189,3369;3420;17269,مبلغ من الشيء أو درجة منه.,قدر,فَعْلٌ,roots-4662:قدر:المحكم — المعاني,roots-4662:قدر:مقاييس — المحور,roots-4662:قدر:الأساس — المجاز,قَدْر,APPROVED,,
AR03070,قِسْط,اسم جامد,189,3369,نصيب ومقدار من الشيء.,قسط,فِعْلٌ,roots-4662:قسط:المحكم — المعاني,roots-4662:قسط:مقاييس — المحور,,قِسْط,APPROVED,,
AR03071,دَرَجَة,اسم جامد,189,3420,مبلغ الشيء ومنزلته من الشدّة أو الكثرة.,درج,فَعَلَةٌ,roots-4662:درج:المحكم — المعاني,roots-4662:درج:مقاييس — المحور,roots-4662:درج:الأساس — المجاز,دَرَجَة,APPROVED,,WAZN_L2_005 ← فَعَلٌ
AR03072,سَيْل,اسم جامد,189,3836;3837;3838;3841,مقدار كثير من الشيء يتتابع متدفّقاً.,سيل,فَعْلٌ,roots-4662:سيل:المحكم — المعاني,roots-4662:سيل:مقاييس — المحور,roots-4662:سيل:الأساس — المجاز,سَيْل,APPROVED,,
AR03074,وَابِل,اسم جامد,189,3838,مقدار كثير من الشيء يتتابع بشدّة.,وبل,فَاعِلٌ,roots-4662:وبل:المحكم — المعاني,roots-4662:وبل:مقاييس — المحور,roots-4662:وبل:الأساس — المجاز,وَابِل,APPROVED,,
AR03075,مَوْجَة,اسم جامد,189,3842,زيادة مفاجئة في حدوث أمر أو انتشاره.,موج,فَعْلَةٌ,roots-4662:موج:المحكم — المعاني,roots-4662:موج:مقاييس — المحور,roots-4662:موج:الأساس — المجاز,مَوْجَة,APPROVED,,WAZN_L2_005 ← فَعْلٌ
AR03080,قَلِيل,صفة مشبهة,189,13276;13369;13370;13797;14733,مقدار أو عدد يسير من الشيء.,قلل,فَعِيلٌ,roots-4662:قلل:المحكم — المعاني,roots-4662:قلل:مقاييس — المحور,roots-4662:قلل:الأساس — المجاز,قَلِيل,APPROVED,,
AR03081,نَفَر,اسم جامد,189,13276,عدد قليل من الناس.,نفر,فَعَلٌ,roots-4662:نفر:المحكم — المعاني,roots-4662:نفر:مقاييس — المحور,roots-4662:نفر:الأساس — المجاز,نَفَر,APPROVED,,للناس خاصة
AR03086,كُلّ,اسم جامد,189,13747,جميع الشيء وتمامه دون استثناء.,كلل,فُعْلٌ,roots-4662:كلل:المحكم — المعاني,roots-4662:كلل:مقاييس — المحور,roots-4662:كلل:الأساس — المجاز,كُلّ,APPROVED,,
AR03088,وَفِير,صفة مشبهة,189,13751,كثير تام.,وفر,فَعِيلٌ,roots-4662:وفر:المحكم — المعاني,roots-4662:وفر:مقاييس — المحور,roots-4662:وفر:الأساس — المجاز,وَفِير,APPROVED,,
AR03089,لَا,حرف,189,13869,نافية للجنس تنفي وجود أيّ مقدار من الشيء.,,,,,,لَا,APPROVED,,
AR03092,كِلَا,اسم جامد,189,14734,الاثنان معاً دون استثناء.,كلو,فِعَلٌ,roots-4662:كلو:المحكم — المعاني,,,كِلَا,APPROVED,,ملحق بالمثنى؛ ومؤنثه كِلْتَا؛ ويُذكر في بعض المعاجم في مادة (كلا) | WAZN ← SIBAWAYH_EXISTS
AR03093,نُتْفَة,اسم جامد,189,15231,شيء يسير من العلم أو الخبر.,نتف,فُعْلَةٌ,roots-4662:نتف:المحكم — المعاني,roots-4662:نتف:مقاييس — المحور,roots-4662:نتف:الأساس — المجاز,نُتْفَة,APPROVED,,WAZN_L2_005 ← فُعْلٌ
AR03094,لَا بَأْسَ بِهِ,تركيب,189,15420,مقدار معتبر غير قليل.,,,,,,لَا بَأْسَ بِهِ,APPROVED,,يُستعمل صفة للعدد أو المقدار: عددٌ لا بأس به
AR03097,يَسِير,صفة مشبهة,189,,قليل هيّن.,يسر,فَعِيلٌ,roots-4662:يسر:المحكم — المعاني,roots-4662:يسر:مقاييس — المحور,roots-4662:يسر:الأساس — المجاز,يَسِير,APPROVED,,AR_ONLY
AR03098,غَيْض مِنْ فَيْض,تركيب,189,,قليل من كثير.,,,,,,غَيْض مِنْ فَيْض,APPROVED,,AR_ONLY
AR03099,أَخْلَى,فعل,63,1118;1129;1131,جعل المكان خالياً مما فيه أو ممن فيه.,خلو,أَفْعَلَ,roots-4662:خلو:المحكم — المعاني,roots-4662:خلو:مقاييس — المحور,,أَخْلَى,APPROVED,,
AR03100,أَزَالَ,فعل,63,1118;1126;1144,نحّى الشيء عن موضعه وأذهبه منه.,زول,أَفْعَلَ,roots-4662:زول:المحكم — المعاني,roots-4662:زول:مقاييس — المحور,roots-4662:زول:الأساس — المجاز,أَزَالَ,APPROVED,,
AR03102,نَبَذَ,فعل,63,1121,طرح الشيء وألقاه لقلة الاعتداد به.,نبذ,فَعَلَ,roots-4662:نبذ:المحكم — المعاني,roots-4662:نبذ:مقاييس — المحور,,نَبَذَ,APPROVED,,
AR03104,زَحْزَحَ,فعل,63,1122,أزال الشيء عن مكانه الذي ثبت فيه شيئاً فشيئاً.,زحح,فَعْلَلَ,roots-4662:زحح:المحكم — المعاني,roots-4662:زحح:مقاييس — المحور,,زَحْزَحَ,APPROVED,,في اللسان تحت زحح، ويذكر أيضاً زحزح
AR03105,اِقْتَلَعَ,فعل,63,1122,نزع الشيء من أصله الثابت فيه.,قلع,اِفْتَعَلَ,roots-4662:قلع:المحكم — المعاني,roots-4662:قلع:مقاييس — المحور,,اِقْتَلَعَ,APPROVED,,
AR03107,نَزَحَ,فعل,63,1123,استخرج الماء من البئر أو الموضع حتى يقل أو ينفد.,نزح,فَعَلَ,roots-4662:نزح:المحكم — المعاني,roots-4662:نزح:مقاييس — المحور,roots-4662:نزح:الأساس — المجاز,نَزَحَ,APPROVED,,
AR03108,أَخْرَجَ,فعل,63,1124;1134;8521,جعل الشيء أو الشخص يخرج من موضعه.,خرج,أَفْعَلَ,roots-4662:خرج:المحكم — المعاني,roots-4662:خرج:مقاييس — المحور,roots-4662:خرج:الأساس — المجاز,أَخْرَجَ,APPROVED,,
AR03109,قَذَفَ,فعل,63,1124,رمى الشيء بقوة إلى الخارج.,قذف,فَعَلَ,roots-4662:قذف:المحكم — المعاني,roots-4662:قذف:مقاييس — المحور,roots-4662:قذف:الأساس — المجاز,قَذَفَ,APPROVED,,
AR03110,إِخْرَاج,مصدر,63,1125;1127,جعل الشيء يخرج من موضعه.,خرج,إِفْعَالٌ,roots-4662:خرج:المحكم — المعاني,roots-4662:خرج:مقاييس — المحور,roots-4662:خرج:الأساس — المجاز,إِخْرَاج,APPROVED,,
AR03111,قَذْف,مصدر,63,1125,رمي الشيء بقوة إلى الخارج.,قذف,فَعْلٌ,roots-4662:قذف:المحكم — المعاني,roots-4662:قذف:مقاييس — المحور,roots-4662:قذف:الأساس — المجاز,قَذْف,APPROVED,,
AR03113,أَفْرَغَ,فعل,63,1128,أخرج ما في الوعاء حتى يخلو.,فرغ,أَفْعَلَ,roots-4662:فرغ:المحكم — المعاني,roots-4662:فرغ:مقاييس — المحور,roots-4662:فرغ:الأساس — المجاز,أَفْرَغَ,APPROVED,,
AR03114,فَرَّغَ,فعل,63,1128;4150,أخرج ما في الوعاء أو المركبة حتى يخلو.,فرغ,فَعَّلَ,roots-4662:فرغ:المحكم — المعاني,roots-4662:فرغ:مقاييس — المحور,roots-4662:فرغ:الأساس — المجاز,فَرَّغَ,APPROVED,,
AR03116,إِخْلَاء,مصدر,63,1130;1132,إخراج ما في المكان أو من فيه حتى يخلو.,خلو,إِفْعَالٌ,roots-4662:خلو:المحكم — المعاني,roots-4662:خلو:مقاييس — المحور,,إِخْلَاء,APPROVED,,
AR03120,قَطَعَ,فعل,63,1133;15163,فصل جزءاً من الشيء بأداة حادة.,قطع,فَعَلَ,roots-4662:قطع:المحكم — المعاني,roots-4662:قطع:مقاييس — المحور,roots-4662:قطع:الأساس — المجاز,قَطَعَ,APPROVED,,
AR03122,مَحَا,فعل,63,1136,أذهب أثر الشيء حتى لا يبقى منه شيء.,محو,فَعَلَ,roots-4662:محو:المحكم — المعاني,roots-4662:محو:مقاييس — المحور,,مَحَا,APPROVED,,
AR03124,اِسْتَخْرَجَ,فعل,63,1137,أخرج الشيء من موضعه بجهد.,خرج,اِسْتَفْعَلَ,roots-4662:خرج:المحكم — المعاني,roots-4662:خرج:مقاييس — المحور,roots-4662:خرج:الأساس — المجاز,اِسْتَخْرَجَ,APPROVED,,
AR03125,اِنْتَزَعَ,فعل,63,1137;1140;15161,أخذ الشيء من موضعه أو من يد غيره بقوة.,نزع,اِفْتَعَلَ,roots-4662:نزع:المحكم — المعاني,roots-4662:نزع:مقاييس — المحور,roots-4662:نزع:الأساس — المجاز,اِنْتَزَعَ,APPROVED,,
AR03126,أَقْصَى,فعل,63,1138,أبعد الشخص عن مكانه أو منصبه.,قصو,أَفْعَلَ,roots-4662:قصو:المحكم — المعاني,roots-4662:قصو:مقاييس — المحور,roots-4662:قصو:الأساس — المجاز,أَقْصَى,APPROVED,,
AR03127,أَزَاحَ,فعل,63,1138,نحّى الشيء أو الشخص عن موضعه.,زيح,أَفْعَلَ,roots-4662:زيح:المحكم — المعاني,roots-4662:زيح:مقاييس — المحور,,أَزَاحَ,APPROVED,,
AR03128,نَتَفَ,فعل,63,1139,نزع الشعر أو الريش ونحوه بأطراف الأصابع.,نتف,فَعَلَ,roots-4662:نتف:المحكم — المعاني,roots-4662:نتف:مقاييس — المحور,roots-4662:نتف:الأساس — المجاز,نَتَفَ,APPROVED,,
AR03129,قَطَفَ,فعل,63,1139,قطع الثمر أو الزهر من شجره.,قطف,فَعَلَ,roots-4662:قطف:المحكم — المعاني,roots-4662:قطف:مقاييس — المحور,roots-4662:قطف:الأساس — المجاز,قَطَفَ,APPROVED,,
AR03132,إِزَالَة,مصدر,63,1143,تنحية الشيء عن موضعه وإذهابه.,زول,إِفَالَةٌ,roots-4662:زول:المحكم — المعاني,roots-4662:زول:مقاييس — المحور,roots-4662:زول:الأساس — المجاز,إِزَالَة,APPROVED,,WAZN ← L2_015 المالك
AR03133,نَزْع,مصدر,63,1143,قلع الشيء من مكانه.,نزع,فَعْلٌ,roots-4662:نزع:المحكم — المعاني,roots-4662:نزع:مقاييس — المحور,roots-4662:نزع:الأساس — المجاز,نَزْع,APPROVED,,
AR03134,نَزَعَ,فعل,63,1144,قلع الشيء من مكانه وأخذه.,نزع,فَعَلَ,roots-4662:نزع:المحكم — المعاني,roots-4662:نزع:مقاييس — المحور,roots-4662:نزع:الأساس — المجاز,نَزَعَ,APPROVED,,
AR03135,كَشَطَ,فعل,63,1145;15073,أزال ما على سطح الشيء بقشره عنه.,كشط,فَعَلَ,roots-4662:كشط:المحكم — المعاني,roots-4662:كشط:مقاييس — المحور,roots-4662:كشط:الأساس — المجاز,كَشَطَ,APPROVED,,تقريب: لا فعل مخصوص بإزالة ما يطفو
AR03136,خَطِفَ,فعل,63,1146,أخذ الشيء بسرعة واستلاب.,خطف,فَعِلَ,roots-4662:خطف:المحكم — المعاني,roots-4662:خطف:مقاييس — المحور,roots-4662:خطف:الأساس — المجاز,خَطِفَ,APPROVED,,في اللسان خَطِفَ وخَطَفَ
AR03137,اِخْتَطَفَ,فعل,63,1146,أخذ الشيء بسرعة وانتزعه.,خطف,اِفْتَعَلَ,roots-4662:خطف:المحكم — المعاني,roots-4662:خطف:مقاييس — المحور,roots-4662:خطف:الأساس — المجاز,اِخْتَطَفَ,APPROVED,,
AR03140,سَرَقَ,فعل,63,1148,أخذ مال غيره خفية.,سرق,فَعَلَ,roots-4662:سرق:المحكم — المعاني,roots-4662:سرق:مقاييس — المحور,roots-4662:سرق:الأساس — المجاز,سَرَقَ,APPROVED,,
AR03141,نَشَلَ,فعل,63,1148,أخذ الشيء خفية بسرعة.,نشل,فَعَلَ,roots-4662:نشل:المحكم — المعاني,roots-4662:نشل:مقاييس — المحور,,نَشَلَ,APPROVED,,
AR03143,سَحَبَ,فعل,63,1150,أخذ الشيء من موضعه وأبعده عنه.,سحب,فَعَلَ,roots-4662:سحب:المحكم — المعاني,roots-4662:سحب:مقاييس — المحور,roots-4662:سحب:الأساس — المجاز,سَحَبَ,APPROVED,,
AR03144,سَحْب,مصدر,63,1151,أخذ الشيء من موضعه وإبعاده.,سحب,فَعْلٌ,roots-4662:سحب:المحكم — المعاني,roots-4662:سحب:مقاييس — المحور,roots-4662:سحب:الأساس — المجاز,سَحْب,APPROVED,,
AR03145,أَنْزَلَ,فعل,63,4150,حطّ البضاعة من المركبة إلى الأرض.,نزل,أَفْعَلَ,roots-4662:نزل:المحكم — المعاني,roots-4662:نزل:مقاييس — النص,roots-4662:نزل:الأساس — المجاز,أَنْزَلَ,APPROVED,,
AR03147,نَقَّحَ,فعل,63,4153,هذّب الكلام وأسقط منه ما لا يصلح.,نقح,فَعَّلَ,roots-4662:نقح:المحكم — المعاني,roots-4662:نقح:مقاييس — المحور,roots-4662:نقح:الأساس — المجاز,نَقَّحَ,APPROVED,,
AR03148,غَسَلَ,فعل,63,5373;5428,أزال الوسخ بالماء ونحوه.,غسل,فَعَلَ,roots-4662:غسل:المحكم — المعاني,roots-4662:غسل:مقاييس — المحور,roots-4662:غسل:الأساس — المجاز,غَسَلَ,APPROVED,,
AR03150,أَنْهَضَ,فعل,63,8521,أقام غيره من مكانه وحمله على الحركة.,نهض,أَفْعَلَ,roots-4662:نهض:المحكم — المعاني,roots-4662:نهض:مقاييس — المحور,roots-4662:نهض:الأساس — المجاز,أَنْهَضَ,APPROVED,,
AR03151,نَفَضَ,فعل,63,9371,حرّك الشيء ليسقط عنه الغبار.,نفض,فَعَلَ,roots-4662:نفض:المحكم — المعاني,roots-4662:نفض:مقاييس — المحور,roots-4662:نفض:الأساس — المجاز,نَفَضَ,APPROVED,,
AR03152,اِسْتِخْرَاج,مصدر,63,13762,إخراج الشيء من موضعه بجهد.,خرج,اِسْتِفْعَالٌ,roots-4662:خرج:المحكم — المعاني,roots-4662:خرج:مقاييس — المحور,roots-4662:خرج:الأساس — المجاز,اِسْتِخْرَاج,APPROVED,,WAZN ← L2_006 مص من اِسْتَفْعَلَ
AR03153,اِنْتِزَاع,مصدر,63,13762,أخذ الشيء من موضعه بقوة.,نزع,اِفْتِعَالٌ,roots-4662:نزع:المحكم — المعاني,roots-4662:نزع:مقاييس — المحور,roots-4662:نزع:الأساس — المجاز,اِنْتِزَاع,APPROVED,,WAZN ← L2_006 مص من اِفْتَعَلَ
AR03154,خَلْع,مصدر,63,13762,نزع الشيء من موضعه كالسن والضرس.,خلع,فَعْلٌ,roots-4662:خلع:المحكم — المعاني,roots-4662:خلع:مقاييس — المحور,roots-4662:خلع:الأساس — المجاز,خَلْع,APPROVED,,
AR03156,مَزَّقَ,فعل,63,15161;15162,شقّ الشيء وانتزع منه قطعاً.,مزق,فَعَّلَ,roots-4662:مزق:المحكم — المعاني,roots-4662:مزق:مقاييس — المحور,roots-4662:مزق:الأساس — المجاز,مَزَّقَ,APPROVED,,
AR03157,اِقْتَطَعَ,فعل,63,15162;15163,أخذ قطعة من الشيء وفصلها عنه.,قطع,اِفْتَعَلَ,roots-4662:قطع:المحكم — المعاني,roots-4662:قطع:مقاييس — المحور,roots-4662:قطع:الأساس — المجاز,اِقْتَطَعَ,APPROVED,,
AR03159,لَفَظَ,فعل,63,15616,رمى بالشيء من فمه.,لفظ,فَعَلَ,roots-4662:لفظ:المحكم — المعاني,roots-4662:لفظ:مقاييس — النص,,لَفَظَ,APPROVED,,
AR03160,قَاءَ,فعل,63,15616,أخرج ما في معدته من فمه.,قيء,فَعَلَ,roots-4662:قيء:المحكم — المعاني,roots-4662:قيء:مقاييس — النص,,قَاءَ,APPROVED,,
AR03162,نَقَّى,فعل,63,15781,أزال من الشيء ما يشوبه من غير المرغوب فيه.,نقي,فَعَّلَ,roots-4662:نقي:المحكم — المعاني,roots-4662:نقي:مقاييس — المحور,roots-4662:نقي:الأساس — المجاز,نَقَّى,APPROVED,,
AR03164,أَمَاطَ,فعل,63,,نحّى الأذى ونحوه عن الطريق أو الموضع.,ميط,أَفْعَلَ,roots-4662:ميط:المحكم — المعاني,roots-4662:ميط:مقاييس — النص,,أَمَاطَ,APPROVED,,AR_ONLY
AR03165,نَحَّى,فعل,63,,أبعد الشيء عن موضعه إلى جانب.,نحو,فَعَّلَ,roots-4662:نحو:المحكم — المعاني,roots-4662:نحو:مقاييس — المحور,roots-4662:نحو:الأساس — المجاز,نَحَّى,APPROVED,,AR_ONLY
AR03167,كَنَسَ,فعل,63,,أزال الغبار والقمامة عن الأرض بالمكنسة.,كنس,فَعَلَ,roots-4662:كنس:المحكم — المعاني,roots-4662:كنس:مقاييس — المحور,roots-4662:كنس:الأساس — المجاز,كَنَسَ,APPROVED,,AR_ONLY
AR03168,قَشَرَ,فعل,63,,نزع القشر عن الشيء.,قشر,فَعَلَ,roots-4662:قشر:المحكم — المعاني,roots-4662:قشر:مقاييس — المحور,roots-4662:قشر:الأساس — المجاز,قَشَرَ,APPROVED,,AR_ONLY
AR03176,فَتَّشَ,فعل,31,447;454;4338;11061;11275;15669,طلب الشيء في موضع وقلّب ما فيه.,فتش,فَعَّلَ,roots-4662:فتش:المحكم — المعاني,roots-4662:فتش:مقاييس — المحور,,فَتَّشَ,APPROVED,,
AR03181,مَسَحَ,فعل,31,450;8320,أمرّ نظره أو جهازه على موضع ليقف على ما فيه.,مسح,فَعَلَ,roots-4662:مسح:المحكم — المعاني,roots-4662:مسح:مقاييس — المحور,roots-4662:مسح:الأساس — المجاز,مَسَحَ,APPROVED,,استعمال معاصر
AR03182,تَفَحَّصَ,فعل,31,451;458;13100,نظر في الشيء نظراً دقيقاً متتبعاً تفاصيله.,فحص,تَفَعَّلَ,roots-4662:فحص:المحكم — المعاني,roots-4662:فحص:مقاييس — المحور,roots-4662:فحص:الأساس — المجاز,تَفَحَّصَ,APPROVED,,
AR03183,تَمَعَّنَ,فعل,31,451,أطال النظر في الشيء وأنعمه.,معن,تَفَعَّلَ,roots-4662:معن:المحكم — المعاني,roots-4662:معن:مقاييس — المحور,roots-4662:معن:الأساس — المجاز,تَمَعَّنَ,APPROVED,,
AR03184,دَقَّقَ,فعل,31,451,نظر في الأمر نظراً بالغ العناية.,دقق,فَعَّلَ,roots-4662:دقق:المحكم — المعاني,roots-4662:دقق:مقاييس — المحور,roots-4662:دقق:الأساس — المجاز,دَقَّقَ,APPROVED,,
AR03185,تَدْقِيق,مصدر,31,452,النظر البالغ العناية في الشيء.,دقق,تَفْعِيلٌ,roots-4662:دقق:المحكم — المعاني,roots-4662:دقق:مقاييس — المحور,roots-4662:دقق:الأساس — المجاز,تَدْقِيق,APPROVED,,
AR03186,تَمْحِيص,مصدر,31,452,اختبار الشيء وفحصه لتمييز صحيحه من فاسده.,محص,تَفْعِيلٌ,roots-4662:محص:المحكم — المعاني,roots-4662:محص:مقاييس — المحور,roots-4662:محص:الأساس — المجاز,تَمْحِيص,APPROVED,,
AR03187,فَحْص,مصدر,31,452;17279,النظر في الشيء لمعرفة حاله.,فحص,فَعْلٌ,roots-4662:فحص:المحكم — المعاني,roots-4662:فحص:مقاييس — المحور,roots-4662:فحص:الأساس — المجاز,فَحْص,APPROVED,,
AR03189,تَفْتِيش,مصدر,31,453,طلب الشيء في موضع بتقليب ما فيه.,فتش,تَفْعِيلٌ,roots-4662:فتش:المحكم — المعاني,roots-4662:فتش:مقاييس — المحور,,تَفْتِيش,APPROVED,,
AR03190,دِرَاسَة,مصدر,31,455,النظر المفصّل في موضوع أو حالة للوقوف على حقيقتها.,درس,فِعَالَةٌ,roots-4662:درس:المحكم — المعاني,roots-4662:درس:مقاييس — المحور,roots-4662:درس:الأساس — المجاز,دِرَاسَة,APPROVED,,WAZN_L2_005 ← فِعَالٌ
AR03191,دَرَسَ,فعل,31,456,نظر في الشيء مدقّقاً ليعرفه.,درس,فَعَلَ,roots-4662:درس:المحكم — المعاني,roots-4662:درس:مقاييس — المحور,roots-4662:درس:الأساس — المجاز,دَرَسَ,APPROVED,,
AR03193,مَسْح,مصدر,31,457;8321,النظر الشامل في منطقة أو موضوع لاستقصاء ما فيه.,مسح,فَعْلٌ,roots-4662:مسح:المحكم — المعاني,roots-4662:مسح:مقاييس — المحور,roots-4662:مسح:الأساس — المجاز,مَسْح,APPROVED,,
AR03197,سَبَرَ,فعل,31,4283,اختبر الشيء ونظر في غوره.,سبر,فَعَلَ,roots-4662:سبر:المحكم — المعاني,roots-4662:سبر:مقاييس — النص,roots-4662:سبر:الأساس — المجاز,سَبَرَ,APPROVED,,في اللسان: سبر الجرح نظر ما غوره
AR03198,فَحَصَ,فعل,31,4283;8215,نظر في الشيء ليعرف حاله.,فحص,فَعَلَ,roots-4662:فحص:المحكم — المعاني,roots-4662:فحص:مقاييس — المحور,roots-4662:فحص:الأساس — المجاز,فَحَصَ,APPROVED,,
AR03199,اِسْتَكْشَفَ,فعل,31,4284;4341;15026,طلب كشف ما في الموضع أو الأمر.,كشف,اِسْتَفْعَلَ,roots-4662:كشف:المحكم — المعاني,roots-4662:كشف:مقاييس — المحور,roots-4662:كشف:الأساس — المجاز,اِسْتَكْشَفَ,APPROVED,,
AR03200,مُفَتِّش,اسم فاعل,31,4291,موظّف يتحقق من التزام الناس بالأنظمة.,فتش,مُفَعِّلٌ,roots-4662:فتش:المحكم — المعاني,roots-4662:فتش:مقاييس — المحور,,مُفَتِّش,APPROVED,,WAZN ← L2_006 فا من فَعَّلَ
AR03202,غَرْبَلَ,فعل,31,4337,فحص الشيء فحصاً يعزل نافعه عن غيره.,غربل,فَعْلَلَ,v21:غربل:المحكم — المعاني,,,غَرْبَلَ,APPROVED,,
AR03203,مَحَّصَ,فعل,31,4337,اختبر الشيء وخلّصه مما يشوبه.,محص,فَعَّلَ,roots-4662:محص:المحكم — المعاني,roots-4662:محص:مقاييس — المحور,roots-4662:محص:الأساس — المجاز,مَحَّصَ,APPROVED,,
AR03204,نَبَشَ,فعل,31,4338;15669,قلّب الأشياء بحثاً عن شيء دون ترتيب.,نبش,فَعَلَ,roots-4662:نبش:المحكم — المعاني,roots-4662:نبش:مقاييس — النص,roots-4662:نبش:الأساس — المجاز,نَبَشَ,APPROVED,,
AR03205,مَسَّاح,صيغة مبالغة,31,4339,من حرفته مساحة الأراضي والأبنية.,مسح,فَعَّالٌ,roots-4662:مسح:المحكم — المعاني,roots-4662:مسح:مقاييس — المحور,roots-4662:مسح:الأساس — المجاز,مَسَّاح,APPROVED,,POS_L2_007:MUBALAGHA؛ صيغة حرفة
AR03207,تَفَرَّسَ,فعل,31,6920,نظر في الشيء متثبتاً ليعرف حقيقته.,فرس,تَفَعَّلَ,,roots-4662:فرس:مقاييس — المحور,,تَفَرَّسَ,APPROVED,,
AR03208,تَفَقَّدَ,فعل,31,8215,نظر في الشيء ليعرف حاله.,فقد,تَفَعَّلَ,roots-4662:فقد:المحكم — المعاني,roots-4662:فقد:مقاييس — المحور,,تَفَقَّدَ,APPROVED,,
AR03209,مَشَّطَ,فعل,31,8320;11060;11276,فتّش المنطقة تفتيشاً شاملاً منظماً.,مشط,فَعَّلَ,roots-4662:مشط:المحكم — المعاني,roots-4662:مشط:مقاييس — النص,roots-4662:مشط:الأساس — المجاز,مَشَّطَ,APPROVED,,استعمال معاصر
AR03210,تَمْشِيط,مصدر,31,8321,التفتيش الشامل المنظّم لمنطقة.,مشط,تَفْعِيلٌ,roots-4662:مشط:المحكم — المعاني,roots-4662:مشط:مقاييس — النص,roots-4662:مشط:الأساس — المجاز,تَمْشِيط,APPROVED,,استعمال معاصر
AR03211,رَاجَعَ,فعل,31,8520,أعاد النظر في الشيء ليتأكد من صحته.,رجع,فَاعَلَ,roots-4662:رجع:المحكم — المعاني,roots-4662:رجع:مقاييس — المحور,roots-4662:رجع:الأساس — المجاز,رَاجَعَ,APPROVED,,لا يتضمن معنى التكرار صراحة في تثبّت
AR03214,نَظْرَة سَرِيعَة,تركيب,31,10960,فحص عجِل للشيء.,,,,,,نَظْرَة سَرِيعَة,APPROVED,,
AR03215,تَقَصَّى,فعل,31,11060;11276,تتبّع الشيء إلى أقصاه.,قصو,تَفَعَّلَ,roots-4662:قصو:المحكم — المعاني,roots-4662:قصو:مقاييس — المحور,roots-4662:قصو:الأساس — المجاز,تَقَصَّى,APPROVED,,الجذر في اللسان قصا
AR03216,رَاقَبَ,فعل,31,11592,رصد الشيء وتابع حاله مدة.,رقب,فَاعَلَ,roots-4662:رقب:المحكم — المعاني,roots-4662:رقب:مقاييس — المحور,roots-4662:رقب:الأساس — المجاز,رَاقَبَ,APPROVED,,
AR03217,رَصَدَ,فعل,31,11592,ترقّب الشيء وتابعه.,رصد,فَعَلَ,roots-4662:رصد:المحكم — المعاني,roots-4662:رصد:مقاييس — المحور,roots-4662:رصد:الأساس — المجاز,رَصَدَ,APPROVED,,
AR03219,مُرَاقَبَة,مصدر,31,13743;13883,رصد الشيء ومتابعة حاله مدة.,رقب,مُفَاعَلَةٌ,roots-4662:رقب:المحكم — المعاني,roots-4662:رقب:مقاييس — المحور,roots-4662:رقب:الأساس — المجاز,مُرَاقَبَة,APPROVED,,WAZN ← L2_006 مص من فَاعَلَ
AR03220,رَصْد,مصدر,31,13743;13883,ترقّب الشيء ومتابعته.,رصد,فَعْلٌ,roots-4662:رصد:المحكم — المعاني,roots-4662:رصد:مقاييس — المحور,roots-4662:رصد:الأساس — المجاز,رَصْد,APPROVED,,
AR03221,غَيْرُ مُرَاقَب,تركيب,31,13871,لا يخضع للرصد والمتابعة.,,,,,,غَيْرُ مُرَاقَب,APPROVED,,
AR03222,أَجْهِزَةُ المُرَاقَبَة,تركيب,31,14006,الأدوات والمعدّات التي تُستعمل في المراقبة.,,,,,,أَجْهِزَةُ المُرَاقَبَة,APPROVED,,
AR03223,تَفَحُّص,مصدر,31,17279,النظر الدقيق في الشيء.,فحص,تَفَعُّلٌ,roots-4662:فحص:المحكم — المعاني,roots-4662:فحص:مقاييس — المحور,roots-4662:فحص:الأساس — المجاز,تَفَحُّص,APPROVED,,WAZN ← L2_006 مص من تَفَعَّلَ
AR03224,اِسْتِكْشَاف,مصدر,31,17301,طلب كشف ما في الموضع.,كشف,اِسْتِفْعَالٌ,roots-4662:كشف:المحكم — المعاني,roots-4662:كشف:مقاييس — المحور,roots-4662:كشف:الأساس — المجاز,اِسْتِكْشَاف,APPROVED,,WAZN ← L2_006 مص من اِسْتَفْعَلَ
AR03225,رَقِيب,صفة مشبهة,31,,من يتولّى رصد غيره ومتابعته.,رقب,فَعِيلٌ,roots-4662:رقب:المحكم — المعاني,roots-4662:رقب:مقاييس — المحور,roots-4662:رقب:الأساس — المجاز,رَقِيب,APPROVED,,AR_ONLY
AR03227,نَقَّبَ,فعل,31,,بحث عن الشيء بحثاً مستقصياً.,نقب,فَعَّلَ,roots-4662:نقب:المحكم — المعاني,roots-4662:نقب:مقاييس — المحور,,نَقَّبَ,APPROVED,,AR_ONLY
AR03229,اِسْتَقْرَأَ,فعل,31,,تتبّع الجزئيات واحداً واحداً ليقف على حكمها.,قرء,اِسْتَفْعَلَ,roots-4662:قرء:المحكم — المعاني,,,اِسْتَقْرَأَ,APPROVED,,AR_ONLY
AR03230,تَمَشَّى,فعل,64,1152;1196;1210;1240,مشى على مهلٍ متنزّهاً من غير عجلة ولا قصدٍ ملحّ.,مشي,تَفَعَّلَ,roots-4662:مشي:المحكم — المعاني,roots-4662:مشي:مقاييس — المحور,roots-4662:مشي:الأساس — المجاز,تَمَشَّى,APPROVED,,
AR03231,تَهَادَى,فعل,64,1152;1210,مشى مشياً رفيقاً متمهّلاً فيه تمايلٌ خفيف.,هدي,تَفَاعَلَ,roots-4662:هدي:المحكم — المعاني,roots-4662:هدي:مقاييس — النص,roots-4662:هدي:الأساس — المجاز,تَهَادَى,APPROVED,,
AR03232,تَرَاجَعَ,فعل,64,1153,تحرّك إلى الخلف عائداً عن موضعه.,رجع,تَفَاعَلَ,roots-4662:رجع:المحكم — المعاني,roots-4662:رجع:مقاييس — المحور,roots-4662:رجع:الأساس — المجاز,تَرَاجَعَ,APPROVED,,
AR03233,تَقَهْقَرَ,فعل,64,1153,رجع إلى الوراء القهقرى ووجهُه إلى ما أمامه.,قهقر,تَفَعْلَلَ,,,,تَقَهْقَرَ,APPROVED,,
AR03234,اِقْتَحَمَ,فعل,64,1154;6649,دخل المكانَ أو اندفع فيه بشدّةٍ وعنفٍ غيرَ مبالٍ بما يعترضه.,قحم,اِفْتَعَلَ,roots-4662:قحم:المحكم — المعاني,roots-4662:قحم:مقاييس — المحور,roots-4662:قحم:الأساس — المجاز,اِقْتَحَمَ,APPROVED,,
AR03235,اِنْدَفَعَ,فعل,64,1154;1170;1190;1208;15318,مضى بقوّةٍ واندفاعٍ مفاجئٍ نحو جهةٍ ما.,دفع,اِنْفَعَلَ,roots-4662:دفع:المحكم — المعاني,roots-4662:دفع:مقاييس — المحور,roots-4662:دفع:الأساس — المجاز,اِنْدَفَعَ,APPROVED,,
AR03236,وَثَبَ,فعل,64,1157;1185;1186;1201;1228,انتقل بطفرةٍ من الأرض قافزاً بقوّة رجليه.,وثب,فَعَلَ,roots-4662:وثب:المحكم — المعاني,roots-4662:وثب:مقاييس — النص,roots-4662:وثب:الأساس — المجاز,وَثَبَ,APPROVED,,
AR03237,قَفَزَ,فعل,64,1157;1185;1228,ارتفع عن الأرض بدفع رجليه منتقلاً من موضعٍ إلى آخر.,قفز,فَعَلَ,roots-4662:قفز:المحكم — المعاني,roots-4662:قفز:مقاييس — المحور,roots-4662:قفز:الأساس — المجاز,قَفَزَ,APPROVED,,
AR03238,اِنْسَرَبَ,فعل,64,1158,دخل في سَرَبٍ أو نفقٍ تحت الأرض ومضى فيه.,سرب,اِنْفَعَلَ,roots-4662:سرب:المحكم — المعاني,roots-4662:سرب:مقاييس — المحور,roots-4662:سرب:الأساس — المجاز,اِنْسَرَبَ,APPROVED,,يغطّي الحركة في الجحر لا الحفر نفسه
AR03239,مَاجَ,فعل,64,1159,اضطرب الناس وتحرّكوا في نشاطٍ وجلبةٍ يختلط بعضهم ببعض.,موج,فَعَلَ,roots-4662:موج:المحكم — المعاني,roots-4662:موج:مقاييس — المحور,roots-4662:موج:الأساس — المجاز,مَاجَ,APPROVED,,
AR03240,قَرَّبَ,فعل,64,1160,عدا الفرس عدواً دون الإحضار وفوق الخَبَب يرفع يديه معاً ويضعهما معاً.,قرب,فَعَّلَ,roots-4662:قرب:المحكم — المعاني,roots-4662:قرب:مقاييس — المحور,roots-4662:قرب:الأساس — المجاز,قَرَّبَ,APPROVED,,التقريب ضرب من عدو الفرس
AR03241,تَوَاثَبَ,فعل,64,1161;1175,وثب وثبةً بعد أخرى نشاطاً ولعباً.,وثب,تَفَاعَلَ,roots-4662:وثب:المحكم — المعاني,roots-4662:وثب:مقاييس — النص,roots-4662:وثب:الأساس — المجاز,تَوَاثَبَ,APPROVED,,
AR03242,تَسَلَّقَ,فعل,64,1162;1163;1214,صعد مرتفعاً متشبّثاً بيديه ورجليه في جهدٍ ومشقّة.,سلق,تَفَعَّلَ,roots-4662:سلق:المحكم — المعاني,roots-4662:سلق:مقاييس — النص,roots-4662:سلق:الأساس — المجاز,تَسَلَّقَ,APPROVED,,
AR03244,اِرْتَقَى,فعل,64,1163,علا وصعد درجةً بعد درجة.,رقي,اِفْتَعَلَ,roots-4662:رقي:المحكم — المعاني,roots-4662:رقي:مقاييس — النص,roots-4662:رقي:الأساس — المجاز,اِرْتَقَى,APPROVED,,
AR03245,زَحَفَ,فعل,64,1165;1166,مشى على بطنه أو جرّ جسده على الأرض متقدّماً ببطء.,زحف,فَعَلَ,roots-4662:زحف:المحكم — المعاني,roots-4662:زحف:مقاييس — المحور,roots-4662:زحف:الأساس — المجاز,زَحَفَ,APPROVED,,
AR03247,دَبَّ,فعل,64,1166,مشى مشياً خفيفاً بطيئاً قريباً من الأرض.,دبب,فَعَلَ,roots-4662:دبب:المحكم — المعاني,roots-4662:دبب:مقاييس — المحور,,دَبَّ,APPROVED,,
AR03248,رَقَصَ,فعل,64,1167,حرّك جسده حركاتٍ موزونةً متتابعةً على إيقاعٍ أو في خفّةٍ ونشاط.,رقص,فَعَلَ,roots-4662:رقص:المحكم — المعاني,roots-4662:رقص:مقاييس — المحور,roots-4662:رقص:الأساس — المجاز,رَقَصَ,APPROVED,,
AR03250,مَرَقَ,فعل,64,1168;17323,نفذ ومضى بسرعةٍ خاطفةٍ كما يمرق السهم.,مرق,فَعَلَ,roots-4662:مرق:المحكم — المعاني,roots-4662:مرق:مقاييس — المحور,roots-4662:مرق:الأساس — المجاز,مَرَقَ,APPROVED,,
AR03251,اِنْدِفَاع,مصدر,64,1169,المضيّ السريع المفاجئ بقوّةٍ نحو جهةٍ ما.,دفع,اِنْفِعَالٌ,roots-4662:دفع:المحكم — المعاني,roots-4662:دفع:مقاييس — المحور,roots-4662:دفع:الأساس — المجاز,اِنْدِفَاع,APPROVED,,WAZN ← L2_006 مص من اِنْفَعَلَ
AR03252,هَرَعَ,فعل,64,1170;1208,أسرع في سيره مستعجلاً نحو مقصده.,هرع,فَعَلَ,roots-4662:هرع:المحكم — المعاني,roots-4662:هرع:مقاييس — المحور,,هَرَعَ,APPROVED,,
AR03253,زَفَّ,فعل,64,1171,أسرع في خفّةٍ مع مقاربة الخطو كما يزفّ الطائر.,زفف,فَعَلَ,roots-4662:زفف:المحكم — المعاني,roots-4662:زفف:مقاييس — المحور,roots-4662:زفف:الأساس — المجاز,زَفَّ,APPROVED,,
AR03254,مَرِحَ,فعل,64,1173;1206,تحرّك في نشاطٍ وخفّةٍ وفرحٍ لاهياً.,مرح,فَعِلَ,roots-4662:مرح:المحكم — المعاني,roots-4662:مرح:مقاييس — المحور,roots-4662:مرح:الأساس — المجاز,مَرِحَ,APPROVED,,
AR03255,رَتَعَ,فعل,64,1173,تنقّل لاهياً لاعباً في سعةٍ وخِصب.,رتع,فَعَلَ,roots-4662:رتع:المحكم — المعاني,roots-4662:رتع:مقاييس — النص,roots-4662:رتع:الأساس — المجاز,رَتَعَ,APPROVED,,
AR03257,سَاحَ,فعل,64,1174;14010,ذهب في الأرض متنقّلاً من بلدٍ إلى بلد.,سيح,فَعَلَ,roots-4662:سيح:المحكم — المعاني,roots-4662:سيح:مقاييس — النص,roots-4662:سيح:الأساس — المجاز,سَاحَ,APPROVED,,
AR03258,أَسْرَعَ,فعل,64,1176;1182,عجّل في سيره وزاد من سرعته.,سرع,أَفْعَلَ,roots-4662:سرع:المحكم — المعاني,roots-4662:سرع:مقاييس — المحور,,أَسْرَعَ,APPROVED,,
AR03260,مَسِيرَة,مصدر,64,1177;1192,سيرٌ طويلٌ على الأقدام يقطع فيه الماشي مسافةً بعيدة.,سير,مَفْعِلَةٌ,roots-4662:سير:المحكم — المعاني,roots-4662:سير:مقاييس — المحور,,مَسِيرَة,APPROVED,,WAZN_L2_005 ← مَفْعِلٌ
AR03265,نَقَزَ,فعل,64,1181,وثب صُعُداً في مكانه وثباتٍ قصيرةً كما ينقز العصفور.,نقز,فَعَلَ,roots-4662:نقز:المحكم — المعاني,roots-4662:نقز:مقاييس — المحور,,نَقَزَ,APPROVED,,
AR03267,نُزْهَة,اسم جامد,64,1183;1239;1261;17299,خروجٌ قصيرٌ للتروّح والتنزّه.,نزه,فُعْلَةٌ,roots-4662:نزه:المحكم — المعاني,roots-4662:نزه:مقاييس — المحور,roots-4662:نزه:الأساس — المجاز,نُزْهَة,APPROVED,,WAZN_L2_005 ← فُعْلٌ
AR03269,هَرْوَلَ,فعل,64,1184;1215;1255,أسرع في مشيه إسراعاً بين المشي والعدو.,هرول,فَعْلَلَ,v21:هرول:المحكم — المعاني,,v21:هرول:الأساس — المجاز,هَرْوَلَ,APPROVED,,
AR03274,تَمَايَلَ,فعل,64,1191;1209;1231,مال في مشيه يمنةً ويسرة.,ميل,تَفَاعَلَ,roots-4662:ميل:المحكم — المعاني,roots-4662:ميل:مقاييس — النص,roots-4662:ميل:الأساس — المجاز,تَمَايَلَ,APPROVED,,
AR03275,سَارَ,فعل,64,1193;8350;8772,مضى الجنود ونحوهم في نظامٍ وخطىً منتظمةٍ موزونة.,سير,فَعَلَ,roots-4662:سير:المحكم — المعاني,roots-4662:سير:مقاييس — المحور,,سَارَ,APPROVED,,أعمّ من الإنجليزية؛ يتخصّص بالسياق العسكري
AR03276,هَامَ,فعل,64,1194;1205;1263,ذهب على وجهه لا يقصد وجهةً معيّنة.,هيم,فَعَلَ,roots-4662:هيم:المحكم — المعاني,roots-4662:هيم:مقاييس — المحور,roots-4662:هيم:الأساس — المجاز,هَامَ,APPROVED,,
AR03277,تَسَكَّعَ,فعل,64,1194;1263,مشى متحيّراً على غير هدىً ولا غاية.,سكع,تَفَعَّلَ,roots-4662:سكع:المحكم — المعاني,,roots-4662:سكع:الأساس — المجاز,تَسَكَّعَ,APPROVED,,
AR03278,ذَرَعَ,فعل,64,1197,قطع المكان مشياً ذهاباً وإياباً في قلقٍ أو تفكّر.,ذرع,فَعَلَ,roots-4662:ذرع:المحكم — المعاني,roots-4662:ذرع:مقاييس — المحور,roots-4662:ذرع:الأساس — المجاز,ذَرَعَ,APPROVED,,بمعنى ذرع المكان ذهاباً وإياباً
AR03279,اِنْقَضَّ,فعل,64,1201,هوى أو وثب فجأةً على الشيء ليأخذه.,قضض,اِنْفَعَلَ,roots-4662:قضض:المحكم — المعاني,roots-4662:قضض:مقاييس — المحور,,اِنْقَضَّ,APPROVED,,
AR03280,تَبَخْتَرَ,فعل,64,1202;1241;1243;6449,مشى مشيةً فيها زهوٌ وتمايلٌ وإعجابٌ بالنفس.,بختر,تَفَعْلَلَ,,,,تَبَخْتَرَ,APPROVED,,
AR03281,تَنَزَّهَ,فعل,64,1203;1240,خرج يتمشّى للترويح عن النفس.,نزه,تَفَعَّلَ,roots-4662:نزه:المحكم — المعاني,roots-4662:نزه:مقاييس — المحور,roots-4662:نزه:الأساس — المجاز,تَنَزَّهَ,APPROVED,,
AR03284,رَكَضَ,فعل,64,1207,عدا مسرعاً برجليه.,ركض,فَعَلَ,roots-4662:ركض:المحكم — المعاني,roots-4662:ركض:مقاييس — المحور,roots-4662:ركض:الأساس — المجاز,رَكَضَ,APPROVED,,
AR03287,تَسَلُّق,مصدر,64,1213,الصعود في مرتفعٍ وعرٍ بالاستعانة باليدين.,سلق,تَفَعُّلٌ,roots-4662:سلق:المحكم — المعاني,roots-4662:سلق:مقاييس — النص,roots-4662:سلق:الأساس — المجاز,تَسَلُّق,APPROVED,,WAZN ← L2_006 مص من تَفَعَّلَ
AR03288,دَلِيف,مصدر,64,1217,المشي الرويد المتقارب الخطو.,دلف,فَعِيلٌ,roots-4662:دلف:المحكم — المعاني,roots-4662:دلف:مقاييس — المحور,roots-4662:دلف:الأساس — المجاز,دَلِيف,APPROVED,,
AR03289,دَلَفَ,فعل,64,1218,مشى رويداً متقارب الخطو لا يرفع قدميه كثيراً.,دلف,فَعَلَ,roots-4662:دلف:المحكم — المعاني,roots-4662:دلف:مقاييس — المحور,roots-4662:دلف:الأساس — المجاز,دَلَفَ,APPROVED,,
AR03290,جَرَّ رِجْلَيْهِ,تركيب,64,1218;1256,مشى متثاقلاً لا يكاد يرفع قدميه من التعب أو الكره.,,,,,,جَرَّ رِجْلَيْهِ,APPROVED,,
AR03291,تَقَافَزَ,فعل,64,1219,قفز قفزاتٍ متتابعةً خفيفةً في مشيه.,قفز,تَفَاعَلَ,roots-4662:قفز:المحكم — المعاني,roots-4662:قفز:مقاييس — المحور,roots-4662:قفز:الأساس — المجاز,تَقَافَزَ,APPROVED,,
AR03292,تَسَلَّلَ,فعل,64,1220;1223;1227;1233;6055,مضى خفيةً في هدوءٍ لئلّا يُفطَن له.,سلل,تَفَعَّلَ,roots-4662:سلل:المحكم — المعاني,roots-4662:سلل:مقاييس — المحور,,تَسَلَّلَ,APPROVED,,
AR03293,اِنْسَلَّ,فعل,64,1220;1223;1227;1233;15926;17148,خرج أو مضى في رفقٍ وخفاءٍ دون أن يُشعَر به.,سلل,اِنْفَعَلَ,roots-4662:سلل:المحكم — المعاني,roots-4662:سلل:مقاييس — المحور,,اِنْسَلَّ,APPROVED,,
AR03294,اِنْسَابَ,فعل,64,1224;8775,جرى ماضياً في سلاسةٍ ولين كما تنساب الحيّة.,سيب,اِنْفَعَلَ,roots-4662:سيب:المحكم — المعاني,roots-4662:سيب:مقاييس — المحور,roots-4662:سيب:الأساس — المجاز,اِنْسَابَ,APPROVED,,
AR03295,سِبَاق,مصدر,64,1229,تنافسٌ في العدو أو الجري لبلوغ الغاية أوّلاً.,سبق,فِعَالٌ,roots-4662:سبق:المحكم — المعاني,roots-4662:سبق:مقاييس — المحور,,سِبَاق,APPROVED,,
AR03297,خُطْوَة,اسم جامد,64,1234,نقل القدم مرّةً من موضعها إلى موضعٍ أمامها.,خطو,فُعْلَةٌ,roots-4662:خطو:المحكم — المعاني,roots-4662:خطو:مقاييس — المحور,roots-4662:خطو:الأساس — المجاز,خُطْوَة,APPROVED,,WAZN_L2_005 ← فُعْلٌ
AR03298,خَطَا,فعل,64,1235,نقل قدمه من موضعٍ إلى آخر ماشياً.,خطو,فَعَلَ,roots-4662:خطو:المحكم — المعاني,roots-4662:خطو:مقاييس — المحور,roots-4662:خطو:الأساس — المجاز,خَطَا,APPROVED,,
AR03299,تَخَلَّفَ,فعل,64,1237,تأخّر في سيره عن الجماعة فبقي خلفها.,خلف,تَفَعَّلَ,roots-4662:خلف:المحكم — المعاني,roots-4662:خلف:مقاييس — المحور,roots-4662:خلف:الأساس — المجاز,تَخَلَّفَ,APPROVED,,
AR03300,اِخْتَالَ,فعل,64,1241;1243,مشى متكبّراً معجباً بنفسه.,خيل,اِفْتَعَلَ,roots-4662:خيل:المحكم — المعاني,roots-4662:خيل:مقاييس — المحور,,اِخْتَالَ,APPROVED,,
AR03303,سِبَاحَة,مصدر,64,1244,التنقّل في الماء بحركة الأطراف.,سبح,فِعَالَةٌ,roots-4662:سبح:المحكم — المعاني,roots-4662:سبح:مقاييس — المحور,,سِبَاحَة,APPROVED,,WAZN_L2_005 ← فِعَالٌ
AR03304,سَبَحَ,فعل,64,1245,تنقّل في الماء بتحريك يديه ورجليه.,سبح,فَعَلَ,roots-4662:سبح:المحكم — المعاني,roots-4662:سبح:مقاييس — المحور,,سَبَحَ,APPROVED,,
AR03306,مَشَى عَلَى أَطْرَافِ أَصَابِعِهِ,تركيب,64,1246,مشى خفيفاً رافعاً عقبيه معتمداً على مقدّم قدميه.,,,,,,مَشَى عَلَى أَطْرَافِ أَصَابِعِهِ,APPROVED,,
AR03307,دَرَجَ,فعل,64,1247,مشى الصبيّ مشياً ضعيفاً متقارب الخطو أوّل ما يمشي.,درج,فَعَلَ,roots-4662:درج:المحكم — المعاني,roots-4662:درج:مقاييس — المحور,roots-4662:درج:الأساس — المجاز,دَرَجَ,APPROVED,,
AR03308,وَطِئَ,فعل,64,1251,داس الأرض أو الشيء بقدمه ماشياً عليه.,وطء,فَعِلَ,roots-4662:وطء:المحكم — المعاني,roots-4662:وطء:مقاييس — المحور,,وَطِئَ,APPROVED,,
AR03309,دَاسَ,فعل,64,1251,وطئ الشيء برجله ماشياً عليه.,دوس,فَعَلَ,roots-4662:دوس:المحكم — المعاني,roots-4662:دوس:مقاييس — المحور,roots-4662:دوس:الأساس — المجاز,دَاسَ,APPROVED,,
AR03310,كَبَا,فعل,64,1253,عثر فسقط لوجهه.,كبو,فَعَلَ,roots-4662:كبو:المحكم — المعاني,roots-4662:كبو:مقاييس — المحور,roots-4662:كبو:الأساس — المجاز,كَبَا,APPROVED,,
AR03311,تَوَافَدَ,فعل,64,1254,أقبل القوم جماعاتٍ بعضهم إثر بعض.,وفد,تَفَاعَلَ,roots-4662:وفد:المحكم — المعاني,roots-4662:وفد:مقاييس — المحور,roots-4662:وفد:الأساس — المجاز,تَوَافَدَ,APPROVED,,
AR03312,تَقَاطَرَ,فعل,64,1254;15044,جاء القوم أرسالاً متتابعين واحداً بعد واحد.,قطر,تَفَاعَلَ,roots-4662:قطر:المحكم — المعاني,roots-4662:قطر:مقاييس — النص,roots-4662:قطر:الأساس — المجاز,تَقَاطَرَ,APPROVED,,
AR03313,خَاضَ,فعل,64,1260;3921;3923,مشى في الماء أو الوحل ودخل فيه.,خوض,فَعَلَ,roots-4662:خوض:المحكم — المعاني,roots-4662:خوض:مقاييس — المحور,roots-4662:خوض:الأساس — المجاز,خَاضَ,APPROVED,,
AR03314,مَشْي,مصدر,64,1261,الانتقال على القدمين بنقل إحداهما بعد الأخرى.,مشي,فَعْلٌ,roots-4662:مشي:المحكم — المعاني,roots-4662:مشي:مقاييس — المحور,roots-4662:مشي:الأساس — المجاز,مَشْي,APPROVED,,
AR03315,تَلَوَّى,فعل,64,1264,تحرّك منعطفاً بجسده يمنةً ويسرة كالحيّة.,لوي,تَفَعَّلَ,roots-4662:لوي:المحكم — المعاني,roots-4662:لوي:مقاييس — المحور,roots-4662:لوي:الأساس — المجاز,تَلَوَّى,APPROVED,,
AR03316,زَحْف,مصدر,64,4779,التقدّم على البطن أو بجرّ الجسد على الأرض.,زحف,فَعْلٌ,roots-4662:زحف:المحكم — المعاني,roots-4662:زحف:مقاييس — المحور,roots-4662:زحف:الأساس — المجاز,زَحْف,APPROVED,,
AR03318,مَضَى,فعل,64,6053,ذهب متقدّماً في طريقه.,مضي,فَعَلَ,roots-4662:مضي:المحكم — المعاني,roots-4662:مضي:مقاييس — المحور,,مَضَى,APPROVED,,
AR03319,تَقَدَّمَ,فعل,64,6053;14836,انتقل إلى الأمام.,قدم,تَفَعَّلَ,roots-4662:قدم:المحكم — المعاني,roots-4662:قدم:مقاييس — المحور,roots-4662:قدم:الأساس — المجاز,تَقَدَّمَ,APPROVED,,
AR03322,اِتَّجَهَ,فعل,64,6387,أقبل بوجهه وسيره نحو جهةٍ معيّنة.,وجه,اِفْتَعَلَ,roots-4662:وجه:المحكم — المعاني,roots-4662:وجه:مقاييس — المحور,roots-4662:وجه:الأساس — المجاز,اِتَّجَهَ,APPROVED,,
AR03323,تَوَجَّهَ,فعل,64,6387,قصد جهةً وسار نحوها.,وجه,تَفَعَّلَ,roots-4662:وجه:المحكم — المعاني,roots-4662:وجه:مقاييس — المحور,roots-4662:وجه:الأساس — المجاز,تَوَجَّهَ,APPROVED,,
AR03324,قَصَدَ,فعل,64,6403;6404,أمّ مكاناً وتوجّه إليه.,قصد,فَعَلَ,roots-4662:قصد:المحكم — المعاني,roots-4662:قصد:مقاييس — المحور,,قَصَدَ,APPROVED,,
AR03326,تَوَغَّلَ,فعل,64,6646,أمعن في الدخول في مكانٍ بعيدٍ أو مخوف.,وغل,تَفَعَّلَ,roots-4662:وغل:المحكم — المعاني,roots-4662:وغل:مقاييس — المحور,,تَوَغَّلَ,APPROVED,,
AR03327,مَشَى,فعل,64,8350,انتقل على قدميه برفع إحداهما ووضعها بعد الأخرى.,مشي,فَعَلَ,roots-4662:مشي:المحكم — المعاني,roots-4662:مشي:مقاييس — المحور,roots-4662:مشي:الأساس — المجاز,مَشَى,APPROVED,,
AR03329,مَخَرَ,فعل,64,8774,شقّت السفينة الماء بصدرها جاريةً فيه.,مخر,فَعَلَ,roots-4662:مخر:المحكم — المعاني,roots-4662:مخر:مقاييس — المحور,,مَخَرَ,APPROVED,,
AR03330,زَاحَمَ,فعل,64,9951,دافع غيره بجسده في موضعٍ ضيّقٍ ليشقّ طريقه.,زحم,فَاعَلَ,roots-4662:زحم:المحكم — المعاني,roots-4662:زحم:مقاييس — المحور,,زَاحَمَ,APPROVED,,لا يعيّن الكتف وسيلةً
AR03332,شَقَّ طَرِيقَهُ,تركيب,64,14180,مضى متقدّماً يتغلّب على ما يعترض سيره.,,,,,,شَقَّ طَرِيقَهُ,APPROVED,,
AR03333,أَقْلَعَ,فعل,64,15211,ارتفع الطائر أو الطائرة عن الأرض مبتدئاً الطيران.,قلع,أَفْعَلَ,roots-4662:قلع:المحكم — المعاني,roots-4662:قلع:مقاييس — المحور,,أَقْلَعَ,APPROVED,,
AR03334,فِي الطَّرِيقِ إِلَى,تركيب,64,16748;17151,في حال السير نحو مقصدٍ لم يُبلَغ بعد.,,,,,,فِي الطَّرِيقِ إِلَى,APPROVED,,
AR03335,تَزَاحَمَ,فعل,64,16778,تدافع الناس في الحركة لكثرتهم في موضعٍ ضيّق.,زحم,تَفَاعَلَ,roots-4662:زحم:المحكم — المعاني,roots-4662:زحم:مقاييس — المحور,,تَزَاحَمَ,APPROVED,,
AR03336,مُتَنَزِّه,اسم فاعل,64,17509,من يخرج ماشياً في الطبيعة للتروّح والاستمتاع بها.,نزه,مُتَفَعِّلٌ,roots-4662:نزه:المحكم — المعاني,roots-4662:نزه:مقاييس — المحور,roots-4662:نزه:الأساس — المجاز,مُتَنَزِّه,APPROVED,,WAZN ← L2_006 فا من تَفَعَّلَ
AR03337,سَعَى,فعل,64,,مشى مسرعاً دون العدو نحو مقصد.,سعي,فَعَلَ,roots-4662:سعي:المحكم — المعاني,,roots-4662:سعي:الأساس — المجاز,سَعَى,APPROVED,,AR_ONLY
AR03338,سَرَى,فعل,64,,سار ليلاً.,سري,فَعَلَ,roots-4662:سري:المحكم — المعاني,,,سَرَى,APPROVED,,AR_ONLY
AR03339,أَدْلَجَ,فعل,64,,سار من أوّل الليل.,دلج,أَفْعَلَ,roots-4662:دلج:المحكم — المعاني,roots-4662:دلج:مقاييس — المحور,,أَدْلَجَ,APPROVED,,AR_ONLY
AR03340,هَمْلَجَ,فعل,64,,سار سيراً سريعاً سهلاً في تبختر.,هملج,فَعْلَلَ,,,,هَمْلَجَ,APPROVED,,AR_ONLY
AR03341,نَسَلَ,فعل,64,,أسرع في مشيه.,نسل,فَعَلَ,roots-4662:نسل:المحكم — المعاني,roots-4662:نسل:مقاييس — المحور,roots-4662:نسل:الأساس — المجاز,نَسَلَ,APPROVED,,AR_ONLY
AR03342,سَيْر,مصدر,64,,المضيّ في الطريق من موضعٍ إلى آخر.,سير,فَعْلٌ,roots-4662:سير:المحكم — المعاني,roots-4662:سير:مقاييس — المحور,,سَيْر,APPROVED,,AR_ONLY
AR03343,رَكْض,مصدر,64,,العدو السريع بالرجلين.,ركض,فَعْلٌ,roots-4662:ركض:المحكم — المعاني,roots-4662:ركض:مقاييس — المحور,roots-4662:ركض:الأساس — المجاز,رَكْض,APPROVED,,AR_ONLY
AR03344,هَرْوَلَة,مصدر,64,,الإسراع في المشي بين المشي والعدو.,هرول,فَعْلَلَةٌ,v21:هرول:المحكم — المعاني,,v21:هرول:الأساس — المجاز,هَرْوَلَة,APPROVED,,AR_ONLY | WAZN_L2_005 ← فَعْلَلٌ
AR03345,قَلِيل الذَّوْق,تركيب,372,6525;6551,من يؤذي غيره أو يضايقه لقلّة مراعاته لهم.,,,,,,قَلِيل الذَّوْق,APPROVED,,
AR03346,لَطِيف,صفة مشبهة,372,6526;6552;6554;6609;6613;6620;6651,الرفيق في معاملة الناس الحسن العشرة.,لطف,فَعِيلٌ,roots-4662:لطف:المحكم — المعاني,roots-4662:لطف:مقاييس — المحور,roots-4662:لطف:الأساس — المجاز,لَطِيف,APPROVED,,
AR03347,رَحِيم,صفة مشبهة,372,6526;6592,من يرقّ للناس ويعطف عليهم.,رحم,فَعِيلٌ,roots-4662:رحم:المحكم — المعاني,roots-4662:رحم:مقاييس — المحور,roots-4662:رحم:الأساس — المجاز,رَحِيم,APPROVED,,
AR03349,رَفِيق,صفة مشبهة,372,6548,من يلين في معاملة الناس ويحرص ألّا يؤذيهم.,رفق,فَعِيلٌ,roots-4662:رفق:المحكم — المعاني,roots-4662:رفق:مقاييس — المحور,roots-4662:رفق:الأساس — المجاز,رَفِيق,APPROVED,,
AR03350,مُرَاعِي,اسم فاعل,372,6548;6552,من يحفظ مشاعر غيره وحاجاتهم في معاملته.,رعي,مُفَاعِلٌ,roots-4662:رعي:المحكم — المعاني,roots-4662:رعي:مقاييس — النص,roots-4662:رعي:الأساس — المجاز,مُرَاعِي,APPROVED,,لفظه منقوص؛ يكتب بلا تنوين مراعي
AR03351,لَئِيم,صفة مشبهة,372,6549,الدنيء الطبع الذي يسيء إلى الناس.,لءم,فَعِيلٌ,roots-4662:لءم:المحكم — المعاني,roots-4662:لءم:مقاييس — المحور,roots-4662:لءم:الأساس — المجاز,لَئِيم,APPROVED,,
AR03352,فَظّ,صفة مشبهة,372,6549;6555;6558;6584;6590;6621,الغليظ الجافي في معاملة الناس.,فظظ,فَعْلٌ,roots-4662:فظظ:المحكم — المعاني,roots-4662:فظظ:مقاييس — المحور,,فَظّ,APPROVED,,
AR03353,عَدِيم الإِحْسَاس,تركيب,372,6550,من لا يبالي بمشاعر غيره.,,,,,,عَدِيم الإِحْسَاس,APPROVED,,
AR03354,مُتَبَلِّد الإِحْسَاس,تركيب,372,6550,من لا يتأثّر بما يصيب غيره.,,,,,,مُتَبَلِّد الإِحْسَاس,APPROVED,,
AR03355,قَاسِي القَلْب,تركيب,372,6553,من لا يرحم الناس ولا يرقّ لألمهم.,,,,,,قَاسِي القَلْب,APPROVED,,
AR03356,غَلِيظ القَلْب,تركيب,372,6553,من لا رحمة في قلبه ولا لين.,,,,,,غَلِيظ القَلْب,APPROVED,,
AR03357,وَحْشِيّ,اسم منسوب,372,6553;6627,الشديد القسوة كالوحش.,وحش,فَعْلِيٌّ,roots-4662:وحش:المحكم — المعاني,roots-4662:وحش:مقاييس — المحور,,وَحْشِيّ,APPROVED,,POS_L2_007:NISBA | WAZN ← L2_007 نسبة فَعْلٌ
AR03359,وَقِح,صفة مشبهة,372,6555;6587;6589;6624;16026,من لا حياء له فيجترئ على الناس بسوء القول والفعل.,وقح,فَعِلٌ,roots-4662:وقح:المحكم — المعاني,roots-4662:وقح:مقاييس — المحور,roots-4662:وقح:الأساس — المجاز,وَقِح,APPROVED,,
AR03360,قَلِيل الأَدَب,تركيب,372,6556;6557;6559;6623,من لا يتأدّب في معاملة الناس.,,,,,,قَلِيل الأَدَب,APPROVED,,
AR03361,غَيْر مُهَذَّب,تركيب,372,6556;6559;6623,من تنقصه آداب المعاملة.,,,,,,غَيْر مُهَذَّب,APPROVED,,
AR03362,سَيِّئ الخُلُق,تركيب,372,6557,من ساءت أخلاقه في معاملة الناس.,,,,,,سَيِّئ الخُلُق,APPROVED,,
AR03364,غَلِيظ,صفة مشبهة,372,6584,الجافي الشديد في معاملته.,غلظ,فَعِيلٌ,roots-4662:غلظ:المحكم — المعاني,,roots-4662:غلظ:الأساس — المجاز,غَلِيظ,APPROVED,,
AR03366,مُهَذَّب,اسم مفعول,372,6585;6586;6622,من حسنت أخلاقه وآدابه.,هذب,مُفَعَّلٌ,roots-4662:هذب:المحكم — المعاني,roots-4662:هذب:مقاييس — المحور,,مُهَذَّب,APPROVED,,WAZN ← L2_006 مف من فَعَّلَ
AR03369,مُوَقِّر,اسم فاعل,372,6588,من يعظّم غيره ويُجِلّه.,وقر,مُفَعِّلٌ,,,roots-4662:وقر:الأساس — المجاز,مُوَقِّر,APPROVED,,WAZN ← L2_006 فا من فَعَّلَ
AR03370,مُسْتَخِفّ,اسم فاعل,372,6589,من يستهين بالناس ولا يوقّرهم.,خفف,مُسْتَفْعِلٌ,roots-4662:خفف:المحكم — المعاني,roots-4662:خفف:مقاييس — المحور,roots-4662:خفف:الأساس — المجاز,مُسْتَخِفّ,APPROVED,,مضعّف؛ لفظه مُسْتَفِلّ | WAZN ← L2_006 فا من اِسْتَفْعَلَ
AR03371,رَؤُوف,صفة مشبهة,372,6592,شديد الرحمة بالناس.,رءف,فَعُولٌ,roots-4662:رءف:المحكم — المعاني,roots-4662:رءف:مقاييس — المحور,,رَؤُوف,APPROVED,,POS_L2_007:MUBALAGHA | L2_009: صيغة مبالغة مقصورة على فَعَّال → صفة مشبهة
AR03373,وَدُود,صفة مشبهة,372,6611;6616;14170,المتودّد إلى الناس المحبّ لهم.,ودد,فَعُولٌ,roots-4662:ودد:المحكم — المعاني,roots-4662:ودد:مقاييس — المحور,,وَدُود,APPROVED,,POS_L2_007:MUBALAGHA | L2_009: صيغة مبالغة مقصورة على فَعَّال → صفة مشبهة
AR03375,غَيْر وَدُود,تركيب,372,6612,من لا يُظهر الودّ للناس.,,,,,,غَيْر وَدُود,APPROVED,,
AR03377,دَمِث,صفة مشبهة,372,6613,السهل الخلق اللين الجانب.,دمث,فَعِلٌ,roots-4662:دمث:المحكم — المعاني,roots-4662:دمث:مقاييس — المحور,roots-4662:دمث:الأساس — المجاز,دَمِث,APPROVED,,
AR03382,طَلْق الوَجْه,تركيب,372,6618,المنبسط الوجه البشوش.,,,,,,طَلْق الوَجْه,APPROVED,,
AR03383,كَرِيم,صفة مشبهة,372,6620,الجامع لحسن الخلق ولطف المعاملة.,كرم,فَعِيلٌ,roots-4662:كرم:المحكم — المعاني,roots-4662:كرم:مقاييس — النص,roots-4662:كرم:الأساس — المجاز,كَرِيم,APPROVED,,
AR03384,لَبِق,صفة مشبهة,372,6625;6626,الحاذق في معاملة الناس المراعي لمشاعرهم.,لبق,فَعِلٌ,roots-4662:لبق:المحكم — المعاني,roots-4662:لبق:مقاييس — المحور,,لَبِق,APPROVED,,
AR03385,كَيِّس,صفة مشبهة,372,6625,الفطن الحسن التلطّف في الأمور.,كيس,فَيْعِلٌ,roots-4662:كيس:المحكم — المعاني,roots-4662:كيس:مقاييس — المحور,roots-4662:كيس:الأساس — المجاز,كَيِّس,APPROVED,,WAZN ← L2_015 المالك
AR03386,هَمَجِيّ,اسم منسوب,372,6627,الشديد القسوة المتوحّش في سلوكه.,همج,فَعَلِيٌّ,roots-4662:همج:المحكم — المعاني,roots-4662:همج:مقاييس — المحور,,هَمَجِيّ,APPROVED,,POS_L2_007:NISBA | WAZN ← L2_007 نسبة فَعَلٌ
AR03390,كَرِيه,صفة مشبهة,372,6733,الذي تكرهه النفوس لسوء معاملته.,كره,فَعِيلٌ,roots-4662:كره:المحكم — المعاني,roots-4662:كره:مقاييس — المحور,roots-4662:كره:الأساس — المجاز,كَرِيه,APPROVED,,
AR03391,خَيِّر,صفة مشبهة,372,6770,الكثير الخير المحسن إلى الناس.,خير,فَيْعِلٌ,roots-4662:خير:المحكم — المعاني,roots-4662:خير:مقاييس — النص,,خَيِّر,APPROVED,,WAZN ← L2_015 المالك
AR03392,حَسَن الخُلُق,تركيب,372,13830,من طابت أخلاقه وسهلت عشرته.,,,,,,حَسَن الخُلُق,APPROVED,,
AR03393,سَمْح,صفة مشبهة,372,13830,السهل الكريم في معاملته.,سمح,فَعْلٌ,roots-4662:سمح:المحكم — المعاني,roots-4662:سمح:مقاييس — المحور,roots-4662:سمح:الأساس — المجاز,سَمْح,APPROVED,,
AR03394,طَيِّب النَّفْس,تركيب,372,13864,من لا يحمل للناس سوءاً.,,,,,,طَيِّب النَّفْس,APPROVED,,
AR03395,سَلِيم الصَّدْر,تركيب,372,13864,من لا غلّ في قلبه لأحد.,,,,,,سَلِيم الصَّدْر,APPROVED,,
AR03396,سَلِيط اللِّسَان,تركيب,372,16026,الجريء على الناس بالقول البذيء.,,,,,,سَلِيط اللِّسَان,APPROVED,,
AR03397,نَاضِج,اسم فاعل,372,16050,من يسلك في معاملته سلوك مكتمل العقل والعاطفة.,نضج,فَاعِلٌ,roots-4662:نضج:المحكم — المعاني,roots-4662:نضج:مقاييس — المحور,roots-4662:نضج:الأساس — المجاز,نَاضِج,APPROVED,,
AR03398,رَاشِد,اسم فاعل,372,16050,من بلغ رشده فأحسن التصرّف.,رشد,فَاعِلٌ,roots-4662:رشد:المحكم — المعاني,roots-4662:رشد:مقاييس — المحور,roots-4662:رشد:الأساس — المجاز,رَاشِد,APPROVED,,
AR03399,نُضْج,مصدر,372,16051,اكتمال العقل والعاطفة في السلوك.,نضج,فُعْلٌ,roots-4662:نضج:المحكم — المعاني,roots-4662:نضج:مقاييس — المحور,roots-4662:نضج:الأساس — المجاز,نُضْج,APPROVED,,
AR03400,رَزَانَة,مصدر,372,16051,وقار في السلوك وثبات في الرأي.,رزن,فَعَالَةٌ,roots-4662:رزن:المحكم — المعاني,roots-4662:رزن:مقاييس — المحور,roots-4662:رزن:الأساس — المجاز,رَزَانَة,APPROVED,,WAZN ← L2_015 المالك
AR03401,قَسْوَة,مصدر,372,16053,غلظة القلب وعدم الرحمة بالمتألّم.,قسو,فَعْلَةٌ,,,,قَسْوَة,APPROVED,,WAZN_L2_005 ← فَعْلٌ
AR03402,وَحْشِيَّة,مصدر,372,16053,القسوة المتناهية.,وحش,فَعْلِيَّةٌ,roots-4662:وحش:المحكم — المعاني,roots-4662:وحش:مقاييس — المحور,,وَحْشِيَّة,APPROVED,,مصدر صناعي | WAZN ← L2_007 نسبة فَعْلٌ
AR03403,مُرَاعَاة,مصدر,372,16054,حفظ حقوق الآخرين ورغباتهم في المعاملة.,رعي,مُفَاعَلَةٌ,roots-4662:رعي:المحكم — المعاني,roots-4662:رعي:مقاييس — النص,roots-4662:رعي:الأساس — المجاز,مُرَاعَاة,APPROVED,,WAZN ← L2_006 مص من فَاعَلَ
AR03404,لُطْف,مصدر,372,16054,الرفق وحسن المعاملة.,لطف,فُعْلٌ,roots-4662:لطف:المحكم — المعاني,roots-4662:لطف:مقاييس — المحور,roots-4662:لطف:الأساس — المجاز,لُطْف,APPROVED,,
AR03405,وَقَاحَة,مصدر,372,16055,قلّة الحياء والاجتراء على الناس.,وقح,فَعَالَةٌ,roots-4662:وقح:المحكم — المعاني,roots-4662:وقح:مقاييس — المحور,roots-4662:وقح:الأساس — المجاز,وَقَاحَة,APPROVED,,WAZN ← L2_015 المالك
AR03406,فَظَاظَة,مصدر,372,16055,الغلظة والجفاء في المعاملة.,فظظ,فَعَالَةٌ,roots-4662:فظظ:المحكم — المعاني,roots-4662:فظظ:مقاييس — المحور,,فَظَاظَة,APPROVED,,WAZN ← L2_015 المالك
AR03407,رَحْمَة,مصدر,372,16056,رقّة القلب والعطف على المتألّم.,رحم,فَعْلَةٌ,roots-4662:رحم:المحكم — المعاني,roots-4662:رحم:مقاييس — المحور,roots-4662:رحم:الأساس — المجاز,رَحْمَة,APPROVED,,WAZN_L2_005 ← فَعْلٌ
AR03409,رَأْفَة,مصدر,372,16056,أشدّ الرحمة وأرقّها.,رءف,فَعْلَةٌ,roots-4662:رءف:المحكم — المعاني,roots-4662:رءف:مقاييس — المحور,,رَأْفَة,APPROVED,,WAZN_L2_005 ← فَعْلٌ
AR03411,فَظِيع,صفة مشبهة,372,17263,الشديد القبح.,فظع,فَعِيلٌ,roots-4662:فظع:المحكم — المعاني,roots-4662:فظع:مقاييس — النص,,فَظِيع,APPROVED,,
AR03412,خَلُوق,صفة مشبهة,372,,الحسن الخلق في معاملة الناس.,خلق,فَعُولٌ,roots-4662:خلق:المحكم — المعاني,roots-4662:خلق:مقاييس — المحور,roots-4662:خلق:الأساس — المجاز,خَلُوق,APPROVED,,POS_L2_007:MUBALAGHA; AR_ONLY | L2_009: صيغة مبالغة مقصورة على فَعَّال → صفة مشبهة
AR03415,لَغَط,مصدر,850,9590,أصواتٌ مختلطة متداخلة لا يُفهم منها كلام.,لغط,فَعَلٌ,roots-4662:لغط:المحكم — المعاني,,,لَغَط,APPROVED,,
AR03416,مُنَاغَاة,مصدر,850,9590,صوتُ الرضيع الخافت المتقطّع حين يُلاعَب.,نغي,مُفَاعَلَةٌ,roots-4662:نغي:المحكم — المعاني,roots-4662:نغي:مقاييس — النص,roots-4662:نغي:الأساس — المجاز,مُنَاغَاة,APPROVED,,WAZN ← L2_006 مص من فَاعَلَ
AR03417,نُبَاح,مصدر,850,9624;9713,صوتُ الكلب المعروف الحادّ المتقطّع.,نبح,فُعَالٌ,roots-4662:نبح:المحكم — المعاني,roots-4662:نبح:مقاييس — النص,roots-4662:نبح:الأساس — المجاز,نُبَاح,APPROVED,,
AR03419,تَزْمِير,مصدر,850,9625;9659,صوتُ منبّه السيارة ونحوها.,زمر,تَفْعِيلٌ,roots-4662:زمر:المحكم — المعاني,roots-4662:زمر:مقاييس — المحور,roots-4662:زمر:الأساس — المجاز,تَزْمِير,APPROVED,,
AR03421,خُوَار,مصدر,850,9626,صوتُ الثور أو البقرة الغليظ الممتدّ.,خور,فُعَالٌ,roots-4662:خور:المحكم — المعاني,roots-4662:خور:مقاييس — المحور,roots-4662:خور:الأساس — المجاز,خُوَار,APPROVED,,
AR03422,زَعِيق,مصدر,850,9627,صوتٌ عالٍ حادّ منفّر للسمع.,زعق,فَعِيلٌ,roots-4662:زعق:المحكم — المعاني,roots-4662:زعق:مقاييس — المحور,,زَعِيق,APPROVED,,
AR03423,نَفْخَة,اسم مرة,850,9628,صوتٌ واحد عالٍ يصدر عن بوق أو صفّارة.,نفخ,فَعْلَةٌ,roots-4662:نفخ:المحكم — المعاني,roots-4662:نفخ:مقاييس — المحور,roots-4662:نفخ:الأساس — المجاز,نَفْخَة,APPROVED,,اسم المرة | WAZN_L2_005 ← فَعْلٌ | POS_L2_007:ISM_MARRA (من نص الملاحظة)
AR03424,ثُغَاء,مصدر,850,9629,صوتُ الشاة الضعيف المتهدّج.,ثغو,فُعَالٌ,,v21:ثغو:مقاييس — المحور,,ثُغَاء,APPROVED,,
AR03425,يُعَار,مصدر,850,9629,صوتُ المعز المعروف.,يعر,فُعَالٌ,roots-4662:يعر:المحكم — المعاني,roots-4662:يعر:مقاييس — النص,,يُعَار,APPROVED,,
AR03426,دَوِيّ,مصدر,850,9630;10909,صوتٌ عالٍ عميق يمتدّ ويتردّد صداه.,دوي,فَعِيلٌ,roots-4662:دوي:المحكم — المعاني,roots-4662:دوي:مقاييس — النص,roots-4662:دوي:الأساس — المجاز,دَوِيّ,APPROVED,,
AR03427,قَصْف,مصدر,850,9630,صوتٌ شديد متتابع كصوت الرعد أو المدافع.,قصف,فَعْلٌ,roots-4662:قصف:المحكم — المعاني,roots-4662:قصف:مقاييس — المحور,roots-4662:قصف:الأساس — المجاز,قَصْف,APPROVED,,
AR03428,نَهِيق,مصدر,850,9631,صوتُ الحمار الخشن المعروف.,نهق,فَعِيلٌ,roots-4662:نهق:المحكم — المعاني,roots-4662:نهق:مقاييس — المحور,,نَهِيق,APPROVED,,
AR03429,سَحِيل,مصدر,850,9631,صوتُ الحمار يخرج من صدره.,سحل,فَعِيلٌ,roots-4662:سحل:المحكم — المعاني,roots-4662:سحل:مقاييس — المحور,roots-4662:سحل:الأساس — المجاز,سَحِيل,APPROVED,,
AR03430,خَرِير,مصدر,850,9632,صوتُ الماء الجاري المتّصل.,خرر,فَعِيلٌ,roots-4662:خرر:المحكم — المعاني,roots-4662:خرر:مقاييس — المحور,roots-4662:خرر:الأساس — المجاز,خَرِير,APPROVED,,
AR03433,نَقْنَقَة,مصدر,850,9634,صوتُ الدجاجة المتقطّع المتتابع.,نقق,فَعْلَلَةٌ,roots-4662:نقق:المحكم — المعاني,roots-4662:نقق:مقاييس — المحور,,نَقْنَقَة,APPROVED,,يُذكر في بعض المعاجم رباعياً في مادة مستقلة | WAZN_L2_005 ← فَعْلَلٌ
AR03434,قَهْقَهَة,مصدر,850,9634;9656,ضحكٌ عالٍ يُرجَّع فيه الصوت.,قهه,فَعْلَلَةٌ,,roots-4662:قهه:مقاييس — النص,,قَهْقَهَة,APPROVED,,يُذكر في بعض المعاجم رباعياً في مادة مستقلة | WAZN_L2_005 ← فَعْلَلٌ
AR03435,نَعِيق,مصدر,850,9635,صوتُ الغراب الخشن.,نعق,فَعِيلٌ,roots-4662:نعق:المحكم — المعاني,roots-4662:نعق:مقاييس — المحور,,نَعِيق,APPROVED,,
AR03436,نَعِيب,مصدر,850,9635;9659,صوتُ الغراب يمدّ فيه عنقه.,نعب,فَعِيلٌ,roots-4662:نعب:المحكم — المعاني,roots-4662:نعب:مقاييس — المحور,roots-4662:نعب:الأساس — المجاز,نَعِيب,APPROVED,,
AR03437,زَقْزَقَة,مصدر,850,9636;9637;9638;9705;9706,أصواتٌ حادّة خفيفة سريعة يتابعها الطائر الصغير.,زقق,فَعْلَلَةٌ,roots-4662:زقق:المحكم — المعاني,roots-4662:زقق:مقاييس — المحور,roots-4662:زقق:الأساس — المجاز,زَقْزَقَة,APPROVED,,يُذكر في بعض المعاجم رباعياً في مادة مستقلة | WAZN_L2_005 ← فَعْلَلٌ
AR03439,صَئِيّ,مصدر,850,9637;9674,صوتُ فرخ الطائر الرفيع الضعيف.,صءي,فَعِيلٌ,v21:صأي:المحكم — المعاني,,,صَئِيّ,APPROVED,,
AR03441,ضَحْكَة,اسم مرة,850,9639;9653;9691;9702,ضحكٌ خافت يكتمه صاحبه.,ضحك,فَعْلَةٌ,v21:ضحك:المحكم — المعاني,v21:ضحك:مقاييس — النص,v21:ضحك:الأساس — المجاز,ضَحْكَة,APPROVED,,اسم المرة؛ لا مفرد فصيح للضحك الخافت بعينه، ويُقيَّد بالوصف | WAZN_L2_005 ← فَعْلٌ | POS_L2_007:ISM_MARRA (من نص الملاحظة)
AR03442,قَعْقَعَة,مصدر,850,9640;9641;9643,صوتُ الأشياء اليابسة يضرب بعضها بعضاً.,قعع,فَعْلَلَةٌ,roots-4662:قعع:المحكم — المعاني,roots-4662:قعع:مقاييس — المحور,,قَعْقَعَة,APPROVED,,يُذكر في بعض المعاجم رباعياً في مادة مستقلة | WAZN_L2_005 ← فَعْلَلٌ
AR03447,رَنِين,مصدر,850,9645;9673;9701,صوتٌ صافٍ يصدر عن المعدن أو الزجاج إذا قُرع.,رنن,فَعِيلٌ,roots-4662:رنن:المحكم — المعاني,roots-4662:رنن:مقاييس — المحور,roots-4662:رنن:الأساس — المجاز,رَنِين,APPROVED,,
AR03448,هَدِيل,مصدر,850,9646,صوتُ الحمام الرخيم.,هدل,فَعِيلٌ,roots-4662:هدل:المحكم — المعاني,roots-4662:هدل:مقاييس — المحور,,هَدِيل,APPROVED,,
AR03449,سَجْع,مصدر,850,9646,ترديدُ الحمامة صوتها على نسق واحد.,سجع,فَعْلٌ,roots-4662:سجع:المحكم — المعاني,roots-4662:سجع:مقاييس — المحور,,سَجْع,APPROVED,,
AR03450,سُعَال,مصدر,850,9647,صوتٌ يخرج من الصدر بدفع الهواء بقوّة.,سعل,فُعَالٌ,roots-4662:سعل:المحكم — المعاني,roots-4662:سعل:مقاييس — المحور,roots-4662:سعل:الأساس — المجاز,سُعَال,APPROVED,,
AR03452,خَشْخَشَة,مصدر,850,9650;9683;9686,صوتُ تكسّر الأشياء اليابسة تحت الضغط أو المضغ.,خشش,فَعْلَلَةٌ,roots-4662:خشش:المحكم — المعاني,roots-4662:خشش:مقاييس — المحور,roots-4662:خشش:الأساس — المجاز,خَشْخَشَة,APPROVED,,يُذكر في بعض المعاجم رباعياً في مادة مستقلة؛ أقرب لفظ، لا يخصّ الطعام الهشّ | WAZN_L2_005 ← فَعْلَلٌ
AR03453,هَدِير,مصدر,850,9651;9682,صوتٌ غليظ متّصل كصوت المحرّك.,هدر,فَعِيلٌ,roots-4662:هدر:المحكم — المعاني,roots-4662:هدر:مقاييس — النص,roots-4662:هدر:الأساس — المجاز,هَدِير,APPROVED,,
AR03456,هَرِير,مصدر,850,9654;9690,صوتُ الكلب دون النباح يُظهر به الشراسة.,هرر,فَعِيلٌ,roots-4662:هرر:المحكم — المعاني,roots-4662:هرر:مقاييس — المحور,,هَرِير,APPROVED,,
AR03458,قُبَاع,مصدر,850,9655,صوتُ الخنزير المعروف.,قبع,فُعَالٌ,roots-4662:قبع:المحكم — المعاني,roots-4662:قبع:مقاييس — المحور,,قُبَاع,APPROVED,,
AR03459,نَحِيم,مصدر,850,9655,صوتٌ قصير غليظ يخرج من الصدر.,نحم,فَعِيلٌ,roots-4662:نحم:المحكم — المعاني,,,نَحِيم,APPROVED,,
AR03460,غَرْغَرَة,مصدر,850,9657,صوتُ تردّد الماء أو النفَس في الحلق.,غرر,فَعْلَلَةٌ,roots-4662:غرر:المحكم — المعاني,roots-4662:غرر:مقاييس — المحور,roots-4662:غرر:الأساس — المجاز,غَرْغَرَة,APPROVED,,يُذكر في بعض المعاجم رباعياً في مادة مستقلة | WAZN_L2_005 ← فَعْلَلٌ
AR03461,فَحِيح,مصدر,850,9658,صوتٌ ممدود يخرج من الفم بلا نطق كصوت الأفعى.,فحح,فَعِيلٌ,roots-4662:فحح:المحكم — المعاني,roots-4662:فحح:مقاييس — النص,,فَحِيح,APPROVED,,
AR03462,هَمْهَمَة,مصدر,850,9662,صوتٌ خفيض متّصل يتردّد في الصدر.,همم,فَعْلَلَةٌ,roots-4662:همم:المحكم — المعاني,,,هَمْهَمَة,APPROVED,,يُذكر في بعض المعاجم رباعياً في مادة مستقلة | WAZN_L2_005 ← فَعْلَلٌ
AR03463,دَنْدَنَة,مصدر,850,9662,نغمٌ خفيض يُسمع ولا يُفهم.,دنن,فَعْلَلَةٌ,roots-4662:دنن:المحكم — المعاني,roots-4662:دنن:مقاييس — المحور,,دَنْدَنَة,APPROVED,,يُذكر في بعض المعاجم رباعياً في مادة مستقلة | WAZN_L2_005 ← فَعْلَلٌ
AR03464,مُوَاء,مصدر,850,9663,صوتُ الهرّ المعروف.,موء,فُعَالٌ,roots-4662:موء:المحكم — المعاني,,,مُوَاء,APPROVED,,
AR03468,نَقْر,مصدر,850,9672;9677;9680,قرعٌ خفيف بطرف شيء على سطح.,نقر,فَعْلٌ,roots-4662:نقر:المحكم — المعاني,roots-4662:نقر:مقاييس — المحور,roots-4662:نقر:الأساس — المجاز,نَقْر,APPROVED,,
AR03469,هَزِيم,مصدر,850,9673;9700,صوتُ الرعد العالي المتتابع.,هزم,فَعِيلٌ,roots-4662:هزم:المحكم — المعاني,roots-4662:هزم:مقاييس — المحور,roots-4662:هزم:الأساس — المجاز,هَزِيم,APPROVED,,
AR03471,خَرْخَرَة,مصدر,850,9678,صوتٌ متّصل يخرج من صدر الهرّ إذا ارتاح.,خرر,فَعْلَلَةٌ,roots-4662:خرر:المحكم — المعاني,roots-4662:خرر:مقاييس — المحور,roots-4662:خرر:الأساس — المجاز,خَرْخَرَة,APPROVED,,يُذكر في بعض المعاجم رباعياً في مادة مستقلة | WAZN_L2_005 ← فَعْلَلٌ
AR03472,بَطْبَطَة,مصدر,850,9679,صوتُ البطّ المعروف.,بطط,فَعْلَلَةٌ,v21:بطط:المحكم — المعاني,v21:بطط:مقاييس — المحور,,بَطْبَطَة,APPROVED,,حكاية صوت يغلب ورودها في المعاجم الحديثة؛ لم يُتحقَّق ورودها في المعاجم القديمة | WAZN_L2_005 ← فَعْلَلٌ
AR03474,حَشْرَجَة,مصدر,850,9681,صوتٌ خشن يتردّد في الحلق.,حشرج,فَعْلَلَةٌ,,,,حَشْرَجَة,APPROVED,,WAZN_L2_005 ← فَعْلَلٌ
AR03475,زَئِير,مصدر,850,9682,صوتُ الأسد الغليظ الممتدّ.,زءر,فَعِيلٌ,roots-4662:زءر:المحكم — المعاني,roots-4662:زءر:مقاييس — المحور,roots-4662:زءر:الأساس — المجاز,زَئِير,APPROVED,,
AR03478,نَشِيش,مصدر,850,9687,صوتُ الطعام أو الماء على النار الحامية.,نشش,فَعِيلٌ,roots-4662:نشش:المحكم — المعاني,roots-4662:نشش:مقاييس — النص,,نَشِيش,APPROVED,,
AR03481,لَطْمَة,اسم مرة,850,9688,ضربةٌ على الوجه بالكفّ مبسوطة أو صوتها.,لطم,فَعْلَةٌ,roots-4662:لطم:المحكم — المعاني,roots-4662:لطم:مقاييس — المحور,roots-4662:لطم:الأساس — المجاز,لَطْمَة,APPROVED,,اسم المرة | WAZN_L2_005 ← فَعْلٌ | POS_L2_007:ISM_MARRA (من نص الملاحظة)
AR03483,غَطِيط,مصدر,850,9692,صوتُ النائم يتردّد نفَسُه في حلقه.,غطط,فَعِيلٌ,roots-4662:غطط:المحكم — المعاني,roots-4662:غطط:مقاييس — النص,,غَطِيط,APPROVED,,
AR03484,نَخِير,مصدر,850,9693,صوتٌ يخرج من الأنف بدفع النفَس بقوّة.,نخر,فَعِيلٌ,roots-4662:نخر:المحكم — المعاني,roots-4662:نخر:مقاييس — المحور,roots-4662:نخر:الأساس — المجاز,نَخِير,APPROVED,,
AR03485,نَشِيج,مصدر,850,9694,صوتُ الباكي يتردّد في صدره.,نشج,فَعِيلٌ,roots-4662:نشج:المحكم — المعاني,roots-4662:نشج:مقاييس — المحور,roots-4662:نشج:الأساس — المجاز,نَشِيج,APPROVED,,
AR03486,نَحِيب,مصدر,850,9694,بكاءٌ بصوت عالٍ متقطّع.,نحب,فَعِيلٌ,roots-4662:نحب:المحكم — المعاني,roots-4662:نحب:مقاييس — المحور,roots-4662:نحب:الأساس — المجاز,نَحِيب,APPROVED,,
AR03489,وَجْبَة,اسم مرة,850,9698,صوتُ سقوط شيء ثقيل.,وجب,فَعْلَةٌ,roots-4662:وجب:المحكم — المعاني,roots-4662:وجب:مقاييس — المحور,roots-4662:وجب:الأساس — المجاز,وَجْبَة,APPROVED,,اسم المرة | WAZN_L2_005 ← فَعْلٌ | POS_L2_007:ISM_MARRA (من نص الملاحظة)
AR03491,رَعْد,مصدر,850,9700,الصوت الذي يُسمع في السحاب عقب البرق.,رعد,فَعْلٌ,roots-4662:رعد:المحكم — المعاني,roots-4662:رعد:مقاييس — المحور,roots-4662:رعد:الأساس — المجاز,رَعْد,APPROVED,,
AR03493,دَقَّة,اسم مرة,850,9703,صوتُ ضربة واحدة من الجرس.,دقق,فَعْلَةٌ,roots-4662:دقق:المحكم — المعاني,roots-4662:دقق:مقاييس — المحور,roots-4662:دقق:الأساس — المجاز,دَقَّة,APPROVED,,اسم المرة | WAZN_L2_005 ← فَعْلٌ | POS_L2_007:ISM_MARRA (من نص الملاحظة)
AR03494,تَغْرِيد,مصدر,850,9705,صوتُ الطائر المترنّم.,غرد,تَفْعِيلٌ,roots-4662:غرد:المحكم — المعاني,roots-4662:غرد:مقاييس — المحور,,تَغْرِيد,APPROVED,,
AR03495,سَقْسَقَة,مصدر,850,9706,صوتُ الطائر الصغير الرقيق المتتابع.,سقق,فَعْلَلَةٌ,,,,سَقْسَقَة,APPROVED,,يُذكر في بعض المعاجم رباعياً في مادة مستقلة | WAZN_L2_005 ← فَعْلَلٌ
AR03497,وَلْوَلَة,مصدر,850,9707,صياحٌ ممتدّ بالويل والبكاء.,ولول,فَعْلَلَةٌ,v21:ولول:المحكم — المعاني,,v21:ولول:الأساس — المجاز,وَلْوَلَة,APPROVED,,يُذكر في بعض المعاجم رباعياً في مادة مستقلة | WAZN_L2_005 ← فَعْلَلٌ | L2_011 root ولل→ولول
AR03498,ضُغَاء,مصدر,850,9708,صوتُ الحيوان الضعيف المتضرّع.,ضغو,فُعَالٌ,v21:ضغو:المحكم — المعاني,,v21:ضغو:الأساس — المجاز,ضُغَاء,APPROVED,,
AR03507,فَرْقَعَة,مصدر,850,10909,صوتٌ حادّ مفاجئ من انشقاق أو انفجار.,فرقع,فَعْلَلَةٌ,,,,فَرْقَعَة,APPROVED,,WAZN_L2_005 ← فَعْلَلٌ
AR03509,قَرْقَرَة,مصدر,850,,صوتُ البطن أو الماء يتردّد في جوف.,قرر,فَعْلَلَةٌ,roots-4662:قرر:المحكم — المعاني,roots-4662:قرر:مقاييس — المحور,roots-4662:قرر:الأساس — المجاز,قَرْقَرَة,APPROVED,,AR_ONLY | WAZN_L2_005 ← فَعْلَلٌ
AR03511,زَادَ,فعل,43,673,أردف كلامه بقول آخر.,زيد,فَعَلَ,roots-4662:زيد:المحكم — المعاني,roots-4662:زيد:مقاييس — المحور,roots-4662:زيد:الأساس — المجاز,زَادَ,APPROVED,,معتل العين
AR03512,خَاطَبَ,فعل,43,675,وجّه الكلام إلى غيره مشافهة أو كتابة.,خطب,فَاعَلَ,roots-4662:خطب:المحكم — المعاني,roots-4662:خطب:مقاييس — المحور,roots-4662:خطب:الأساس — المجاز,خَاطَبَ,APPROVED,,
AR03514,إِقْرَار,مصدر,43,676;703;11329;12375,إثبات المرء حقاً أو أمراً والإذعان به.,قرر,إِفْعَالٌ,roots-4662:قرر:المحكم — المعاني,roots-4662:قرر:مقاييس — المحور,roots-4662:قرر:الأساس — المجاز,إِقْرَار,APPROVED,,
AR03515,اِدِّعَاء,مصدر,43,681;696,قول يُنسب فيه أمر إلى أحد دون بيّنة.,دعو,اِفْتِعَالٌ,roots-4662:دعو:المحكم — المعاني,roots-4662:دعو:مقاييس — النص,roots-4662:دعو:الأساس — المجاز,اِدِّعَاء,APPROVED,,أصله اِدْتِعاء | WAZN ← L2_006 مص من اِفْتَعَلَ
AR03516,زَعْم,مصدر,43,681;696;711,قول يُدّعى صدقه ولا يقوم عليه دليل.,زعم,فَعْلٌ,roots-4662:زعم:المحكم — المعاني,roots-4662:زعم:مقاييس — المحور,roots-4662:زعم:الأساس — المجاز,زَعْم,APPROVED,,
AR03517,اِدَّعَى,فعل,43,682;697;735,نسب إلى غيره أمراً مذموماً دون بيّنة.,دعو,اِفْتَعَلَ,roots-4662:دعو:المحكم — المعاني,roots-4662:دعو:مقاييس — النص,roots-4662:دعو:الأساس — المجاز,اِدَّعَى,APPROVED,,أصله اِدْتَعَى
AR03518,زَعَمَ,فعل,43,682;697;710,قال قولاً يدّعي صحته ولا يقيم عليه دليلاً.,زعم,فَعَلَ,roots-4662:زعم:المحكم — المعاني,roots-4662:زعم:مقاييس — المحور,roots-4662:زعم:الأساس — المجاز,زَعَمَ,APPROVED,,
AR03520,أَذَاعَ,فعل,43,683;733,نشر الخبر وأشاعه بين الناس.,ذيع,أَفْعَلَ,roots-4662:ذيع:المحكم — المعاني,roots-4662:ذيع:مقاييس — المحور,roots-4662:ذيع:الأساس — المجاز,أَذَاعَ,APPROVED,,معتل العين
AR03526,قَرَّرَ,فعل,43,689;753,ذكر الأمر مثبتاً له على وجه الحسم.,قرر,فَعَّلَ,roots-4662:قرر:المحكم — المعاني,roots-4662:قرر:مقاييس — المحور,roots-4662:قرر:الأساس — المجاز,قَرَّرَ,APPROVED,,
AR03528,أَقَرَّ,فعل,43,690;12309;15585,اعترف بالأمر وأثبته.,قرر,أَفْعَلَ,roots-4662:قرر:المحكم — المعاني,roots-4662:قرر:مقاييس — المحور,roots-4662:قرر:الأساس — المجاز,أَقَرَّ,APPROVED,,يتعدّى بالباء
AR03530,نَبَّهَ,فعل,43,695,لفت غيره بقوله إلى أمر ينبغي أن يحترس منه.,نبه,فَعَّلَ,roots-4662:نبه:المحكم — المعاني,roots-4662:نبه:مقاييس — المحور,roots-4662:نبه:الأساس — المجاز,نَبَّهَ,APPROVED,,
AR03533,تَسْلِيم,مصدر,43,703,إقرار بأمر على كره أو بعد مدافعة.,سلم,تَفْعِيلٌ,roots-4662:سلم:المحكم — المعاني,roots-4662:سلم:مقاييس — المحور,roots-4662:سلم:الأساس — المجاز,تَسْلِيم,APPROVED,,يتعدّى بالباء
AR03534,تَخْمِين,مصدر,43,708,قول بالظنّ مبني على معلومات ناقصة.,خمن,تَفْعِيلٌ,roots-4662:خمن:المحكم — المعاني,,,تَخْمِين,APPROVED,,
AR03537,خَمَّنَ,فعل,43,709;8480,قال قولاً بالظنّ والتقدير.,خمن,فَعَّلَ,roots-4662:خمن:المحكم — المعاني,,,خَمَّنَ,APPROVED,,
AR03539,ذَهَبَ إِلَى,تركيب,43,710;728,قال برأي وتبنّاه محتجّاً له.,,,,,,ذَهَبَ إِلَى,APPROVED,,
AR03540,دَعْوَى,اسم مصدر,43,711,قول يزعم صاحبه صحته.,دعو,فَعْلَى (للتأنيث),roots-4662:دعو:المحكم — المعاني,roots-4662:دعو:مقاييس — النص,roots-4662:دعو:الأساس — المجاز,دَعْوَى,APPROVED,,POS_L2_007:ISM_MASDAR
AR03543,إِنْكَار,مصدر,43,715,نفي صحة قول أو أمر.,نكر,إِفْعَالٌ,roots-4662:نكر:المحكم — المعاني,roots-4662:نكر:مقاييس — المحور,,إِنْكَار,APPROVED,,
AR03544,نَفْي,مصدر,43,715,قول يُبطَل به ما ادُّعي.,نفي,فَعْلٌ,roots-4662:نفي:المحكم — المعاني,roots-4662:نفي:مقاييس — المحور,,نَفْي,APPROVED,,
AR03545,هَتَفَ,فعل,43,718,رفع صوته بالكلام فجأة.,هتف,فَعَلَ,roots-4662:هتف:المحكم — المعاني,roots-4662:هتف:مقاييس — النص,,هَتَفَ,APPROVED,,
AR03547,هُتَاف,مصدر,43,719,كلام يُرفع به الصوت فجأة.,هتف,فُعَالٌ,roots-4662:هتف:المحكم — المعاني,roots-4662:هتف:مقاييس — النص,,هُتَاف,APPROVED,,
AR03549,وَضَّحَ,فعل,43,720,جعل الأمر جلياً بالبيان.,وضح,فَعَّلَ,roots-4662:وضح:المحكم — المعاني,roots-4662:وضح:مقاييس — المحور,roots-4662:وضح:الأساس — المجاز,وَضَّحَ,APPROVED,,
AR03552,أَلَحَّ,فعل,43,725,كرّر القول وداوم عليه بشدة.,لحح,أَفْعَلَ,roots-4662:لحح:المحكم — المعاني,roots-4662:لحح:مقاييس — المحور,roots-4662:لحح:الأساس — المجاز,أَلَحَّ,APPROVED,,
AR03553,ذِكْر,مصدر,43,729,إجراء اسم شيء أو أمر على اللسان.,ذكر,فِعْلٌ,roots-4662:ذكر:المحكم — المعاني,roots-4662:ذكر:مقاييس — المحور,roots-4662:ذكر:الأساس — المجاز,ذِكْر,APPROVED,,
AR03555,ذَكَرَ,فعل,43,730;753,أجرى ذكر الشيء على لسانه.,ذكر,فَعَلَ,roots-4662:ذكر:المحكم — المعاني,roots-4662:ذكر:مقاييس — المحور,roots-4662:ذكر:الأساس — المجاز,ذَكَرَ,APPROVED,,
AR03557,وَعَظَ,فعل,43,732,ألقى على جماعة كلاماً دينياً يذكّرهم ويرقّق قلوبهم.,وعظ,فَعَلَ,roots-4662:وعظ:المحكم — المعاني,roots-4662:وعظ:مقاييس — النص,,وَعَظَ,APPROVED,,
AR03558,خَطَبَ,فعل,43,732,ألقى على جماعة كلاماً في شأن ديني أو عام.,خطب,فَعَلَ,roots-4662:خطب:المحكم — المعاني,roots-4662:خطب:مقاييس — المحور,roots-4662:خطب:الأساس — المجاز,خَطَبَ,APPROVED,,
AR03560,اِقْتِرَاح,مصدر,43,738;740,رأي أو خطة تُعرض على الغير للنظر فيها.,قرح,اِفْتِعَالٌ,roots-4662:قرح:المحكم — المعاني,roots-4662:قرح:مقاييس — المحور,roots-4662:قرح:الأساس — المجاز,اِقْتِرَاح,APPROVED,,WAZN ← L2_006 مص من اِفْتَعَلَ
AR03561,اِقْتَرَحَ,فعل,43,739;755,عرض رأياً أو خطة على غيره للنظر فيها.,قرح,اِفْتَعَلَ,roots-4662:قرح:المحكم — المعاني,roots-4662:قرح:مقاييس — المحور,roots-4662:قرح:الأساس — المجاز,اِقْتَرَحَ,APPROVED,,
AR03564,أَعَادَ التَّأْكِيد,تركيب,43,741,أكّد الأمر مرة أخرى بقوة.,,,,,,أَعَادَ التَّأْكِيد,APPROVED,,
AR03565,رَوَى,فعل,43,742;744;15385,نقل الخبر أو الحادثة وحدّث بها.,روي,فَعَلَ,roots-4662:روي:المحكم — المعاني,roots-4662:روي:مقاييس — المحور,roots-4662:روي:الأساس — المجاز,رَوَى,APPROVED,,
AR03567,سَرَدَ,فعل,43,742,ساق الحديث متتابعاً.,سرد,فَعَلَ,roots-4662:سرد:المحكم — المعاني,roots-4662:سرد:مقاييس — المحور,roots-4662:سرد:الأساس — المجاز,سَرَدَ,APPROVED,,
AR03568,كَرَّرَ,فعل,43,743,أعاد القول مرة بعد مرة.,كرر,فَعَّلَ,roots-4662:كرر:المحكم — المعاني,roots-4662:كرر:مقاييس — المحور,,كَرَّرَ,APPROVED,,
AR03569,رَدَّدَ,فعل,43,743,أعاد القول مرات متوالية.,ردد,فَعَّلَ,roots-4662:ردد:المحكم — المعاني,roots-4662:ردد:مقاييس — المحور,roots-4662:ردد:الأساس — المجاز,رَدَّدَ,APPROVED,,
AR03570,مُلَاحَظَة,مصدر,43,745,كلام يُبدى فيه رأي أو انطباع عرضاً.,لحظ,مُفَاعَلَةٌ,roots-4662:لحظ:المحكم — المعاني,roots-4662:لحظ:مقاييس — المحور,roots-4662:لحظ:الأساس — المجاز,مُلَاحَظَة,APPROVED,,WAZN ← L2_006 مص من فَاعَلَ
AR03571,تَقْرِير,مصدر,43,747,بيان مكتوب أو منطوق يُعرض فيه أمر بعد بحث أو نظر.,قرر,تَفْعِيلٌ,roots-4662:قرر:المحكم — المعاني,roots-4662:قرر:مقاييس — المحور,roots-4662:قرر:الأساس — المجاز,تَقْرِير,APPROVED,,
AR03573,أَفَادَ,فعل,43,748,نقل خبراً عن أمر قولاً أو كتابة.,فيد,أَفْعَلَ,roots-4662:فيد:المحكم — المعاني,roots-4662:فيد:مقاييس — النص,,أَفَادَ,APPROVED,,معتل العين
AR03574,نَقَلَ,فعل,43,748,حدّث بخبر سمعه أو علمه.,نقل,فَعَلَ,roots-4662:نقل:المحكم — المعاني,roots-4662:نقل:مقاييس — المحور,roots-4662:نقل:الأساس — المجاز,نَقَلَ,APPROVED,,
AR03575,قَالَ,فعل,43,751,نطق بكلام يؤدّي به معنى أو خبراً أو رأياً.,قول,فَعَلَ,roots-4662:قول:المحكم — المعاني,roots-4662:قول:مقاييس — المحور,,قَالَ,APPROVED,,معتل العين
AR03576,تَكَلَّمَ,فعل,43,752;756,نطق بالكلام.,كلم,تَفَعَّلَ,roots-4662:كلم:المحكم — المعاني,roots-4662:كلم:مقاييس — المحور,roots-4662:كلم:الأساس — المجاز,تَكَلَّمَ,APPROVED,,
AR03577,نَطَقَ,فعل,43,752,تلفّظ بالكلام.,نطق,فَعَلَ,roots-4662:نطق:المحكم — المعاني,roots-4662:نطق:مقاييس — المحور,roots-4662:نطق:الأساس — المجاز,نَطَقَ,APPROVED,,
AR03578,قَوْل,مصدر,43,754,كلام يُعبَّر به عن معنى أو رأي.,قول,فَعْلٌ,roots-4662:قول:المحكم — المعاني,roots-4662:قول:مقاييس — المحور,,قَوْل,APPROVED,,
AR03580,كَتَبَ,فعل,43,758,دوّن كلاماً يبلّغ به غيره.,كتب,فَعَلَ,roots-4662:كتب:المحكم — المعاني,roots-4662:كتب:مقاييس — المحور,roots-4662:كتب:الأساس — المجاز,كَتَبَ,APPROVED,,
AR03582,إِلْحَاح,مصدر,43,6204,المداومة على القول بشدة.,لحح,إِفْعَالٌ,roots-4662:لحح:المحكم — المعاني,roots-4662:لحح:مقاييس — المحور,roots-4662:لحح:الأساس — المجاز,إِلْحَاح,APPROVED,,
AR03584,تَوْضِيح,مصدر,43,6213,جعل الأمر جلياً بالبيان.,وضح,تَفْعِيلٌ,roots-4662:وضح:المحكم — المعاني,roots-4662:وضح:مقاييس — المحور,roots-4662:وضح:الأساس — المجاز,تَوْضِيح,APPROVED,,
AR03587,نَوَّهَ,فعل,43,13288,ذكر أمراً عرضاً في كلامه.,نوه,فَعَّلَ,roots-4662:نوه:المحكم — المعاني,roots-4662:نوه:مقاييس — المحور,,نَوَّهَ,APPROVED,,يتعدّى بإلى أو بالباء
AR03588,نَفَى,فعل,43,13774,أنكر صحة قول أو تهمة.,نفي,فَعَلَ,roots-4662:نفي:المحكم — المعاني,roots-4662:نفي:مقاييس — المحور,,نَفَى,APPROVED,,
AR03589,فَنَّدَ,فعل,43,13774,أبطل القول وبيّن خطأه.,فند,فَعَّلَ,roots-4662:فند:المحكم — المعاني,roots-4662:فند:مقاييس — المحور,roots-4662:فند:الأساس — المجاز,فَنَّدَ,APPROVED,,
AR03590,وَصَفَ,فعل,43,13781,ذكر صفات الشيء وأحواله بالتفصيل.,وصف,فَعَلَ,roots-4662:وصف:المحكم — المعاني,roots-4662:وصف:مقاييس — المحور,roots-4662:وصف:الأساس — المجاز,وَصَفَ,APPROVED,,
AR03592,رِسَالَة,اسم مصدر,43,14565,كلام يُبلَّغ إلى الغير يعبّر عن معنى أو شعور.,رسل,فِعَالَةٌ,roots-4662:رسل:المحكم — المعاني,roots-4662:رسل:مقاييس — المحور,roots-4662:رسل:الأساس — المجاز,رِسَالَة,APPROVED,,POS_L2_007:ISM_MASDAR | WAZN_L2_005 ← فِعَالٌ
AR03593,فَصَّلَ,فعل,43,14605,بيّن الأمر بأجزائه ودقائقه.,فصل,فَعَّلَ,roots-4662:فصل:المحكم — المعاني,roots-4662:فصل:مقاييس — النص,,فَصَّلَ,APPROVED,,
AR03594,قَصَّ,فعل,43,15385,روى القصة أو الخبر على وجهه.,قصص,فَعَلَ,roots-4662:قصص:المحكم — المعاني,roots-4662:قصص:مقاييس — المحور,roots-4662:قصص:الأساس — المجاز,قَصَّ,APPROVED,,
AR03595,سَلَّمَ,فعل,43,15585,أقرّ بصحة أمر بعد مدافعة.,سلم,فَعَّلَ,roots-4662:سلم:المحكم — المعاني,roots-4662:سلم:مقاييس — المحور,roots-4662:سلم:الأساس — المجاز,سَلَّمَ,APPROVED,,يتعدّى بالباء
AR03597,تَنْبِيه,مصدر,43,17435,كلام يلفت إلى أمر ينبغي الاحتراس منه.,نبه,تَفْعِيلٌ,roots-4662:نبه:المحكم — المعاني,roots-4662:نبه:مقاييس — المحور,roots-4662:نبه:الأساس — المجاز,تَنْبِيه,APPROVED,,
AR03599,أَفْصَحَ,فعل,43,,أبان عن مراده بكلام واضح.,فصح,أَفْعَلَ,roots-4662:فصح:المحكم — المعاني,roots-4662:فصح:مقاييس — المحور,,أَفْصَحَ,APPROVED,,AR_ONLY؛ يتعدّى بعن
AR03600,نَصَّ,فعل,43,,ذكر الأمر صريحاً في كلامه أو كتابه.,نصص,فَعَلَ,roots-4662:نصص:المحكم — المعاني,roots-4662:نصص:مقاييس — المحور,roots-4662:نصص:الأساس — المجاز,نَصَّ,APPROVED,,AR_ONLY؛ يتعدّى بعلى
AR03602,أَدْلَى,فعل,43,,قدّم قوله أو شهادته أو تصريحه.,دلو,أَفْعَلَ,roots-4662:دلو:المحكم — المعاني,,,أَدْلَى,APPROVED,,AR_ONLY؛ يتعدّى بالباء
AR03603,سارّ,اسم فاعل,364,6299;6356;10352,ما يُدخِل السرور والرضا على نفس من يتلقاه.,سرر,فَاعِلٌ,roots-4662:سرر:المحكم — المعاني,roots-4662:سرر:مقاييس — النص,roots-4662:سرر:الأساس — المجاز,سارّ,APPROVED,,
AR03606,مُفْزِع,اسم فاعل,364,6304;6369,ما يبعث الفزع والذعر في النفس.,فزع,مُفْعِلٌ,roots-4662:فزع:المحكم — المعاني,roots-4662:فزع:مقاييس — المحور,,مُفْزِع,APPROVED,,WAZN ← L2_006 فا من أَفْعَلَ
AR03607,مُقْلِق,اسم فاعل,364,6304;6305;6332;6334;6378;6385;6406;6408;6439,ما يبعث القلق والاضطراب في النفس.,قلق,مُفْعِلٌ,roots-4662:قلق:المحكم — المعاني,roots-4662:قلق:مقاييس — المحور,,مُقْلِق,APPROVED,,WAZN ← L2_006 فا من أَفْعَلَ
AR03608,مُثِير لِلْقَلَق,تركيب,364,6305,ما يحمل على القلق والتوجّس.,,,,,,مُثِير لِلْقَلَق,APPROVED,,
AR03609,مُؤْلِم,اسم فاعل,364,6306;6335;6385,ما يوقع في النفس أو البدن ألماً شديداً.,ءلم,مُفْعِلٌ,v21:ألم:المحكم — المعاني,v21:ألم:مقاييس — المحور,,مُؤْلِم,APPROVED,,WAZN ← L2_006 فا من أَفْعَلَ
AR03611,مُرِيح,اسم فاعل,364,6307;6343;6352;6396;6397,ما يبعث في النفس الراحة والسكون.,روح,مُفْعِلٌ,roots-4662:روح:المحكم — المعاني,roots-4662:روح:مقاييس — المحور,roots-4662:روح:الأساس — المجاز,مُرِيح,APPROVED,,WAZN ← L2_006 فا من أَفْعَلَ
AR03612,مُطَمْئِن,اسم فاعل,364,6307;6352,ما يُسكّن النفس ويُذهب عنها الخوف والقلق.,طمءن,مُفَعْلِلٌ,v21:طمأن:المحكم — المعاني,,,مُطَمْئِن,APPROVED,,WAZN ← L2_006 فا من فَعْلَلَ
AR03613,مُغِيظ,اسم فاعل,364,6308;6317;6318;6346;6376,ما يملأ الصدر غيظاً وحنقاً.,غيظ,مُفْعِلٌ,roots-4662:غيظ:المحكم — المعاني,roots-4662:غيظ:مقاييس — المحور,roots-4662:غيظ:الأساس — المجاز,مُغِيظ,APPROVED,,WAZN ← L2_006 فا من أَفْعَلَ
AR03614,مُسْتَفِزّ,اسم فاعل,364,6308;6374;6375,ما يستثير الغضب ويُخرج المرء عن هدوئه.,فزز,مُسْتَفْعِلٌ,roots-4662:فزز:المحكم — المعاني,roots-4662:فزز:مقاييس — المحور,,مُسْتَفِزّ,APPROVED,,WAZN ← L2_006 فا من اِسْتَفْعَلَ
AR03615,مُرْعِب,اسم فاعل,364,6311;6348;6368;7198,ما يملأ القلب رعباً وخوفاً شديداً.,رعب,مُفْعِلٌ,roots-4662:رعب:المحكم — المعاني,roots-4662:رعب:مقاييس — المحور,roots-4662:رعب:الأساس — المجاز,مُرْعِب,APPROVED,,WAZN ← L2_006 فا من أَفْعَلَ
AR03616,مُرَوِّع,اسم فاعل,364,6311;6342;6347;6366;6370;6392;6508;7197,ما يُفزع النفس ويهولها هولاً شديداً.,روع,مُفَعِّلٌ,roots-4662:روع:المحكم — المعاني,roots-4662:روع:مقاييس — المحور,roots-4662:روع:الأساس — المجاز,مُرَوِّع,APPROVED,,WAZN ← L2_006 فا من فَعَّلَ
AR03617,مُخِيف,اسم فاعل,364,6311;6348;6369,ما يبعث الخوف في النفس.,خوف,مُفْعِلٌ,roots-4662:خوف:المحكم — المعاني,roots-4662:خوف:مقاييس — المحور,roots-4662:خوف:الأساس — المجاز,مُخِيف,APPROVED,,WAZN ← L2_006 فا من أَفْعَلَ
AR03618,مُثِير لِلشَّفَقَة,تركيب,364,6314;6315,ما يستدعي الرحمة والإشفاق لضعفه أو سوء حاله.,,,,,,مُثِير لِلشَّفَقَة,APPROVED,,
AR03619,يُرْثَى لَهُ,تركيب,364,6314;6315,ما بلغ من سوء الحال حداً يستدعي الرثاء والإشفاق.,,,,,,يُرْثَى لَهُ,APPROVED,,
AR03620,مُزْعِج,اسم فاعل,364,6317;6319;6325;6353;6373;6374;6377;6380;6381;6382;6408,ما يُقلق راحة النفس ويضايقها.,زعج,مُفْعِلٌ,roots-4662:زعج:المحكم — المعاني,roots-4662:زعج:مقاييس — المحور,,مُزْعِج,APPROVED,,WAZN ← L2_006 فا من أَفْعَلَ
AR03622,مُكَدِّر,اسم فاعل,364,6319;6331;6353;6377,ما يعكّر صفو النفس ويُدخل عليها الغمّ.,كدر,مُفَعِّلٌ,roots-4662:كدر:المحكم — المعاني,roots-4662:كدر:مقاييس — المحور,roots-4662:كدر:الأساس — المجاز,مُكَدِّر,APPROVED,,WAZN ← L2_006 فا من فَعَّلَ
AR03623,مُقَزِّز,اسم فاعل,364,6320;6344;13758,ما يبعث في النفس الاشمئزاز والتقزّز.,قزز,مُفَعِّلٌ,,roots-4662:قزز:مقاييس — النص,,مُقَزِّز,APPROVED,,WAZN ← L2_006 فا من فَعَّلَ
AR03624,مُنَفِّر,اسم فاعل,364,6320;6344;6351;6386;6665,ما يحمل النفس على النفور منه والابتعاد عنه.,نفر,مُفَعِّلٌ,roots-4662:نفر:المحكم — المعاني,roots-4662:نفر:مقاييس — المحور,roots-4662:نفر:الأساس — المجاز,مُنَفِّر,APPROVED,,WAZN ← L2_006 فا من فَعَّلَ
AR03629,أَوْغَرَ,فعل,364,6323,أحمى الصدرَ بالحقد والضغينة حتى امتلأ مرارةً.,وغر,أَفْعَلَ,roots-4662:وغر:المحكم — المعاني,roots-4662:وغر:مقاييس — المحور,,أَوْغَرَ,APPROVED,,
AR03631,مُرْبِك,اسم فاعل,364,6324;6332;6333;6345;6393;6394;6399;6406;6528,ما يُوقع المرء في الارتباك والاضطراب.,ربك,مُفْعِلٌ,roots-4662:ربك:المحكم — المعاني,roots-4662:ربك:مقاييس — المحور,roots-4662:ربك:الأساس — المجاز,مُرْبِك,APPROVED,,WAZN ← L2_006 فا من أَفْعَلَ
AR03632,مُنَغِّص,اسم فاعل,364,6325;6381,ما يُكدّر العيش ويُفسد هناءته.,نغص,مُفَعِّلٌ,roots-4662:نغص:المحكم — المعاني,roots-4662:نغص:مقاييس — المحور,,مُنَغِّص,APPROVED,,WAZN ← L2_006 فا من فَعَّلَ
AR03633,فاتِن,اسم فاعل,364,6327;6395;6398;6410,ما يستميل القلوب بحسنه ويفتنها.,فتن,فَاعِلٌ,roots-4662:فتن:المحكم — المعاني,roots-4662:فتن:مقاييس — المحور,,فاتِن,APPROVED,,
AR03636,مُفْرِح,اسم فاعل,364,6329;6356,ما يُدخل الفرح على النفس.,فرح,مُفْعِلٌ,roots-4662:فرح:المحكم — المعاني,roots-4662:فرح:مقاييس — المحور,,مُفْرِح,APPROVED,,WAZN ← L2_006 فا من أَفْعَلَ
AR03637,مُخَيِّب لِلْآمال,تركيب,364,6330;6405,ما يأتي على خلاف المرجوّ فيُذهب الأمل.,,,,,,مُخَيِّب لِلْآمال,APPROVED,,
AR03642,مُذْهِل,اسم فاعل,364,6338;6390;6391;6459;7653;10354;11204,ما يبلغ من الغرابة حدّاً يُذهل العقل.,ذهل,مُفْعِلٌ,roots-4662:ذهل:المحكم — المعاني,roots-4662:ذهل:مقاييس — المحور,,مُذْهِل,APPROVED,,WAZN ← L2_006 فا من أَفْعَلَ
AR03643,مُدْهِش,اسم فاعل,364,6338;6349;6390;6459;7653,ما يبعث الدهشة والعجب.,دهش,مُفْعِلٌ,roots-4662:دهش:المحكم — المعاني,roots-4662:دهش:مقاييس — النص,,مُدْهِش,APPROVED,,WAZN ← L2_006 فا من أَفْعَلَ
AR03645,لاذِع,اسم فاعل,364,6340,ما يؤلم النفس بحدّته كما تلذع النار.,لذع,فَاعِلٌ,roots-4662:لذع:المحكم — المعاني,roots-4662:لذع:مقاييس — المحور,,لاذِع,APPROVED,,
AR03647,مُحَفِّز,اسم فاعل,364,6341,ما يستحثّ النشاط ويبعث على الإقبال.,حفز,مُفَعِّلٌ,v21:حفز:المحكم — المعاني,v21:حفز:مقاييس — المحور,,مُحَفِّز,APPROVED,,WAZN ← L2_006 فا من فَعَّلَ
AR03648,مُفاجِئ,اسم فاعل,364,6342;6349,ما يأتي على غير توقّع فيُباغت النفس.,فجء,مُفَاعِلٌ,roots-4662:فجء:المحكم — المعاني,,,مُفاجِئ,APPROVED,,
AR03649,مُهَدِّئ,اسم فاعل,364,6343;6396;6397;6436;6437,ما يُسكّن الاضطراب ويبعث الطمأنينة.,هدء,مُفَعِّلٌ,roots-4662:هدء:المحكم — المعاني,,roots-4662:هدء:الأساس — المجاز,مُهَدِّئ,APPROVED,,WAZN ← L2_006 فا من فَعَّلَ
AR03651,مُغْضِب,اسم فاعل,364,6346;6375,ما يثير الغضب.,غضب,مُفْعِلٌ,roots-4662:غضب:المحكم — المعاني,roots-4662:غضب:مقاييس — المحور,roots-4662:غضب:الأساس — المجاز,مُغْضِب,APPROVED,,WAZN ← L2_006 فا من أَفْعَلَ
AR03654,كَرِيه,صفة مشبهة,364,6351;6363;6647;6665;13758,ما تكرهه النفس وتنفر منه.,كره,فَعِيلٌ,roots-4662:كره:المحكم — المعاني,roots-4662:كره:مقاييس — المحور,roots-4662:كره:الأساس — المجاز,كَرِيه,APPROVED,,
AR03655,غَيْر سارّ,تركيب,364,6354;6363,ما لا يُدخل على النفس سروراً بل يبعث الضيق.,,,,,,غَيْر سارّ,APPROVED,,
AR03656,لَطِيف,صفة مشبهة,364,6362;6648;6650,ما يستطيبه المرء ويرتاح إليه.,لطف,فَعِيلٌ,roots-4662:لطف:المحكم — المعاني,roots-4662:لطف:مقاييس — المحور,roots-4662:لطف:الأساس — المجاز,لَطِيف,APPROVED,,
AR03658,مُمْتِع,اسم فاعل,364,6364;6365;6419,ما يجد المرء فيه متعة ولذة.,متع,مُفْعِلٌ,roots-4662:متع:المحكم — المعاني,roots-4662:متع:مقاييس — المحور,roots-4662:متع:الأساس — المجاز,مُمْتِع,APPROVED,,WAZN ← L2_006 فا من أَفْعَلَ
AR03659,لَذِيذ,صفة مشبهة,364,6364,ما تتلذذ به النفس.,لذذ,فَعِيلٌ,roots-4662:لذذ:المحكم — المعاني,roots-4662:لذذ:مقاييس — المحور,,لَذِيذ,APPROVED,,
AR03660,تَقْشَعِرُّ مِنْهُ الأَبْدان,تركيب,364,6366;6367;6368;7198,ما يبلغ من الهول أن يقشعرّ له الجلد خوفاً.,,,,,,تَقْشَعِرُّ مِنْهُ الأَبْدان,APPROVED,,
AR03661,يَشِيبُ لِهَوْلِهِ الوِلْدان,تركيب,364,6367,ما بلغ من الهول والرعب غايةً قصوى.,,,,,,يَشِيبُ لِهَوْلِهِ الوِلْدان,APPROVED,,
AR03662,يُثْلِجُ الصَّدْر,تركيب,364,6371,ما يُدخل على القلب السرور والارتياح.,,,,,,يُثْلِجُ الصَّدْر,APPROVED,,
AR03663,رافِع لِلْمَعْنَوِيّات,تركيب,364,6372,ما يقوّي الروح ويبعث النشاط والتفاؤل.,,,,,,رافِع لِلْمَعْنَوِيّات,APPROVED,,
AR03664,مُهِين,اسم فاعل,364,6376;6379;6481;14951,ما يحطّ من كرامة المرء فيورثه الذلّ والمهانة.,هون,مُفْعِلٌ,roots-4662:هون:المحكم — المعاني,roots-4662:هون:مقاييس — المحور,,مُهِين,APPROVED,,WAZN ← L2_006 فا من أَفْعَلَ
AR03666,مُمِلّ,اسم فاعل,364,6383;6389;6468;6469;6482;6483,ما يورث الملل والسأم لرتابته.,ملل,مُفْعِلٌ,roots-4662:ملل:المحكم — المعاني,roots-4662:ملل:مقاييس — المحور,,مُمِلّ,APPROVED,,WAZN ← L2_006 فا من أَفْعَلَ
AR03667,فَظِيع,صفة مشبهة,364,6392;6664;6738,ما يُستعظَم لشناعته فتنفر منه النفس.,فظع,فَعِيلٌ,roots-4662:فظع:المحكم — المعاني,roots-4662:فظع:مقاييس — النص,,فَظِيع,APPROVED,,
AR03668,ساحِر,اسم فاعل,364,6395;6398;6410;6476,ما يأخذ بالقلوب بجماله كأنه سحر.,سحر,فَاعِلٌ,roots-4662:سحر:المحكم — المعاني,roots-4662:سحر:مقاييس — المحور,roots-4662:سحر:الأساس — المجاز,ساحِر,APPROVED,,
AR03671,كَئِيب,صفة مشبهة,364,6402,ما يبعث الكآبة والانقباض في النفس.,كءب,فَعِيلٌ,roots-4662:كءب:المحكم — المعاني,roots-4662:كءب:مقاييس — المحور,roots-4662:كءب:الأساس — المجاز,كَئِيب,APPROVED,,
AR03672,مُسَلِّي,اسم فاعل,364,6419;6815,ما يشغل النفس بما يؤنسها ويروّح عنها.,سلو,مُفَعِّلٌ,roots-4662:سلو:المحكم — المعاني,roots-4662:سلو:مقاييس — المحور,,مُسَلِّي,APPROVED,,منقوص؛ كُتب بالياء لتجنّب التنوين | WAZN ← L2_006 فا من فَعَّلَ
AR03673,مُنْعِش,اسم فاعل,364,6434;6547,ما يجدّد النشاط ويبعث الحيوية في النفس.,نعش,مُفْعِلٌ,roots-4662:نعش:المحكم — المعاني,roots-4662:نعش:مقاييس — المحور,,مُنْعِش,APPROVED,,WAZN ← L2_006 فا من أَفْعَلَ
AR03674,تَتَفَطَّرُ لَهُ القُلُوب,تركيب,364,6438;6444,ما يبلغ من الفجيعة أن تتصدّع له القلوب حزناً.,,,,,,تَتَفَطَّرُ لَهُ القُلُوب,APPROVED,,
AR03675,مُفْجِع,اسم فاعل,364,6438;6444;6464;6509;7197,ما يوقع في النفس فجيعة وحزناً بالغاً.,فجع,مُفْعِلٌ,roots-4662:فجع:المحكم — المعاني,roots-4662:فجع:مقاييس — النص,,مُفْجِع,APPROVED,,WAZN ← L2_006 فا من أَفْعَلَ
AR03676,مُرْهِق لِلْأَعْصاب,تركيب,364,6439,ما يُثقل النفس بالتوتّر والترقّب.,,,,,,مُرْهِق لِلْأَعْصاب,APPROVED,,
AR03677,مُرْهِق,اسم فاعل,364,6440,ما يُثقل النفس ويُجهدها بالضغط والتوتّر.,رهق,مُفْعِلٌ,roots-4662:رهق:المحكم — المعاني,roots-4662:رهق:مقاييس — المحور,roots-4662:رهق:الأساس — المجاز,مُرْهِق,APPROVED,,WAZN ← L2_006 فا من أَفْعَلَ
AR03679,يَحْبِسُ الأَنْفاس,تركيب,364,6445;6453,ما يشدّ المرء بالترقّب والإثارة حتى كأنه يكتم نفَسه.,,,,,,يَحْبِسُ الأَنْفاس,APPROVED,,
AR03681,مُضْحِك,اسم فاعل,364,6448;6452;6457;6465;6466;6815,ما يبعث على الضحك.,ضحك,مُفْعِلٌ,v21:ضحك:المحكم — المعاني,v21:ضحك:مقاييس — النص,v21:ضحك:الأساس — المجاز,مُضْحِك,APPROVED,,WAZN ← L2_006 فا من أَفْعَلَ
AR03682,غَيْر مُضْحِك,تركيب,364,6450,ما أُريد به الإضحاك فلم يُضحك.,,,,,,غَيْر مُضْحِك,APPROVED,,
AR03683,سَمِج,صفة مشبهة,364,6450,ما ثقل على النفس من مزاح أو قول لا ملاحة فيه.,سمج,فَعِلٌ,roots-4662:سمج:المحكم — المعاني,roots-4662:سمج:مقاييس — المحور,,سَمِج,APPROVED,,
AR03686,مُلْهِب,اسم فاعل,364,6454;6533,ما يُلهب الحماسة ويُضرم المشاعر.,لهب,مُفْعِلٌ,roots-4662:لهب:المحكم — المعاني,roots-4662:لهب:مقاييس — المحور,,مُلْهِب,APPROVED,,WAZN ← L2_006 فا من أَفْعَلَ
AR03687,يَسْتَدِرُّ الدُّمُوع,تركيب,364,6456,ما يُقصد به استجلاب البكاء والتعاطف.,,,,,,يَسْتَدِرُّ الدُّمُوع,APPROVED,,
AR03688,مُزَلْزِل,اسم فاعل,364,6463,ما يهزّ النفوس هزّاً عنيفاً لخطره وجسامته.,زلزل,مُفَعْلِلٌ,,,,مُزَلْزِل,APPROVED,,WAZN ← L2_006 فا من فَعْلَلَ
AR03689,يُضْحِكُ الثَّكْلَى,تركيب,364,6465,ما بلغ في الإضحاك حدّاً يُضحك حتى الحزين.,,,,,,يُضْحِكُ الثَّكْلَى,APPROVED,,
AR03691,غَيْر مُثِير,تركيب,364,6469,ما لا يبعث حماسة ولا اهتماماً.,,,,,,غَيْر مُثِير,APPROVED,,
AR03692,مُثِير لِلْفُضُول,تركيب,364,6473,ما يبعث الرغبة في معرفة كنهه.,,,,,,مُثِير لِلْفُضُول,APPROVED,,
AR03694,مُرْهِب,اسم فاعل,364,6488;13500,ما يبعث الرهبة والخشية في النفس.,رهب,مُفْعِلٌ,roots-4662:رهب:المحكم — المعاني,roots-4662:رهب:مقاييس — المحور,roots-4662:رهب:الأساس — المجاز,مُرْهِب,APPROVED,,WAZN ← L2_006 فا من أَفْعَلَ
AR03695,مَهِيب,اسم مفعول,364,6488;10353;13500,ما يبعث الهيبة والإجلال في النفس.,هيب,مَفْعُولٌ,roots-4662:هيب:المحكم — المعاني,roots-4662:هيب:مقاييس — النص,roots-4662:هيب:الأساس — المجاز,مَهِيب,APPROVED,,WAZN ← SIBAWAYH_EXISTS
AR03697,مُشَوِّش,اسم فاعل,364,6528,ما يخلط على المرء أمره فيضطرب إدراكه.,شوش,مُفَعِّلٌ,,,,مُشَوِّش,APPROVED,,WAZN ← L2_006 فا من فَعَّلَ
AR03703,قُرَّةُ عَيْن,تركيب,364,6771,ما تسكن إليه النفس وتسعد به.,,,,,,قُرَّةُ عَيْن,APPROVED,,
AR03704,مُتْعَة,مصدر,364,6771,ما يستمتع به المرء ويلتذّ.,متع,فُعْلَةٌ,roots-4662:متع:المحكم — المعاني,roots-4662:متع:مقاييس — المحور,roots-4662:متع:الأساس — المجاز,مُتْعَة,APPROVED,,WAZN_L2_005 ← فُعْلٌ
AR03705,إِزْعاج,مصدر,364,6772;6773;6774,ما يكون مصدر ضيق وإقلاق للنفس.,زعج,إِفْعَالٌ,roots-4662:زعج:المحكم — المعاني,roots-4662:زعج:مقاييس — المحور,,إِزْعاج,APPROVED,,
AR03706,كَدَر,مصدر,364,6774,ما يعكّر الصفو ويكون سبباً للغمّ.,كدر,فَعَلٌ,roots-4662:كدر:المحكم — المعاني,roots-4662:كدر:مقاييس — المحور,roots-4662:كدر:الأساس — المجاز,كَدَر,APPROVED,,
AR03708,فارِغ,اسم فاعل,364,10247,ما خلا من المعنى والقيمة فلا يُشبع النفس.,فرغ,فَاعِلٌ,roots-4662:فرغ:المحكم — المعاني,roots-4662:فرغ:مقاييس — المحور,roots-4662:فرغ:الأساس — المجاز,فارِغ,APPROVED,,
AR03712,ثَرِيّ,صفة مشبهة,364,10253;10254,ما كثر تنوّعه وغناه فاستأثر بالاهتمام.,ثرو,فَعِيلٌ,v21:ثرو:المحكم — المعاني,v21:ثرو:مقاييس — النص,,ثَرِيّ,APPROVED,,
AR03713,غَنِيّ,صفة مشبهة,364,10254,ما وفر مضمونه وتعدّدت جوانبه.,غني,فَعِيلٌ,roots-4662:غني:المحكم — المعاني,roots-4662:غني:مقاييس — المحور,roots-4662:غني:الأساس — المجاز,غَنِيّ,APPROVED,,
AR03714,غَيْر مُشْبِع,تركيب,364,10255,ما لا تجد فيه النفس رضاً ولا اكتفاءً.,,,,,,غَيْر مُشْبِع,APPROVED,,
AR03716,يُحَيِّرُ العُقُول,تركيب,364,10354,ما يبلغ من الغرابة حدّاً يعجز العقل عن إدراكه.,,,,,,يُحَيِّرُ العُقُول,APPROVED,,
AR03717,يَخْطَفُ الأَنْفاس,تركيب,364,11204,ما يبلغ من الروعة أن يأخذ بالأنفاس دهشةً.,,,,,,يَخْطَفُ الأَنْفاس,APPROVED,,
AR03719,رائِع,اسم فاعل,364,11205,ما يُعجب النفس بحسنه وإتقانه.,روع,فَاعِلٌ,roots-4662:روع:المحكم — المعاني,roots-4662:روع:مقاييس — المحور,roots-4662:روع:الأساس — المجاز,رائِع,APPROVED,,
AR03720,لافِت,اسم فاعل,364,13707,ما يجذب النظر لبروزه وتميّزه.,لفت,فَاعِلٌ,roots-4662:لفت:المحكم — المعاني,roots-4662:لفت:مقاييس — المحور,roots-4662:لفت:الأساس — المجاز,لافِت,APPROVED,,
AR03721,سِحْر,مصدر,364,13812,قوة الجاذبية التي تستميل القلوب وتفتنها.,سحر,فِعْلٌ,roots-4662:سحر:المحكم — المعاني,roots-4662:سحر:مقاييس — المحور,roots-4662:سحر:الأساس — المجاز,سِحْر,APPROVED,,
AR03723,تَرْفِيه,مصدر,364,14354,ما يُقضى به وقت الفراغ ترويحاً عن النفس.,رفه,تَفْعِيلٌ,roots-4662:رفه:المحكم — المعاني,roots-4662:رفه:مقاييس — المحور,,تَرْفِيه,APPROVED,,
AR03724,تَسْلِيَة,مصدر,364,14354,ما يُتلهّى به في الفراغ طلباً للمتعة.,سلو,تَفْعِلَةٌ,roots-4662:سلو:المحكم — المعاني,roots-4662:سلو:مقاييس — المحور,,تَسْلِيَة,APPROVED,,
AR03725,اِسْتِرْخاء,مصدر,364,14355,زوال التوتّر عن البدن والنفس وسكونهما.,رخو,اِسْتِفْعَالٌ,roots-4662:رخو:المحكم — المعاني,roots-4662:رخو:مقاييس — المحور,,اِسْتِرْخاء,APPROVED,,WAZN ← L2_006 مص من اِسْتَفْعَلَ
AR03726,راحَة,مصدر,364,14355;15205,سكون النفس والبدن بالانقطاع عن العمل والعناء.,روح,فَعْلَةٌ,roots-4662:روح:المحكم — المعاني,roots-4662:روح:مقاييس — المحور,roots-4662:روح:الأساس — المجاز,راحَة,APPROVED,,WAZN_L2_005 ← فَعْلٌ
AR03727,فاتِر,اسم فاعل,364,15559,ما خلا من الحرارة والحماسة فلم يُحرّك شعوراً.,فتر,فَاعِلٌ,roots-4662:فتر:المحكم — المعاني,roots-4662:فتر:مقاييس — المحور,roots-4662:فتر:الأساس — المجاز,فاتِر,APPROVED,,
AR03729,حَيَوِيَّة,مصدر,364,15710,ما في الشيء من نشاط وتنوّع يبعث الاهتمام.,حيي,فَعَلِيَّةٌ,,v21:حيي:مقاييس — النص,v21:حيي:الأساس — المجاز,حَيَوِيَّة,APPROVED,,WAZN ← L2_007 نسبة فَعَلٌ
AR03730,رَوْنَق,اسم جامد,364,15710,بهاء الشيء وحسنه الذي يستوقف النفس.,رنق,فَوْعَلٌ,roots-4662:رنق:المحكم — المعاني,roots-4662:رنق:مقاييس — المحور,roots-4662:رنق:الأساس — المجاز,رَوْنَق,APPROVED,,
AR03731,لَمَسَ وَتَراً,تركيب,364,16262,أثار في النفس استجابة وجدانية عميقة.,,,,,,لَمَسَ وَتَراً,APPROVED,,
AR03732,وَقَعَ في النَّفْسِ مَوْقِعاً,تركيب,364,16262,ترك في النفس أثراً وجدانياً.,,,,,,وَقَعَ في النَّفْسِ مَوْقِعاً,APPROVED,,
AR03738,خَلّاب,اسم فاعل,364,,ما يخلب العقول والقلوب بحسنه.,خلب,فَعَّالٌ,roots-4662:خلب:المحكم — المعاني,roots-4662:خلب:مقاييس — المحور,roots-4662:خلب:الأساس — المجاز,خَلّاب,APPROVED,,AR_ONLY
AR03739,مُوحِش,اسم فاعل,364,,ما يبعث الوحشة والانقباض في النفس.,وحش,مُفْعِلٌ,roots-4662:وحش:المحكم — المعاني,roots-4662:وحش:مقاييس — المحور,,مُوحِش,APPROVED,,AR_ONLY | WAZN ← L2_006 فا من أَفْعَلَ
AR03740,مُخْجِل,اسم فاعل,364,,ما يبعث الخجل والحياء.,خجل,مُفْعِلٌ,roots-4662:خجل:المحكم — المعاني,roots-4662:خجل:مقاييس — المحور,,مُخْجِل,APPROVED,,AR_ONLY | WAZN ← L2_006 فا من أَفْعَلَ
AR03741,يَسُرُّ النّاظِرِين,تركيب,364,,ما يبهج من ينظر إليه بحسنه.,,,,,,يَسُرُّ النّاظِرِين,APPROVED,,AR_ONLY
AR03742,سِفْر,اسم جامد,298,5376,الكتاب الكبير، ولا سيما ما كان من كتب العلم والدين.,سفر,فِعْلٌ,roots-4662:سفر:المحكم — المعاني,roots-4662:سفر:مقاييس — المحور,roots-4662:سفر:الأساس — المجاز,سِفْر,APPROVED,,
AR03744,خَاتِمَة,اسم فاعل,298,5378,القسم الذي يُختَم به الكتاب أو المسرحية تعقيباً على ما سبق.,ختم,فَاعِلَةٌ,roots-4662:ختم:المحكم — المعاني,roots-4662:ختم:مقاييس — المحور,roots-4662:ختم:الأساس — المجاز,خَاتِمَة,APPROVED,,WAZN_L2_005 ← فَاعِلٌ
AR03745,تَذْيِيل,مصدر,298,5378,ما يُلحَق بآخر الكتاب من كلام يُتمّه أو يعقّب عليه.,ذيل,تَفْعِيلٌ,roots-4662:ذيل:المحكم — المعاني,roots-4662:ذيل:مقاييس — المحور,roots-4662:ذيل:الأساس — المجاز,تَذْيِيل,APPROVED,,مصدر استُعمل اسماً للنص الملحق
AR03746,دُعَاء,مصدر,298,5379,كلام يُتوجَّه به إلى الله طلباً للخير والبركة لأحد.,دعو,فُعَالٌ,roots-4662:دعو:المحكم — المعاني,roots-4662:دعو:مقاييس — النص,roots-4662:دعو:الأساس — المجاز,دُعَاء,APPROVED,,
AR03747,لَعْنَة,اسم مرة,298,5380,كلام يُدعى فيه على أحد بالطرد من الرحمة وحلول الشر.,لعن,فَعْلَةٌ,roots-4662:لعن:المحكم — المعاني,roots-4662:لعن:مقاييس — المحور,,لَعْنَة,APPROVED,,اسم مرة | WAZN_L2_005 ← فَعْلٌ | POS_L2_007:ISM_MARRA (من نص الملاحظة)
AR03748,مَدِيح,مصدر,298,5382,كلام منظوم أو منثور يُثنى فيه على أحد ثناءً بالغاً.,مدح,فَعِيلٌ,roots-4662:مدح:المحكم — المعاني,roots-4662:مدح:مقاييس — المحور,,مَدِيح,APPROVED,,
AR03750,سِيرَة ذَاتِيَّة,تركيب,298,5383,كتاب يروي فيه صاحبه أحداث حياته بقلمه.,,,,,,سِيرَة ذَاتِيَّة,APPROVED,,
AR03751,سِيرَة,مصدر,298,5385;16378,كتاب يروي أخبار حياة شخص وأعماله.,سير,فِعْلَةٌ,roots-4662:سير:المحكم — المعاني,roots-4662:سير:مقاييس — المحور,,سِيرَة,APPROVED,,مصدر هيئة استُعمل اسماً للنص | WAZN_L2_005 ← فِعْلٌ
AR03752,تَرْجَمَة,مصدر,298,5385;16378,نصّ يعرّف بشخص فيذكر نسبه ومولده وأحواله وآثاره.,ترجم,فَعْلَلَةٌ,,,,تَرْجَمَة,APPROVED,,بمعنى ترجمة الأعلام في كتب التراجم | WAZN_L2_005 ← فَعْلَلٌ
AR03754,مَلْهَاة,مصدر,298,5387,مسرحية يغلب عليها الطابع الفكاهي الساخر وتنتهي نهاية سعيدة.,لهو,مَفْعَلَةٌ,roots-4662:لهو:المحكم — المعاني,roots-4662:لهو:مقاييس — المحور,roots-4662:لهو:الأساس — المجاز,مَلْهَاة,APPROVED,,مصدر ميمي | WAZN_L2_005 ← مَفْعَلٌ
AR03756,مَسْرَحِيَّة,اسم منسوب,298,5389,نصّ أدبي مكتوب ليُمثَّل على خشبة المسرح.,سرح,مَفْعَلِيَّةٌ,roots-4662:سرح:المحكم — المعاني,roots-4662:سرح:مقاييس — المحور,roots-4662:سرح:الأساس — المجاز,مَسْرَحِيَّة,APPROVED,,POS_L2_007:NISBA | WAZN ← L2_007 نسبة مَفْعَلٌ
AR03757,رِثَاء,مصدر,298,5390,شعر يُبكى فيه الميت وتُعدَّد مناقبه.,رثي,فِعَالٌ,roots-4662:رثي:المحكم — المعاني,roots-4662:رثي:مقاييس — المحور,,رِثَاء,APPROVED,,الجذر في اللسان رثى
AR03758,مَرْثِيَة,مصدر,298,5390,قصيدة يُرثى بها ميت.,رثي,مَفْعِلَةٌ,roots-4662:رثي:المحكم — المعاني,roots-4662:رثي:مقاييس — المحور,,مَرْثِيَة,APPROVED,,مصدر ميمي؛ الجذر في اللسان رثى | WAZN_L2_005 ← مَفْعِلٌ
AR03759,مَلْحَمَة,اسم مكان,298,5391;5412,قصيدة طويلة تروي بطولات الأبطال أو تاريخ أمة.,لحم,مَفْعَلَةٌ,roots-4662:لحم:المحكم — المعاني,roots-4662:لحم:مقاييس — المحور,roots-4662:لحم:الأساس — المجاز,مَلْحَمَة,APPROVED,,POS_L2_007:MAKAN؛ أصلها موضع القتال | WAZN_L2_005 ← مَفْعَلٌ
AR03760,رِسَالَة,مصدر,298,5393;5399;5457;5839;5861;13548,كلام مكتوب يُبعث به من شخص إلى آخر.,رسل,فِعَالَةٌ,roots-4662:رسل:المحكم — المعاني,roots-4662:رسل:مقاييس — المحور,roots-4662:رسل:الأساس — المجاز,رِسَالَة,APPROVED,,مصدر استُعمل اسماً للنص | WAZN_L2_005 ← فِعَالٌ
AR03761,مَقَالَة,مصدر,298,5394;5460,نصّ نثري قصير يعالج موضوعاً معيناً.,قول,مَفْعَلَةٌ,roots-4662:قول:المحكم — المعاني,roots-4662:قول:مقاييس — المحور,,مَقَالَة,APPROVED,,مصدر ميمي | WAZN_L2_005 ← مَفْعَلٌ
AR03762,مَقَال,مصدر,298,5394;5460,نصّ نثري قصير يعالج موضوعاً معيناً.,قول,مَفْعَلٌ,roots-4662:قول:المحكم — المعاني,roots-4662:قول:مقاييس — المحور,,مَقَال,APPROVED,,مصدر ميمي
AR03763,مَثَل,اسم جامد,298,5395,حكاية تُضرب للعبرة والاحتجاج على معنى خلقي.,مثل,فَعَلٌ,roots-4662:مثل:المحكم — المعاني,roots-4662:مثل:مقاييس — المحور,,مَثَل,APPROVED,,
AR03764,أُمْثُولَة,اسم جامد,298,5396,حكاية قصيرة أبطالها غالباً من الحيوان تنتهي بعبرة.,مثل,أُفْعُولَةٌ,roots-4662:مثل:المحكم — المعاني,roots-4662:مثل:مقاييس — المحور,,أُمْثُولَة,APPROVED,,WAZN_L2_005 ← أُفْعُولٌ
AR03765,خُرَافَة,اسم جامد,298,5396,حكاية متخيَّلة لا أصل لها تُروى للتسلية أو العبرة.,خرف,فُعَالَةٌ,roots-4662:خرف:المحكم — المعاني,roots-4662:خرف:مقاييس — المحور,,خُرَافَة,APPROVED,,WAZN_L2_005 ← فُعَالٌ
AR03766,كِتَاب تِذْكَارِيّ,تركيب,298,5397,كتاب يجمع بحوثاً لعدد من العلماء تُهدى تكريماً لعالم.,,,,,,كِتَاب تِذْكَارِيّ,APPROVED,,
AR03767,هَايْكُو,اسم جامد,298,5398,قصيدة يابانية قصيرة من ثلاثة أسطر ذات مقاطع معدودة.,,,,,,هَايْكُو,APPROVED,,دخيل مستقر في الفصحى المعاصرة ولا مقابل عربي أصيل له؛ لا جذر ولا وزن
AR03768,خِطَاب,مصدر,298,5399;5415,رسالة مكتوبة تُرسل بالبريد أو مع رسول.,خطب,فِعَالٌ,roots-4662:خطب:المحكم — المعاني,roots-4662:خطب:مقاييس — المحور,roots-4662:خطب:الأساس — المجاز,خِطَاب,APPROVED,,
AR03769,كَلِمَاتُ الأُغْنِيَة,تركيب,298,5401,النص الذي يُغنّى من الأغنية دون لحنها.,,,,,,كَلِمَاتُ الأُغْنِيَة,APPROVED,,
AR03770,مُذَكِّرَة,اسم فاعل,298,5402,ما يكتبه المرء من ذكرياته وأحداث عاشها بنفسه.,ذكر,مُفَعِّلَةٌ,roots-4662:ذكر:المحكم — المعاني,roots-4662:ذكر:مقاييس — المحور,roots-4662:ذكر:الأساس — المجاز,مُذَكِّرَة,APPROVED,,يستعمل غالباً بالجمع: مذكرات | WAZN ← L2_005 مؤنث مُفَعِّلٌ
AR03771,دِرَاسَة,مصدر,298,5403,بحث مكتوب يتناول موضوعاً واحداً بالتفصيل.,درس,فِعَالَةٌ,roots-4662:درس:المحكم — المعاني,roots-4662:درس:مقاييس — المحور,roots-4662:درس:الأساس — المجاز,دِرَاسَة,APPROVED,,مصدر استُعمل اسماً للنص | WAZN_L2_005 ← فِعَالٌ
AR03772,رِوَايَة بُولِيسِيَّة,تركيب,298,5404;5420,رواية تدور على جريمة غامضة وكشف مرتكبها.,,,,,,رِوَايَة بُولِيسِيَّة,APPROVED,,
AR03773,رِوَايَة,مصدر,298,5405;5455,عمل قصصي نثري طويل يصوّر أحداثاً وشخصيات متخيَّلة.,روي,فِعَالَةٌ,roots-4662:روي:المحكم — المعاني,roots-4662:روي:مقاييس — المحور,roots-4662:روي:الأساس — المجاز,رِوَايَة,APPROVED,,مصدر استُعمل اسماً للنص | WAZN_L2_005 ← فِعَالٌ
AR03774,رِوَايَة قَصِيرَة,تركيب,298,5406;5407,عمل قصصي نثري قصير، يغلب عليه أن يكون خفيفاً عاطفياً.,,,,,,رِوَايَة قَصِيرَة,APPROVED,,لا يحمل الدلالة التحقيرية في الإنجليزية
AR03775,قِصَّة طَوِيلَة,تركيب,298,5407,عمل قصصي نثري يزيد على القصة القصيرة ولا يبلغ طول الرواية.,,,,,,قِصَّة طَوِيلَة,APPROVED,,
AR03776,قَصِيدَة,اسم جامد,298,5408;5410,كلام موزون مقفّى تامّ الأبيات ينظمه الشاعر.,قصد,فَعِيلَةٌ,roots-4662:قصد:المحكم — المعاني,roots-4662:قصد:مقاييس — المحور,,قَصِيدَة,APPROVED,,فعيلة بمعنى مفعولة | WAZN_L2_005 ← فَعِيلٌ
AR03778,مَنْظُومَة,اسم مفعول,298,5410,قطعة من الكلام المنظوم على وزن.,نظم,مَفْعُولَةٌ,roots-4662:نظم:المحكم — المعاني,roots-4662:نظم:مقاييس — المحور,roots-4662:نظم:الأساس — المجاز,مَنْظُومَة,APPROVED,,WAZN_L2_005 ← مَفْعُولٌ
AR03779,نَظْم,مصدر,298,5411,الكلام الموزون المقفّى في مقابل النثر.,نظم,فَعْلٌ,roots-4662:نظم:المحكم — المعاني,roots-4662:نظم:مقاييس — المحور,roots-4662:نظم:الأساس — المجاز,نَظْم,APPROVED,,
AR03780,سِيرَة شَعْبِيَّة,تركيب,298,5412,حكاية بطولية طويلة متوارثة تروي مآثر بطل.,,,,,,سِيرَة شَعْبِيَّة,APPROVED,,كسيرة عنترة وسيرة بني هلال
AR03781,أُغْنِيَة,اسم جامد,298,5413,كلام منظوم يُلحَّن ويُغنّى.,غني,أُفْعُولَةٌ,roots-4662:غني:المحكم — المعاني,roots-4662:غني:مقاييس — المحور,roots-4662:غني:الأساس — المجاز,أُغْنِيَة,APPROVED,,WAZN_L2_005 ← أُفْعُولٌ
AR03782,أُنْشُودَة,اسم جامد,298,5413;5444,قطعة شعرية قصيرة تُنشَد بصوت مرتفع.,نشد,أُفْعُولَةٌ,roots-4662:نشد:المحكم — المعاني,roots-4662:نشد:مقاييس — المحور,roots-4662:نشد:الأساس — المجاز,أُنْشُودَة,APPROVED,,WAZN_L2_005 ← أُفْعُولٌ
AR03783,سُونِيتَة,اسم جامد,298,5414,قصيدة أوروبية من أربعة عشر بيتاً ذات تقفية مخصوصة.,,,,,,سُونِيتَة,APPROVED,,دخيل مستقر في الفصحى المعاصرة ولا مقابل عربي أصيل له؛ لا جذر ولا وزن
AR03784,خُطْبَة,اسم جامد,298,5415;5456,كلام بليغ يلقيه الخطيب على جمع من الناس.,خطب,فُعْلَةٌ,roots-4662:خطب:المحكم — المعاني,roots-4662:خطب:مقاييس — المحور,roots-4662:خطب:الأساس — المجاز,خُطْبَة,APPROVED,,WAZN_L2_005 ← فُعْلٌ
AR03785,رُبَاعِيَّة,اسم منسوب,298,5416,مجموعة من أربعة أعمال أدبية متصلة.,ربع,فُعَالِيَّةٌ,roots-4662:ربع:المحكم — المعاني,roots-4662:ربع:مقاييس — المحور,roots-4662:ربع:الأساس — المجاز,رُبَاعِيَّة,APPROVED,,POS_L2_007:NISBA | WAZN ← L2_007 نسبة فُعَالٌ
AR03788,دَلِيل,صفة مشبهة,298,5438;5439,كتاب يرشد قارئه إلى استعمال شيء أو يمدّه بمعلومات أساسية.,دلل,فَعِيلٌ,roots-4662:دلل:المحكم — المعاني,roots-4662:دلل:مقاييس — المحور,roots-4662:دلل:الأساس — المجاز,دَلِيل,APPROVED,,
AR03789,مُخْتَصَر,اسم مفعول,298,5439,كتاب يجمع أصول علم أو فنّ في عبارة موجزة.,خصر,مُفْتَعَلٌ,roots-4662:خصر:المحكم — المعاني,roots-4662:خصر:مقاييس — المحور,roots-4662:خصر:الأساس — المجاز,مُخْتَصَر,APPROVED,,WAZN ← L2_006 مف من اِفْتَعَلَ
AR03790,كِتَاب,مصدر,298,5453,مجموعة صفحات مكتوبة أو مطبوعة مضموم بعضها إلى بعض في غلاف.,كتب,فِعَالٌ,roots-4662:كتب:المحكم — المعاني,roots-4662:كتب:مقاييس — المحور,roots-4662:كتب:الأساس — المجاز,كِتَاب,APPROVED,,مصدر استُعمل اسماً للنص
AR03793,سَرْد,مصدر,298,5455,حكاية متتابعة لحادثة أو تجربة.,سرد,فَعْلٌ,roots-4662:سرد:المحكم — المعاني,roots-4662:سرد:مقاييس — المحور,roots-4662:سرد:الأساس — المجاز,سَرْد,APPROVED,,
AR03794,مَوْعِظَة,مصدر,298,5456,كلام في الدين أو الأخلاق يُراد به التذكير والنصح.,وعظ,مَفْعِلَةٌ,roots-4662:وعظ:المحكم — المعاني,roots-4662:وعظ:مقاييس — النص,,مَوْعِظَة,APPROVED,,مصدر ميمي | WAZN_L2_005 ← مَفْعِلٌ
AR03795,نَصّ سِينِمَائِيّ,تركيب,298,5458,النص المكتوب للفيلم بحواره وإرشادات تصويره.,,,,,,نَصّ سِينِمَائِيّ,APPROVED,,
AR03796,نَصّ,مصدر,298,5459,الكلام المكتوب لمسرحية أو فيلم أو برنامج يُذاع.,نصص,فَعْلٌ,roots-4662:نصص:المحكم — المعاني,roots-4662:نصص:مقاييس — المحور,roots-4662:نصص:الأساس — المجاز,نَصّ,APPROVED,,مصدر استُعمل اسماً للنص
AR03797,نَعْي,مصدر,298,5461,خبر يُنشَر بموت شخص مع ذكر شيء من سيرته.,نعي,فَعْلٌ,roots-4662:نعي:المحكم — المعاني,roots-4662:نعي:مقاييس — المحور,roots-4662:نعي:الأساس — المجاز,نَعْي,APPROVED,,الجذر في اللسان نعا
AR03801,تَقْرِير,مصدر,298,5845,بيان مكتوب عن أمر بعد النظر فيه أو التحقق منه.,قرر,تَفْعِيلٌ,roots-4662:قرر:المحكم — المعاني,roots-4662:قرر:مقاييس — المحور,roots-4662:قرر:الأساس — المجاز,تَقْرِير,APPROVED,,
AR03802,نَشْرَة,اسم مرة,298,5848;14633,بيان موجز يصدر عن جهة يتضمن أخباراً أو معلومات.,نشر,فَعْلَةٌ,roots-4662:نشر:المحكم — المعاني,roots-4662:نشر:مقاييس — المحور,roots-4662:نشر:الأساس — المجاز,نَشْرَة,APPROVED,,اسم مرة | WAZN_L2_005 ← فَعْلٌ | POS_L2_007:ISM_MARRA (من نص الملاحظة)
AR03804,مَنَاقِبُ الأَوْلِيَاء,تركيب,298,5862,فنّ من التأليف يذكر سير الصالحين وفضائلهم وكراماتهم.,,,,,,مَنَاقِبُ الأَوْلِيَاء,APPROVED,,
AR03805,دَوْرِيَّة,اسم منسوب,298,5863;5864,مطبوعة تصدر في أوقات منتظمة.,دور,فَعْلِيَّةٌ,roots-4662:دور:المحكم — المعاني,roots-4662:دور:مقاييس — المحور,,دَوْرِيَّة,APPROVED,,POS_L2_007:NISBA | WAZN ← L2_007 نسبة فَعْلٌ
AR03806,اِفْتِتَاحِيَّة,اسم منسوب,298,5865,مقالة في صدر الصحيفة تعبّر عن رأيها في قضية راهنة.,فتح,اِفْتِعَالِيَّةٌ,roots-4662:فتح:المحكم — المعاني,roots-4662:فتح:مقاييس — المحور,roots-4662:فتح:الأساس — المجاز,اِفْتِتَاحِيَّة,APPROVED,,POS_L2_007:NISBA | WAZN ← L2_007 نسبة اِفْتِعَالٌ
AR03808,خَاطِرَة,اسم فاعل,298,8747,نصّ نثري قصير يبثّ فيه الكاتب ما يجول في نفسه.,خطر,فَاعِلَةٌ,roots-4662:خطر:المحكم — المعاني,roots-4662:خطر:مقاييس — المحور,roots-4662:خطر:الأساس — المجاز,خَاطِرَة,APPROVED,,WAZN_L2_005 ← فَاعِلٌ
AR03809,كُتَيِّب,اسم جامد,298,10185;14556;14633,كتاب صغير قليل الصفحات رقيق الغلاف.,كتب,فُعَيِّلٌ,roots-4662:كتب:المحكم — المعاني,roots-4662:كتب:مقاييس — المحور,roots-4662:كتب:الأساس — المجاز,كُتَيِّب,APPROVED,,تصغير كتاب؛ في القائمة سطر فُعَيِّلٌ? بعلامة استفهام فلم يُعتمد | WAZN ← L2_015 المالك
AR03810,كُرَّاسَة,اسم جامد,298,10185;14633,أوراق قليلة مضمومة تتناول موضوعاً موجزاً.,كرس,فُعَّالَةٌ,roots-4662:كرس:المحكم — المعاني,roots-4662:كرس:مقاييس — المحور,roots-4662:كرس:الأساس — المجاز,كُرَّاسَة,APPROVED,,WAZN_L2_005 ← فُعَّالٌ
AR03811,أَدَب قَصَصِيّ,تركيب,298,11199,النثر الذي يصوّر أحداثاً وشخصيات متخيَّلة كالرواية والقصة.,,,,,,أَدَب قَصَصِيّ,APPROVED,,
AR03812,كِتَابَة,مصدر,298,11703,ما كتبه الكاتب من آثار مدوَّنة.,كتب,فِعَالَةٌ,roots-4662:كتب:المحكم — المعاني,roots-4662:كتب:مقاييس — المحور,roots-4662:كتب:الأساس — المجاز,كِتَابَة,APPROVED,,يستعمل بالجمع: كتابات | WAZN_L2_005 ← فِعَالٌ
AR03813,مَكْتُوب,اسم مفعول,298,13548,رسالة مكتوبة تُبعث إلى أحد.,كتب,مَفْعُولٌ,roots-4662:كتب:المحكم — المعاني,roots-4662:كتب:مقاييس — المحور,roots-4662:كتب:الأساس — المجاز,مَكْتُوب,APPROVED,,
AR03816,قَائِمَة,اسم فاعل,298,13756,أسماء أو بنود مكتوبة متتابعة بعضها تحت بعض.,قوم,فَاعِلَةٌ,roots-4662:قوم:المحكم — المعاني,roots-4662:قوم:مقاييس — المحور,roots-4662:قوم:الأساس — المجاز,قَائِمَة,APPROVED,,WAZN_L2_005 ← فَاعِلٌ
AR03818,مَخْطُوط,اسم مفعول,298,14002,كتاب مكتوب بخط اليد غير مطبوع.,خطط,مَفْعُولٌ,roots-4662:خطط:المحكم — المعاني,roots-4662:خطط:مقاييس — المحور,roots-4662:خطط:الأساس — المجاز,مَخْطُوط,APPROVED,,
AR03821,مَادَّة,اسم فاعل,298,14606,ما كُتب في موضوع من نصوص يُرجَع إليها.,مدد,فَاعِلَةٌ,roots-4662:مدد:المحكم — المعاني,roots-4662:مدد:مقاييس — المحور,roots-4662:مدد:الأساس — المجاز,مَادَّة,APPROVED,,فاعلة مدغمة | WAZN_L2_005 ← فَاعِلٌ
AR03824,وَرَقَة,اسم جامد,298,14900,بحث علمي قصير يُقدَّم في مؤتمر أو ينشر في دورية.,ورق,فَعَلَةٌ,roots-4662:ورق:المحكم — المعاني,roots-4662:ورق:مقاييس — المحور,roots-4662:ورق:الأساس — المجاز,وَرَقَة,APPROVED,,WAZN_L2_005 ← فَعَلٌ
AR03825,مَلْحَمِيّ,اسم منسوب,298,15096,منسوب إلى الملحمة وشعرها البطولي.,لحم,مَفْعَلِيٌّ,roots-4662:لحم:المحكم — المعاني,roots-4662:لحم:مقاييس — المحور,roots-4662:لحم:الأساس — المجاز,مَلْحَمِيّ,APPROVED,,POS_L2_007:NISBA | WAZN ← L2_007 نسبة مَفْعَلٌ
AR03826,مَنْشُور,اسم مفعول,298,16292,نصّ أُخرج للناس مستقلاً أو ضمن مجموعة.,نشر,مَفْعُولٌ,roots-4662:نشر:المحكم — المعاني,roots-4662:نشر:مقاييس — المحور,roots-4662:نشر:الأساس — المجاز,مَنْشُور,APPROVED,,
AR03828,سِجِلّ,اسم جامد,298,16656,كتاب تُقيَّد فيه وقائع ماضية للرجوع إليها.,سجل,فِعِلٌّ,roots-4662:سجل:المحكم — المعاني,roots-4662:سجل:مقاييس — المحور,roots-4662:سجل:الأساس — المجاز,سِجِلّ,APPROVED,,
AR03829,كِتَاب مَدْرَسِيّ,تركيب,298,18623,كتاب يعتمده الطلاب مرجعاً أساسياً في مادة دراسية.,,,,,,كِتَاب مَدْرَسِيّ,APPROVED,,
AR03830,مُقَرَّر,اسم مفعول,298,18623,الكتاب المعتمد لتدريس مادة.,قرر,مُفَعَّلٌ,roots-4662:قرر:المحكم — المعاني,roots-4662:قرر:مقاييس — المحور,roots-4662:قرر:الأساس — المجاز,مُقَرَّر,APPROVED,,WAZN ← L2_006 مف من فَعَّلَ
AR03831,دِيوَان,اسم جامد,298,,مجموع شعر شاعر أو قبيلة في كتاب.,دون,فِيعَالٌ,roots-4662:دون:المحكم — المعاني,roots-4662:دون:مقاييس — المحور,,دِيوَان,APPROVED,,AR_ONLY | WAZN ← L2_015 المالك
AR03833,أُرْجُوزَة,اسم جامد,298,,قصيدة منظومة على بحر الرجز.,رجز,أُفْعُولَةٌ,roots-4662:رجز:المحكم — المعاني,roots-4662:رجز:مقاييس — المحور,roots-4662:رجز:الأساس — المجاز,أُرْجُوزَة,APPROVED,,AR_ONLY | WAZN_L2_005 ← أُفْعُولٌ
AR03834,مَقَامَة,اسم مكان,298,,حكاية نثرية مسجوعة قصيرة يرويها راوٍ عن بطل.,قوم,مَفْعَلَةٌ,roots-4662:قوم:المحكم — المعاني,roots-4662:قوم:مقاييس — المحور,roots-4662:قوم:الأساس — المجاز,مَقَامَة,APPROVED,,POS_L2_007:MAKAN؛ AR_ONLY | WAZN_L2_005 ← مَفْعَلٌ
AR03837,مَتْن,اسم جامد,298,,النص الأصلي الموجز الذي تُبنى عليه الشروح.,متن,فَعْلٌ,roots-4662:متن:المحكم — المعاني,roots-4662:متن:مقاييس — المحور,roots-4662:متن:الأساس — المجاز,مَتْن,APPROVED,,AR_ONLY
AR03839,مُسَدَّس,اسم مفعول,426,7775;7776;7786;7821;8255,سلاح ناري صغير يُطلق بيد واحدة.,سدس,مُفَعَّلٌ,roots-4662:سدس:المحكم — المعاني,roots-4662:سدس:مقاييس — المحور,roots-4662:سدس:الأساس — المجاز,مُسَدَّس,APPROVED,,WAZN ← L2_006 مف من فَعَّلَ
AR03840,سِلَاحٌ نَارِيٌّ,تركيب,426,7777;7779;7792,كل سلاح يُطلق المقذوف بقوة احتراق البارود.,,,,,,سِلَاحٌ نَارِيٌّ,APPROVED,,
AR03841,مِدْفَع,اسم آلة,426,7780,سلاح ناري ثقيل كبير العيار يقذف القذائف.,دفع,مِفْعَلٌ,roots-4662:دفع:المحكم — المعاني,roots-4662:دفع:مقاييس — المحور,roots-4662:دفع:الأساس — المجاز,مِدْفَع,APPROVED,,اسم آلة | POS_L2_007:ALA (من نص الملاحظة)
AR03842,قُنْبُلَة,اسم جامد,426,7781,أداة مملوءة بالمتفجرات تُستعمل في الحرب للتدمير.,قنبل,فُعْلُلَةٌ,,,,قُنْبُلَة,APPROVED,,الدلالة الحربية حادثة | WAZN_L2_005 ← فُعْلُلٌ
AR03843,رَأْسٌ حَرْبِيٌّ,تركيب,426,7782,الجزء المتفجر المحمول على صاروخ أو قذيفة.,,,,,,رَأْسٌ حَرْبِيٌّ,APPROVED,,
AR03844,سَيْف,اسم جامد,426,7783,سلاح ذو نصل طويل من حديد ومقبض، يُضرب به أو يُطعن.,سيف,فَعْلٌ,roots-4662:سيف:المحكم — المعاني,roots-4662:سيف:مقاييس — المحور,roots-4662:سيف:الأساس — المجاز,سَيْف,APPROVED,,
AR03845,سِكِّين,اسم جامد,426,7785,أداة قطع ذات نصل مثبت في نصاب، تُتخذ سلاحاً.,سكن,فِعِّيلٌ,roots-4662:سكن:المحكم — المعاني,roots-4662:سكن:مقاييس — المحور,roots-4662:سكن:الأساس — المجاز,سِكِّين,APPROVED,,
AR03847,كَلَاشْنِكُوف,اسم جامد,426,7787,بندقية آلية روسية التصميم تطلق النار مفردة ومتتابعة.,,,,,,كَلَاشْنِكُوف,APPROVED,,دخيل/معرّب لا جذر عربي له؛ مستقر في الفصحى المعاصرة ولا لفظ أصيل يقوم مقامه
AR03848,قُنْبُلَةٌ يَدَوِيَّةٌ,تركيب,426,7788,قنبلة صغيرة تُرمى باليد على العدو.,,,,,,قُنْبُلَةٌ يَدَوِيَّةٌ,APPROVED,,
AR03849,قَوْسُ الرِّجْلِ,تركيب,426,7789,قوس مثبتة على مقبض يُطلق سهمها بزناد، وتُشد بالرجل.,,,,,,قَوْسُ الرِّجْلِ,APPROVED,,اسم قديم في كتب الرمي والسلاح
AR03850,رَشَّاش,صيغة مبالغة,426,7790,سلاح ناري يطلق الرصاص متتابعاً آلياً.,رشش,فَعَّالٌ,roots-4662:رشش:المحكم — المعاني,roots-4662:رشش:مقاييس — المحور,roots-4662:رشش:الأساس — المجاز,رَشَّاش,APPROVED,,صيغة مبالغة؛ لا فئة للمبالغة في القائمة المغلقة فوُضع اسم فاعل — OWNER_ALERT | POS_L2_007:MUBALAGHA (من نص الملاحظة)
AR03851,مِدْفَعٌ رَشَّاشٌ,تركيب,426,7790,سلاح ناري يطلق الرصاص متتابعاً بسرعة.,,,,,,مِدْفَعٌ رَشَّاشٌ,APPROVED,,
AR03852,بُنْدُقِيَّةُ صَيْدٍ,تركيب,426,7791,بندقية تطلق طلقة فيها كريات صغيرة كثيرة.,,,,,,بُنْدُقِيَّةُ صَيْدٍ,APPROVED,,
AR03853,قَاذِفُ لَهَبٍ,تركيب,426,7793,سلاح يقذف تياراً من سائل مشتعل.,,,,,,قَاذِفُ لَهَبٍ,APPROVED,,
AR03854,سِلَاح,اسم جامد,426,7794;8558;12651,أداة يُقاتَل بها لإيذاء العدو أو للدفاع، ويقع على الواحد والجنس.,سلح,فِعَالٌ,roots-4662:سلح:المحكم — المعاني,roots-4662:سلح:مقاييس — النص,,سِلَاح,APPROVED,,
AR03855,هِرَاوَة,اسم جامد,426,7822,العصا الضخمة يُضرب بها.,هرو,فِعَالَةٌ,roots-4662:هرو:المحكم — المعاني,roots-4662:هرو:مقاييس — النص,,هِرَاوَة,APPROVED,,WAZN_L2_005 ← فِعَالٌ
AR03857,قَذِيفَة,اسم جامد,426,7827;12706,ما يُقذف من مدفع أو غيره من متفجر.,قذف,فَعِيلَةٌ,roots-4662:قذف:المحكم — المعاني,roots-4662:قذف:مقاييس — المحور,roots-4662:قذف:الأساس — المجاز,قَذِيفَة,APPROVED,,WAZN_L2_005 ← فَعِيلٌ
AR03858,خِنَاق,اسم جامد,426,7828,الحبل الذي يُخنق به.,خنق,فِعَالٌ,roots-4662:خنق:المحكم — المعاني,roots-4662:خنق:مقاييس — المحور,roots-4662:خنق:الأساس — المجاز,خِنَاق,APPROVED,,
AR03860,صَارُوخُ سْكُود-بِي,تركيب,426,10633;12330,صاروخ روسي التصميم متحرك أحادي المرحلة يعمل بوقود سائل.,,,,,,صَارُوخُ سْكُود-بِي,APPROVED,,اسم الطراز منقول
AR03861,مَخْزَنُ سِلَاحٍ,تركيب,426,10634,موضع يُخزن فيه السلاح والذخيرة.,,,,,,مَخْزَنُ سِلَاحٍ,APPROVED,,
AR03862,سِلَاحٌ كِيمِيَائِيٌّ,تركيب,426,10635;10654,سلاح يحدث أثره بإطلاق مادة سامة.,,,,,,سِلَاحٌ كِيمِيَائِيٌّ,APPROVED,,
AR03863,صَارُوخٌ بَالِسْتِيٌّ,تركيب,426,10636,صاروخ لا يُوجَّه إلا في مرحلة الدفع ثم يسير في مسار قذفي.,,,,,,صَارُوخٌ بَالِسْتِيٌّ,APPROVED,,
AR03864,سِلَاحٌ جُرْثُومِيٌّ,تركيب,426,10637;10655,سلاح ينشر جراثيم أو سموماً حيوية تفتك بالناس.,,,,,,سِلَاحٌ جُرْثُومِيٌّ,APPROVED,,
AR03865,سِلَاحٌ بَيُولُوجِيٌّ,تركيب,426,10637,سلاح ينشر جراثيم أو سموماً حيوية تفتك بالناس.,,,,,,سِلَاحٌ بَيُولُوجِيٌّ,APPROVED,,الأشيع في الاستعمال المعاصر
AR03866,سِلَاحٌ نَوَوِيٌّ,تركيب,426,10652,سلاح يستمد قوته التدميرية من الطاقة النووية.,,,,,,سِلَاحٌ نَوَوِيٌّ,APPROVED,,
AR03867,غَازُ الخَرْدَلِ,تركيب,426,10653,سائل زيتي يتبخر غازاً مهيجاً مقرّحاً يُستعمل في الحرب الكيميائية.,,,,,,غَازُ الخَرْدَلِ,APPROVED,,
AR03868,سِلَاحُ دَمَارٍ شَامِلٍ,تركيب,426,10704;10707,سلاح قادر على تدمير واسع وإهلاك أعداد كبيرة من الناس.,,,,,,سِلَاحُ دَمَارٍ شَامِلٍ,APPROVED,,لا اختصار عربي مستقر؛ يقابله التركيب الكامل
AR03869,لُغْم,اسم جامد,426,11197,عبوة متفجرة تُدفن في الأرض أو توضع في الماء فتنفجر بالملامسة.,لغم,فُعْلٌ,roots-4662:لغم:المحكم — المعاني,roots-4662:لغم:مقاييس — النص,roots-4662:لغم:الأساس — المجاز,لُغْم,APPROVED,,الدلالة الحربية حادثة، وقيل معرّب
AR03870,رُمْح,اسم جامد,426,11311,سلاح ذو قناة طويلة وسنان، يُطعن به.,رمح,فُعْلٌ,roots-4662:رمح:المحكم — المعاني,roots-4662:رمح:مقاييس — النص,,رُمْح,APPROVED,,
AR03872,قَوْس,اسم جامد,426,11328,آلة مقوسة مشدودة بوتر يُرمى بها السهم.,قوس,فَعْلٌ,roots-4662:قوس:المحكم — المعاني,roots-4662:قوس:مقاييس — المحور,,قَوْس,APPROVED,,
AR03873,مُتَفَجِّر,اسم فاعل,426,11415;11416,ما من شأنه أن ينفجر.,فجر,مُتَفَعِّلٌ,roots-4662:فجر:المحكم — المعاني,roots-4662:فجر:مقاييس — المحور,roots-4662:فجر:الأساس — المجاز,مُتَفَجِّر,APPROVED,,WAZN ← L2_006 فا من تَفَعَّلَ
AR03874,مَادَّةٌ مُتَفَجِّرَةٌ,تركيب,426,11416,مادة كيميائية تنفجر أو تحدث انفجاراً.,,,,,,مَادَّةٌ مُتَفَجِّرَةٌ,APPROVED,,
AR03875,مُتَفَجِّرٌ بْلَاسْتِيكِيٌّ,تركيب,426,11425,مادة متفجرة لينة كالعجين تُشكَّل باليد.,,,,,,مُتَفَجِّرٌ بْلَاسْتِيكِيٌّ,APPROVED,,
AR03876,دِينَامِيت,اسم جامد,426,11790,مادة شديدة الانفجار أساسها النتروغليسرين.,,,,,,دِينَامِيت,APPROVED,,دخيل/معرّب لا جذر عربي له؛ مستقر في الفصحى المعاصرة ولا لفظ أصيل يقوم مقامه
AR03877,نَوَوِيّ,اسم منسوب,426,12170,مالك للسلاح النووي أو متعلق به.,نوي,فَعَلِيٌّ,,roots-4662:نوي:مقاييس — المحور,roots-4662:نوي:الأساس — المجاز,نَوَوِيّ,APPROVED,,اسم منسوب؛ لا فئة للنسبة في القائمة المغلقة فوُضع صفة مشبهة — OWNER_ALERT | POS_L2_007:NISBA (من نص الملاحظة) | WAZN ← L2_007 نسبة فَعَلٌ
AR03878,صَارُوخُ سْكُود-سِي,تركيب,426,12334,طراز من صاروخ سكود أطول مدى وأصغر رأساً.,,,,,,صَارُوخُ سْكُود-سِي,APPROVED,,اسم الطراز منقول
AR03879,سِلَاحٌ ذَرِّيٌّ,تركيب,426,12422,سلاح يستمد قوته من التفاعلات النووية.,,,,,,سِلَاحٌ ذَرِّيٌّ,APPROVED,,
AR03880,مِدْفَعِيَّة,اسم جامد,426,12458;12652,المدافع الثقيلة المستعملة في الحرب، والسلاح القائم بها.,دفع,مِفْعَلِيَّةٌ,roots-4662:دفع:المحكم — المعاني,roots-4662:دفع:مقاييس — المحور,roots-4662:دفع:الأساس — المجاز,مِدْفَعِيَّة,APPROVED,,WAZN ← L2_007 نسبة مِفْعَلٌ
AR03881,قُنْبُلَةٌ ذَرِّيَّةٌ,تركيب,426,13085,قنبلة تستمد قوتها من التفاعلات النووية.,,,,,,قُنْبُلَةٌ ذَرِّيَّةٌ,APPROVED,,
AR03883,كِيمِيَائِيّ,اسم منسوب,426,13358,متعلق باستعمال الغازات السامة والمواد الكيميائية سلاحاً.,,,,,,كِيمِيَائِيّ,APPROVED,,منسوب إلى الكيمياء، وهي معرّبة؛ اسم منسوب؛ لا فئة للنسبة في القائمة المغلقة فوُضع صفة مشبهة — OWNER_ALERT | POS_L2_007:NISBA (من نص الملاحظة)
AR03884,غَازُ الأَعْصَابِ,تركيب,426,13429,غاز سام يعطل انتقال الإشارات العصبية فيقتل أو يشل.,,,,,,غَازُ الأَعْصَابِ,APPROVED,,
AR03885,اسْتِرَاتِيجِيّ,اسم منسوب,426,14026,موجه إلى أرض العدو وبنيته الأساسية.,,,,,,اسْتِرَاتِيجِيّ,APPROVED,,دخيل/معرّب لا جذر عربي له؛ مستقر في الفصحى المعاصرة ولا لفظ أصيل يقوم مقامه؛ اسم منسوب؛ لا فئة للنسبة في القائمة المغلقة فوُضع صفة مشبهة — OWNER_ALERT | POS_L2_007:NISBA (من نص الملاحظة)
AR03886,سِلَاحٌ نَوَوِيٌّ اسْتِرَاتِيجِيٌّ,تركيب,426,14027,سلاح نووي موجه إلى أرض العدو وبنيته الأساسية.,,,,,,سِلَاحٌ نَوَوِيٌّ اسْتِرَاتِيجِيٌّ,APPROVED,,
AR03887,صَارُوخٌ بَالِسْتِيٌّ عَابِرٌ لِلْقَارَّاتِ,تركيب,426,14159,صاروخ بالستي بعيد المدى يبلغ قارة أخرى.,,,,,,صَارُوخٌ بَالِسْتِيٌّ عَابِرٌ لِلْقَارَّاتِ,APPROVED,,لا اختصار عربي مستقر؛ يقابله التركيب الكامل
AR03888,قَذِيفَةٌ صَارُوخِيَّةٌ,تركيب,426,16592,قذيفة مدفوعة بصاروخ تُطلق من قاذف محمول.,,,,,,قَذِيفَةٌ صَارُوخِيَّةٌ,APPROVED,,يقابل القذيفة نفسها؛ والاختصار يُنقل في الإعلام حرفياً
AR03889,سِلَاحٌ خَفِيفٌ,تركيب,426,16628,سلاح يحمله المشاة كالمسدس والبندقية والقنبلة اليدوية.,,,,,,سِلَاحٌ خَفِيفٌ,APPROVED,,يغلب استعماله جمعاً: أسلحة خفيفة
AR03890,عُبْوَةٌ خَارِقَةٌ لِلدُّرُوعِ,تركيب,426,16694,عبوة تكوّن بانفجارها مقذوفاً يخترق التدريع.,,,,,,عُبْوَةٌ خَارِقَةٌ لِلدُّرُوعِ,APPROVED,,التسمية الشائعة في الإعلام العربي
AR03891,بُنْدُقِيَّةٌ هُجُومِيَّةٌ,تركيب,426,16722,بندقية تطلق النار مفردة ومتتابعة ذات مخزن منفصل.,,,,,,بُنْدُقِيَّةٌ هُجُومِيَّةٌ,APPROVED,,
AR03892,مِدْفَعُ هَاوُنٍ,تركيب,426,16777,مدفع قصير الماسورة يقذف قذائفه على أهداف قريبة.,,,,,,مِدْفَعُ هَاوُنٍ,APPROVED,,الهاون معرّب
AR03893,سِلَاحٌ آلِيٌّ,تركيب,426,18650,سلاح يواصل الإطلاق ما دام الزناد مضغوطاً.,,,,,,سِلَاحٌ آلِيٌّ,APPROVED,,
AR03894,سِي فُور,اسم جامد,426,18668,نوع شائع من المتفجرات اللدنة.,,,,,,سِي فُور,APPROVED,,اسم تجاري منقول لا لفظ عربي له
AR03895,فُوسْجِين,اسم جامد,426,18677,غاز سام عديم اللون استُعمل سلاحاً كيميائياً.,,,,,,فُوسْجِين,APPROVED,,دخيل/معرّب لا جذر عربي له؛ مستقر في الفصحى المعاصرة ولا لفظ أصيل يقوم مقامه
AR03898,خِنْجَر,اسم جامد,426,,سكين كبيرة ذات حدين يُطعن بها.,خنجر,فِعْلَلٌ,,,,خِنْجَر,APPROVED,,AR_ONLY
AR03899,عُبْوَةٌ نَاسِفَةٌ,تركيب,426,,متفجرة مموّهة توضع لتنفجر بأهداف أو أشخاص.,,,,,,عُبْوَةٌ نَاسِفَةٌ,APPROVED,,AR_ONLY
AR03903,حَافِي,اسم فاعل,160,3740;3741;3750;3771,من يمشي بلا نعل ولا خف.,حفي,فَاعِلٌ,v21:حفي:المحكم — المعاني,v21:حفي:مقاييس — النص,,حَافِي,APPROVED,,أصله حافِيٌ
AR03905,مَكْسُوّ,اسم مفعول,160,3746;3747,من عليه كسوة من ثياب.,كسو,مَفْعُولٌ,roots-4662:كسو:المحكم — المعاني,,,مَكْسُوّ,APPROVED,,أصله مَكْسُوْوٌ
AR03906,لَابِس,اسم فاعل,160,3746;3747;3749;3965;3972,من على جسده ثوب أو ملبوس.,لبس,فَاعِلٌ,roots-4662:لبس:المحكم — المعاني,roots-4662:لبس:مقاييس — المحور,roots-4662:لبس:الأساس — المجاز,لَابِس,APPROVED,,
AR03907,لَبِسَ,فعل,160,3748;10940;10942;10984,جعل الثوب أو نحوه على بدنه أو عضو منه.,لبس,فَعِلَ,roots-4662:لبس:المحكم — المعاني,roots-4662:لبس:مقاييس — المحور,roots-4662:لبس:الأساس — المجاز,لَبِسَ,APPROVED,,
AR03908,اِرْتَدَى,فعل,160,3748;10940;10993,لبس الثوب أو نحوه وجعله على بدنه.,ردي,اِفْتَعَلَ,roots-4662:ردي:المحكم — المعاني,roots-4662:ردي:مقاييس — المحور,roots-4662:ردي:الأساس — المجاز,اِرْتَدَى,APPROVED,,
AR03909,مَكْشُوف,اسم مفعول,160,3752,ما لا غطاء عليه من البدن.,كشف,مَفْعُولٌ,roots-4662:كشف:المحكم — المعاني,roots-4662:كشف:مقاييس — المحور,roots-4662:كشف:الأساس — المجاز,مَكْشُوف,APPROVED,,
AR03910,كَشَفَ,فعل,160,3753,أزال الغطاء عن عضو من بدنه فأظهره.,كشف,فَعَلَ,roots-4662:كشف:المحكم — المعاني,roots-4662:كشف:مقاييس — المحور,roots-4662:كشف:الأساس — المجاز,كَشَفَ,APPROVED,,
AR03913,عَارِي السَّاقَيْنِ,تركيب,160,3755,من لا شيء يستر ساقيه.,,,,,,عَارِي السَّاقَيْنِ,APPROVED,,
AR03914,عَارِي الصَّدْرِ,تركيب,160,3756;3763;3959;3968,من لا ثوب على صدره.,,,,,,عَارِي الصَّدْرِ,APPROVED,,
AR03915,مُقَنَّع,اسم مفعول,160,3960,من على وجهه قناع يستره.,قنع,مُفَعَّلٌ,roots-4662:قنع:المحكم — المعاني,roots-4662:قنع:مقاييس — المحور,roots-4662:قنع:الأساس — المجاز,مُقَنَّع,APPROVED,,WAZN ← L2_006 مف من فَعَّلَ
AR03916,مُلَثَّم,اسم مفعول,160,3960,من شدّ على فمه وأنفه لثاماً.,لثم,مُفَعَّلٌ,roots-4662:لثم:المحكم — المعاني,roots-4662:لثم:مقاييس — المحور,roots-4662:لثم:الأساس — المجاز,مُلَثَّم,APPROVED,,WAZN ← L2_006 مف من فَعَّلَ
AR03918,مُتَنَكِّر,اسم فاعل,160,3964,من لبس زياً يغيّر هيئته.,نكر,مُتَفَعِّلٌ,roots-4662:نكر:المحكم — المعاني,roots-4662:نكر:مقاييس — المحور,,مُتَنَكِّر,APPROVED,,المتنكر يخص الزي المغيّر للهيئة | WAZN ← L2_006 فا من تَفَعَّلَ
AR03919,عَارِي الذِّرَاعَيْنِ,تركيب,160,3967,من لا ثوب يستر ذراعيه.,,,,,,عَارِي الذِّرَاعَيْنِ,APPROVED,,
AR03920,مُتَرَدِّي,اسم فاعل,160,3971,من لبس الرداء.,ردي,مُتَفَعِّلٌ,roots-4662:ردي:المحكم — المعاني,roots-4662:ردي:مقاييس — المحور,roots-4662:ردي:الأساس — المجاز,مُتَرَدِّي,APPROVED,,أصله مُتَرَدِّيٌ | WAZN ← L2_006 فا من تَفَعَّلَ
AR03921,عَلَى,حرف,160,10941,حرف يدل على ما على البدن من ملبوس، نحو: خرج وعليه ثوبه.,,,,,,عَلَى,APPROVED,,التركيب العربي: وعليه + الملبوس
AR03922,فِي,حرف,160,10950,حرف يدل على الظرفية في الملبوس، نحو: جاءت في ثوب أحمر.,,,,,,فِي,APPROVED,,نحو: جاءت في ثوب أحمر
AR03923,مُتَزَيِّن,اسم فاعل,160,10974;10980,من لبس أحسن ثيابه وتجمّل بها.,زين,مُتَفَعِّلٌ,roots-4662:زين:المحكم — المعاني,roots-4662:زين:مقاييس — المحور,roots-4662:زين:الأساس — المجاز,مُتَزَيِّن,APPROVED,,WAZN ← L2_006 فا من تَفَعَّلَ
AR03925,مُقَمَّط,اسم مفعول,160,11000,الرضيع المشدود بالقماط.,قمط,مُفَعَّلٌ,roots-4662:قمط:المحكم — المعاني,roots-4662:قمط:مقاييس — المحور,roots-4662:قمط:الأساس — المجاز,مُقَمَّط,APPROVED,,WAZN ← L2_006 مف من فَعَّلَ
AR03926,مُتَلَفِّع,اسم فاعل,160,11001,من اشتمل بثوب يلف به جسده.,لفع,مُتَفَعِّلٌ,roots-4662:لفع:المحكم — المعاني,roots-4662:لفع:مقاييس — المحور,roots-4662:لفع:الأساس — المجاز,مُتَلَفِّع,APPROVED,,WAZN ← L2_006 فا من تَفَعَّلَ
AR03927,مُلْتَحِف,اسم فاعل,160,11001,من تغطى بلحاف أو ثوب لفّه عليه.,لحف,مُفْتَعِلٌ,roots-4662:لحف:المحكم — المعاني,roots-4662:لحف:مقاييس — المحور,roots-4662:لحف:الأساس — المجاز,مُلْتَحِف,APPROVED,,WAZN ← L2_006 فا من اِفْتَعَلَ
AR03929,اِنْتَعَلَ,فعل,160,,لبس النعل في قدميه.,نعل,اِفْتَعَلَ,roots-4662:نعل:المحكم — المعاني,roots-4662:نعل:مقاييس — المحور,roots-4662:نعل:الأساس — المجاز,اِنْتَعَلَ,APPROVED,,AR_ONLY
AR03930,مُنْتَعِل,اسم فاعل,160,,من في قدميه نعل.,نعل,مُفْتَعِلٌ,roots-4662:نعل:المحكم — المعاني,roots-4662:نعل:مقاييس — المحور,roots-4662:نعل:الأساس — المجاز,مُنْتَعِل,APPROVED,,AR_ONLY | WAZN ← L2_006 فا من اِفْتَعَلَ
AR03931,تَلَثَّمَ,فعل,160,,شدّ اللثام على فمه وأنفه.,لثم,تَفَعَّلَ,roots-4662:لثم:المحكم — المعاني,roots-4662:لثم:مقاييس — المحور,roots-4662:لثم:الأساس — المجاز,تَلَثَّمَ,APPROVED,,AR_ONLY
AR03934,وَالِدِيّ,اسم منسوب,104,5304,منسوب إلى الوالدين أو أحدهما فيما يكون بينهم وبين أولادهم.,ولد,فَاعِلِيٌّ,roots-4662:ولد:المحكم — المعاني,roots-4662:ولد:مقاييس — المحور,roots-4662:ولد:الأساس — المجاز,وَالِدِيّ,APPROVED,,L2_008 re-candidate (was NO_ARABIC_EQUIVALENT: NISBA_POS_DEFER) | WAZN ← L2_007 نسبة فَاعِلٌ
AR03936,أَسْلَافِيّ,اسم منسوب,104,5306,منسوب إلى الأسلاف، وهم الآباء والأجداد المتقدّمون.,سلف,أَفْعَالِيٌّ,roots-4662:سلف:المحكم — المعاني,roots-4662:سلف:مقاييس — المحور,roots-4662:سلف:الأساس — المجاز,أَسْلَافِيّ,APPROVED,,L2_008 re-candidate (was NO_ARABIC_EQUIVALENT: NISBA_POS_DEFER) | WAZN ← L2_015 المالك
AR03938,رُبَاعِيّ,اسم منسوب,103,3143,جماعة مؤلّفة من أربعة أفراد أو أشياء، كالرباعي الموسيقي.,ربع,فُعَالِيٌّ,roots-4662:ربع:المحكم — المعاني,roots-4662:ربع:مقاييس — المحور,roots-4662:ربع:الأساس — المجاز,رُبَاعِيّ,APPROVED,,L2_008 re-candidate (was NO_ARABIC_EQUIVALENT: NISBA_POS_DEFER) | WAZN ← L2_007 نسبة فُعَالٌ
AR03939,خُمَاسِيّ,اسم منسوب,103,3144,جماعة مؤلّفة من خمسة أفراد أو أشياء، كالخماسي الموسيقي.,خمس,فُعَالِيٌّ,roots-4662:خمس:المحكم — المعاني,roots-4662:خمس:مقاييس — المحور,roots-4662:خمس:الأساس — المجاز,خُمَاسِيّ,APPROVED,,L2_008 re-candidate (was NO_ARABIC_EQUIVALENT: NISBA_POS_DEFER) | WAZN ← L2_007 نسبة فُعَالٌ
AR03940,سُدَاسِيّ,اسم منسوب,103,3146,جماعة مؤلّفة من ستة أفراد أو أشياء، كالسداسي الموسيقي.,سدس,فُعَالِيٌّ,roots-4662:سدس:المحكم — المعاني,roots-4662:سدس:مقاييس — المحور,roots-4662:سدس:الأساس — المجاز,سُدَاسِيّ,APPROVED,,L2_008 re-candidate (was NO_ARABIC_EQUIVALENT: NISBA_POS_DEFER) | WAZN ← L2_007 نسبة فُعَالٌ
AR03941,دَزِينَة,اسم جامد,189,3331,مجموعة من اثني عشر شيئاً من جنس واحد، وتُستعمل في الجمع للدلالة على عدد كبير غير محدَّد.,,,,,,دَزِينَة,APPROVED,,L2_013 owner: دخيل، اسم جامد، بلا جذر
AR03942,مِئَة,اسم جامد,189,3327,عدد يساوي عشر عشرات، ويُستعمل جمعه للدلالة على كثرة غير محدَّدة.,مءي,فِعَةٌ,roots-4662:مءي:المحكم — المعاني,roots-4662:مءي:مقاييس — النص,,مِئَة,APPROVED,,L2_014 NUM→اسم جامد | محذوفة اللام | WAZN ← L2_015 المالك
AR03944,مِلْيُون,اسم جامد,189,3329,عدد يساوي ألف ألف، ويُستعمل جمعه للدلالة على كثرة هائلة.,,,,,,مِلْيُون,APPROVED,,L2_014 NUM→اسم جامد | دخيل
AR03945,مِلْيَار,اسم جامد,189,3330,عدد يساوي ألف مليون، ويُستعمل جمعه للدلالة على كثرة بالغة.,,,,,,مِلْيَار,APPROVED,,L2_014 NUM→اسم جامد | دخيل
AR03947,اِثْنَانِ وَعِشْرُونَ,تركيب,426,7823,عدد مركّب بالعطف يُسمّى به العيار في السلاح، كقولهم مسدس عيار اثنين وعشرين.,,,,,,اِثْنَانِ وَعِشْرُونَ,APPROVED,,L2_014 NUM→تركيب
AR03948,أَرْبَعَةٌ وَأَرْبَعُونَ,تركيب,426,7826,عدد مركّب بالعطف يُسمّى به العيار في السلاح، كقولهم مسدس عيار أربعة وأربعين.,,,,,,أَرْبَعَةٌ وَأَرْبَعُونَ,APPROVED,,L2_014 NUM→تركيب
AR03949,سَبَّبَ,فعل,5,2;12013;15233,أَحْدَثَ السَّبَب تأثيراً,سبب,فَعَّلَ,roots-4662:سبب:المحكم — المعاني,roots-4662:سبب:مقاييس — النص,roots-4662:سبب:الأساس — المجاز,سَبَّبَ,APPROVED,,L2_017 haiku b01
AR03950,سَبَب,اسم جامد,5,3;10844,ما يُحدِث أثراً أو تغييراً,سبب,فَعَلٌ,roots-4662:سبب:المحكم — المعاني,roots-4662:سبب:مقاييس — النص,roots-4662:سبب:الأساس — المجاز,سَبَب,APPROVED,,L2_017 haiku b01 | FLAGS: AL_STRIPPED
AR03952,فَعَلَ,فعل,5,4,أَتَى بفعل ما,فعل,فَعَلَ,roots-4662:فعل:المحكم — المعاني,roots-4662:فعل:مقاييس — المحور,,فَعَلَ,APPROVED,,L2_017 haiku b01
AR03953,قَادَ,فعل,5,8591,أَدَّى إلى حدوث أمر ما,قود,فَعَلَ,roots-4662:قود:المحكم — المعاني,roots-4662:قود:مقاييس — المحور,roots-4662:قود:الأساس — المجاز,قَادَ,APPROVED,,L2_017 haiku b01
AR03954,أَرْسَلَ,فعل,5,10916,جَعَلَ شيئاً في حالة معيّنة,رسل,أَفْعَلَ,roots-4662:رسل:المحكم — المعاني,roots-4662:رسل:مقاييس — المحور,roots-4662:رسل:الأساس — المجاز,أَرْسَلَ,APPROVED,,L2_017 haiku b01
AR03956,أَسْرَعَ,فعل,5,11495,جَعَلَ حدثاً يقع فجأة,سرع,أَفْعَلَ,roots-4662:سرع:المحكم — المعاني,roots-4662:سرع:مقاييس — المحور,,أَسْرَعَ,APPROVED,,L2_017 haiku b01
AR03957,مُسَبِّب,صفة مشبهة,5,11716,ما يَكون سبباً,سبب,مُفَعِّلٌ,roots-4662:سبب:المحكم — المعاني,roots-4662:سبب:مقاييس — النص,roots-4662:سبب:الأساس — المجاز,مُسَبِّب,APPROVED,,L2_017 haiku b01
AR03960,حَفَّزَ,فعل,5,12014;18486,حَمَلَ على فعل ما,حفز,فَعَّلَ,v21:حفز:المحكم — المعاني,v21:حفز:مقاييس — المحور,,حَفَّزَ,APPROVED,,L2_017 haiku b01
AR03961,وَضَعَ,فعل,5,13387,جَعَلَ في حالة معيّنة,وضع,فَعَلَ,roots-4662:وضع:المحكم — المعاني,roots-4662:وضع:مقاييس — المحور,roots-4662:وضع:الأساس — المجاز,وَضَعَ,APPROVED,,L2_017 haiku b01
AR03962,لِأَنَّ,حرف,5,13417;13419;14984,حَرْفُ تعليل يُفيدُ السَّبَب,,,,,,لِأَنَّ,APPROVED,,L2_017 haiku b01
AR03963,بِسَبَب,تركيب,5,13420;16910,حَرْفُ جَرٍّ يُفيدُ التَّعليل,,,,,,بِسَبَب,APPROVED,,L2_017 haiku b01
AR03964,رَفَعَ,فعل,5,14030,جَعَلَ مسموعاً أو ملحوظاً,رفع,فَعَلَ,roots-4662:رفع:المحكم — المعاني,roots-4662:رفع:مقاييس — المحور,roots-4662:رفع:الأساس — المجاز,رَفَعَ,APPROVED,,L2_017 haiku b01
AR03965,أَسْفَرَ,فعل,5,14329,أَدَّى إلى نتيجة معيّنة,سفر,أَفْعَلَ,roots-4662:سفر:المحكم — المعاني,roots-4662:سفر:مقاييس — المحور,roots-4662:سفر:الأساس — المجاز,أَسْفَرَ,APPROVED,,L2_017 haiku b01
AR03966,عَنَى,فعل,5,14369,كَانَ له تأثير أو نتيجة,عني,فَعَلَ,,v21:عني:مقاييس — النص,,عَنَى,APPROVED,,L2_017 haiku b01
AR03967,نَتيجَة,اسم جامد,5,14552;17002,ما يترتّب على حدث ما,نتج,فِعْلَةٌ,roots-4662:نتج:المحكم — المعاني,roots-4662:نتج:مقاييس — النص,roots-4662:نتج:الأساس — المجاز,نَتيجَة,APPROVED,,L2_017 haiku b01 | FLAGS: AL_STRIPPED
AR03971,حَتَّى,حرف,5,15329,حَرْفٌ يُفيدُ التَّسَبُّب والتّأثير,,,,,,حَتَّى,APPROVED,,L2_017 haiku b01
AR03972,مَسْؤول,اسم فاعل,5,16940,مَن يتحمّل المَسْؤولية,سءل,,roots-4662:سءل:المحكم — المعاني,roots-4662:سءل:مقاييس — النص,,مَسْؤول,APPROVED,مَفْعول,L2_017 haiku b01 | FLAGS: WAZN_NOT_IN_INV
AR03973,نَاتِج,اسم فاعل,5,17003;17004;17005;17006,ما حَصَلَ نتيجة حدث,نتج,فَاعِلٌ,roots-4662:نتج:المحكم — المعاني,roots-4662:نتج:مقاييس — النص,roots-4662:نتج:الأساس — المجاز,نَاتِج,APPROVED,,L2_017 haiku b01 | FLAGS: AL_STRIPPED
AR03974,يَملي,فعل,5,17071,يَتَحَكَّمُ في أمر ما,ملي,,,,,يَملي,APPROVED,يَفْعَل,L2_017 haiku b01 | FLAGS: WAZN_NOT_IN_INV
AR03976,إِرْث,اسم جامد,5,18706,ما يَبْقَى كنتيجة استعارة,ورث,فِعْلٌ,roots-4662:ورث:المحكم — المعاني,roots-4662:ورث:مقاييس — النص,roots-4662:ورث:الأساس — المجاز,إِرْث,APPROVED,,L2_017 haiku b01 | FLAGS: AL_STRIPPED
AR03978,تَوَاصَلَ,فعل,6,5,نَقَلَ الرسالة لآخر,وصل,تَفَاعَلَ,roots-4662:وصل:المحكم — المعاني,roots-4662:وصل:مقاييس — المحور,,تَوَاصَلَ,APPROVED,,L2_017 haiku b01
AR03979,كَلام,اسم جامد,6,4630,قُدْرَةُ النطق والتحدّث,كلم,فَعَالٍ,roots-4662:كلم:المحكم — المعاني,roots-4662:كلم:مقاييس — المحور,roots-4662:كلم:الأساس — المجاز,كَلام,APPROVED,,L2_017 haiku b01 | FLAGS: AL_STRIPPED
AR03980,أَشَارَ,فعل,6,10151;10152,أَظْهَرَ أو أَبَانَ عن شيء,شير,أَفْعَلَ,v21:شير:المحكم — المعاني,,,أَشَارَ,APPROVED,,L2_017 haiku b01
AR03981,تَوَاصُل,مصدر,6,13211,فِعْلُ نقل الرسالة,وصل,تَفَاعُلٌ,roots-4662:وصل:المحكم — المعاني,roots-4662:وصل:مقاييس — المحور,,تَوَاصُل,APPROVED,,L2_017 haiku b01 | FLAGS: AL_STRIPPED
AR03982,رسالة,اسم جامد,6,13212,ما يُنقَلُ من معلومات,رسل,فِعْلَةٌ,roots-4662:رسل:المحكم — المعاني,roots-4662:رسل:مقاييس — المحور,roots-4662:رسل:الأساس — المجاز,رسالة,APPROVED,,L2_017 haiku b01 | FLAGS: AL_STRIPPED;UNVOCALIZED
AR03983,اتصال,مصدر,6,13270,التواصل أو الصلة,ءتص,,,,,اتصال,APPROVED,افْتِعَال,L2_017 haiku b01 | FLAGS: AL_STRIPPED;ROOT_NORMALIZED;UNVOCALIZED;WAZN_NOT_IN_INV
AR03984,كَلِمَة سِرّ,تركيب,6,13272,كلمة تحفظ السِّرّ,,,,,,كَلِمَة سِرّ,APPROVED,,L2_017 haiku b01
AR03985,كَلِمَة السِّرّ,تركيب,6,13326,عبارة سريّة للدخول,,,,,,كَلِمَة السِّرّ,APPROVED,,L2_017 haiku b01
AR03986,نَقَلَ,فعل,6,13698,أَوْصَلَ فكرة أو شعوراً,نقل,فَعَلَ,roots-4662:نقل:المحكم — المعاني,roots-4662:نقل:مقاييس — المحور,roots-4662:نقل:الأساس — المجاز,نَقَلَ,APPROVED,,L2_017 haiku b01
AR03987,قَالَ,فعل,6,15315,نَقَلَ الرسالة لسانياً,قول,فَعَلَ,roots-4662:قول:المحكم — المعاني,roots-4662:قول:مقاييس — المحور,,قَالَ,APPROVED,,L2_017 haiku b01
AR03990,ذَهَبَ,فعل,7,4345,انتقل من مكان إلى آخر,ذهب,فَعَلَ,roots-4662:ذهب:المحكم — المعاني,roots-4662:ذهب:مقاييس — المحور,roots-4662:ذهب:الأساس — المجاز,ذَهَبَ,APPROVED,,L2_017 haiku b01
AR03992,انْزَلَقَ,فعل,7,6166;6262;10922,تَحَرَّكَ بسلاسة وهدوء,زلق,,roots-4662:زلق:المحكم — المعاني,roots-4662:زلق:مقاييس — المحور,roots-4662:زلق:الأساس — المجاز,انْزَلَقَ,APPROVED,انْفَعَلَ,L2_017 haiku b01 | FLAGS: WAZN_NOT_IN_INV
AR03993,هَبَّتْ,فعل,7,6168,حُمِلَتْ بالريح,هبب,فَعَّلَ,roots-4662:هبب:المحكم — المعاني,roots-4662:هبب:مقاييس — المحور,roots-4662:هبب:الأساس — المجاز,هَبَّتْ,APPROVED,,L2_017 haiku b01 | FLAGS: WAZN_LEMMA_MISMATCH
AR03995,تَدَحْرَجَ,فعل,7,6263,دَارَ حول محور,درج,تَفَعْلَلَ,roots-4662:درج:المحكم — المعاني,roots-4662:درج:مقاييس — المحور,roots-4662:درج:الأساس — المجاز,تَدَحْرَجَ,APPROVED,,L2_017 haiku b01 | FLAGS: WAZN_LEMMA_MISMATCH
AR03999,تَلَوَّى,فعل,7,12972,تَحَرَّكَ بحركة متعرجة,لوي,تَفَعَّلَ,roots-4662:لوي:المحكم — المعاني,roots-4662:لوي:مقاييس — المحور,roots-4662:لوي:الأساس — المجاز,تَلَوَّى,APPROVED,,L2_017 haiku b01
AR04001,تَمَوَّجَ,فعل,7,12974,تَحَرَّكَ بحركة موجية,موج,تَفَعَّلَ,roots-4662:موج:المحكم — المعاني,roots-4662:موج:مقاييس — المحور,roots-4662:موج:الأساس — المجاز,تَمَوَّجَ,APPROVED,,L2_017 haiku b01
AR04003,التَّفَّ,فعل,7,12976;12981,سَار بمسار ملتويّ,لفف,,roots-4662:لفف:المحكم — المعاني,roots-4662:لفف:مقاييس — المحور,,التَّفَّ,APPROVED,افْتَعَلَ,L2_017 haiku b01 | FLAGS: WAZN_LEMMA_MISMATCH;WAZN_NOT_IN_INV
AR04004,دَارَ,فعل,7,12980,تَحَرَّكَ بشكل دائري,دور,,roots-4662:دور:المحكم — المعاني,roots-4662:دور:مقاييس — المحور,,دَارَ,APPROVED,فَاعَ,L2_017 haiku b01 | FLAGS: WAZN_NOT_IN_INV
AR04005,تَأَرْجَحَ,فعل,7,12991,تَحَرَّكَ بسرعة بتغيير اتجاه,رجح,تَفَعْلَلَ,roots-4662:رجح:المحكم — المعاني,roots-4662:رجح:مقاييس — المحور,roots-4662:رجح:الأساس — المجاز,تَأَرْجَحَ,APPROVED,,L2_017 haiku b01 | FLAGS: WAZN_LEMMA_MISMATCH
AR04006,سَافَرَ,فعل,7,15450,انتقل من مكان لآخر,سفر,فَاعَلَ,roots-4662:سفر:المحكم — المعاني,roots-4662:سفر:مقاييس — المحور,roots-4662:سفر:الأساس — المجاز,سَافَرَ,APPROVED,,L2_017 haiku b01
AR04008,نُسْخَة,اسم جامد,11,8;9;11;5816,نسخة مطابقة لأصل,نسخ,فِعْلَةٌ,roots-4662:نسخ:المحكم — المعاني,roots-4662:نسخ:مقاييس — النص,roots-4662:نسخ:الأساس — المجاز,نُسْخَة,APPROVED,,L2_017 haiku b01 | FLAGS: AL_STRIPPED
AR04009,نَسَخَ,فعل,11,10,صَنَعَ نسخة من شيء,نسخ,فَعَلَ,roots-4662:نسخ:المحكم — المعاني,roots-4662:نسخ:مقاييس — النص,roots-4662:نسخ:الأساس — المجاز,نَسَخَ,APPROVED,,L2_017 haiku b01
AR04011,الصورة الضوئية,تركيب,11,13,نسخة بطريقة ضوئية,,,,,,الصورة الضوئية,APPROVED,,L2_017 haiku b01 | FLAGS: UNVOCALIZED
AR04012,صَوَّرَ ضوئياً,تركيب,11,14,صَنَعَ نسخة ضوئية,,,,,,صَوَّرَ ضوئياً,APPROVED,,L2_017 haiku b01
AR04013,كَرَّرَ,فعل,11,15;16,كَرَّرَ أو نَسَخَ مرة أخرى,كرر,فَعَّلَ,roots-4662:كرر:المحكم — المعاني,roots-4662:كرر:مقاييس — المحور,,كَرَّرَ,APPROVED,,L2_017 haiku b01
AR04014,أَعَادَ الإِنْتَاج,تركيب,11,17,أَنْتَجَ نسخة من الأصل,,,,,,أَعَادَ الإِنْتَاج,APPROVED,,L2_017 haiku b01
AR04017,اِسْتَنْسَخَ,فعل,11,17430,أَنْتَجَ نسخة مطابقة,نسخ,,roots-4662:نسخ:المحكم — المعاني,roots-4662:نسخ:مقاييس — النص,roots-4662:نسخ:الأساس — المجاز,اِسْتَنْسَخَ,APPROVED,اسْتَفْعَلَ,L2_017 haiku b01 | FLAGS: WAZN_NOT_IN_INV
AR04018,زَيَّفَ,فعل,12,21,حَاكَى بقصد الخداع,زيف,فَعَّلَ,roots-4662:زيف:المحكم — المعاني,roots-4662:زيف:مقاييس — النص,,زَيَّفَ,APPROVED,,L2_017 haiku b01
AR04020,تَمَثَّلَ,فعل,12,4444,قَدَّمَ تمثيلاً مزيفاً,مثل,تَفَعَّلَ,roots-4662:مثل:المحكم — المعاني,roots-4662:مثل:مقاييس — المحور,,تَمَثَّلَ,APPROVED,,L2_017 haiku b01
AR04024,رَبَطَ,فعل,13,40,صَهَرَ أجزاء لتكوين واحد,ربط,فَعَلَ,roots-4662:ربط:المحكم — المعاني,roots-4662:ربط:مقاييس — المحور,roots-4662:ربط:الأساس — المجاز,رَبَطَ,APPROVED,,L2_017 haiku b01
AR04025,وَصَلَ,فعل,13,41,رَبَطَ شيئين معاً,وصل,فَعَلَ,roots-4662:وصل:المحكم — المعاني,roots-4662:وصل:مقاييس — المحور,,وَصَلَ,APPROVED,,L2_017 haiku b01
AR04026,امْتَزَجَ,فعل,13,42;4832;4834;4835,أَدْمَجَ أشياء في واحد,مزج,,roots-4662:مزج:المحكم — المعاني,roots-4662:مزج:مقاييس — المحور,roots-4662:مزج:الأساس — المجاز,امْتَزَجَ,APPROVED,افْتَعَلَ,L2_017 haiku b01 | FLAGS: WAZN_NOT_IN_INV
AR04027,وَحَّدَ,فعل,13,43,جَعَلَ متحدة أو متساوية,وحد,فَعَّلَ,roots-4662:وحد:المحكم — المعاني,roots-4662:وحد:مقاييس — المحور,,وَحَّدَ,APPROVED,,L2_017 haiku b01
AR04028,خَلَطَ,فعل,13,4833;5308;12062;12080;12081,خَلَطَ شيئاً بآخر,خلط,فَعَلَ,roots-4662:خلط:المحكم — المعاني,roots-4662:خلط:مقاييس — النص,roots-4662:خلط:الأساس — المجاز,خَلَطَ,APPROVED,,L2_017 haiku b01
AR04029,دَمَجَ,فعل,13,12063;16438,جَمَعَ في واحد,دمج,فَعَلَ,roots-4662:دمج:المحكم — المعاني,roots-4662:دمج:مقاييس — المحور,roots-4662:دمج:الأساس — المجاز,دَمَجَ,APPROVED,,L2_017 haiku b01
AR04030,دَعَّمَ,فعل,13,12064,جَعَلَ أقوى بالاجتماع,دعم,فَعَّلَ,roots-4662:دعم:المحكم — المعاني,roots-4662:دعم:مقاييس — المحور,roots-4662:دعم:الأساس — المجاز,دَعَّمَ,APPROVED,,L2_017 haiku b01
AR04031,ذَابَ,فعل,13,12065,ذَوَّبَ معادن معاً,ذوب,,roots-4662:ذوب:المحكم — المعاني,roots-4662:ذوب:مقاييس — المحور,roots-4662:ذوب:الأساس — المجاز,ذَابَ,APPROVED,فَاعَ,L2_017 haiku b01 | FLAGS: WAZN_NOT_IN_INV
AR04032,زَوَّجَ,فعل,13,12082,جَمَعَ شيئين في زوج,زوج,فَعَّلَ,roots-4662:زوج:المحكم — المعاني,roots-4662:زوج:مقاييس — المحور,roots-4662:زوج:الأساس — المجاز,زَوَّجَ,APPROVED,,L2_017 haiku b01
AR04033,اندماج,مصدر,13,17098,فِعْلُ دَمْجِ كائنين,دمج,,roots-4662:دمج:المحكم — المعاني,roots-4662:دمج:مقاييس — المحور,roots-4662:دمج:الأساس — المجاز,اندماج,APPROVED,افْتِعَال,L2_017 haiku b01 | FLAGS: AL_STRIPPED;UNVOCALIZED;WAZN_LEMMA_MISMATCH;WAZN_NOT_IN_INV
AR04034,تَوليفة,مصدر,13,17099,نتيجة الجمع أو الدمج,وليف,,,,,تَوليفة,APPROVED,افْتِعَال,L2_017 haiku b01 | FLAGS: AL_STRIPPED;WAZN_NOT_IN_INV
AR04035,قَسَّمَ,فعل,15,56;57;59;60;61,قَطَعَ إلى نصفين,قسم,فَعَّلَ,roots-4662:قسم:المحكم — المعاني,roots-4662:قسم:مقاييس — المحور,roots-4662:قسم:الأساس — المجاز,قَسَّمَ,APPROVED,,L2_017 haiku b01
AR04036,فَصَلَ,فعل,15,58;63,انفصل أو افترق,فصل,فَعَلَ,roots-4662:فصل:المحكم — المعاني,roots-4662:فصل:مقاييس — النص,,فَصَلَ,APPROVED,,L2_017 haiku b01
AR04038,انْقَسَمَ,فعل,15,64,قَسَّمَ إلى أجزاء,قسم,,roots-4662:قسم:المحكم — المعاني,roots-4662:قسم:مقاييس — المحور,roots-4662:قسم:الأساس — المجاز,انْقَسَمَ,APPROVED,انْفَعَلَ,L2_017 haiku b01 | FLAGS: WAZN_NOT_IN_INV
AR04039,قِسْمَة,مصدر,15,13640,فِعْلُ التَّقْسِيم,قسم,فِعْلَةٌ,roots-4662:قسم:المحكم — المعاني,roots-4662:قسم:مقاييس — المحور,roots-4662:قسم:الأساس — المجاز,قِسْمَة,APPROVED,,L2_017 haiku b01 | FLAGS: AL_STRIPPED
AR04040,قَطَعَ,فعل,15,15617,فَصَلَ بالقطع,قطع,فَعَلَ,roots-4662:قطع:المحكم — المعاني,roots-4662:قطع:مقاييس — المحور,roots-4662:قطع:الأساس — المجاز,قَطَعَ,APPROVED,,L2_017 haiku b01
AR04041,قَبَضَ,فعل,17,109;111;113;114;9197,أَمْسَكَ بقوة باليد,قبض,فَعَلَ,roots-4662:قبض:المحكم — المعاني,roots-4662:قبض:مقاييس — المحور,roots-4662:قبض:الأساس — المجاز,قَبَضَ,APPROVED,,L2_017 haiku b01
AR04042,خَدَشَ,فعل,17,110;120,حَاوَلَ تحريك بالمخالب,خدش,فَعَلَ,roots-4662:خدش:المحكم — المعاني,roots-4662:خدش:مقاييس — المحور,roots-4662:خدش:الأساس — المجاز,خَدَشَ,APPROVED,,L2_017 haiku b01
AR04043,لَمَسَ,فعل,17,112;4882;11003,لَمَسَ بالأصابع,لمس,فَعَلَ,roots-4662:لمس:المحكم — المعاني,roots-4662:لمس:مقاييس — المحور,roots-4662:لمس:الأساس — المجاز,لَمَسَ,APPROVED,,L2_017 haiku b01
AR04044,أَمْسَكَ,فعل,17,115;124;15043;15647,أَحْكَمَ الإِمْسَاك,ءمسك,أَفْعَلَ,,,,أَمْسَكَ,APPROVED,,L2_017 haiku b01 | FLAGS: ROOT_NORMALIZED
AR04046,دَلَّكَ,فعل,17,117,فَرَكَ للتخفيف,دلك,فَعَّلَ,roots-4662:دلك:المحكم — المعاني,roots-4662:دلك:مقاييس — المحور,roots-4662:دلك:الأساس — المجاز,دَلَّكَ,APPROVED,,L2_017 haiku b01
AR04047,نَشَرَ,فعل,17,118,قَرَصَ أو عَصَرَ,نشر,فَعَلَ,roots-4662:نشر:المحكم — المعاني,roots-4662:نشر:مقاييس — المحور,roots-4662:نشر:الأساس — المجاز,نَشَرَ,APPROVED,,L2_017 haiku b01
AR04048,دَفَعَ,فعل,17,119;123,لَكَمَ بلطف,دفع,فَعَلَ,roots-4662:دفع:المحكم — المعاني,roots-4662:دفع:مقاييس — المحور,roots-4662:دفع:الأساس — المجاز,دَفَعَ,APPROVED,,L2_017 haiku b01
AR04049,قَرَصَ,فعل,17,121,عَصَرَ باليد,قرص,فَعَلَ,roots-4662:قرص:المحكم — المعاني,roots-4662:قرص:مقاييس — المحور,roots-4662:قرص:الأساس — المجاز,قَرَصَ,APPROVED,,L2_017 haiku b01
AR04052,لَفَّ,فعل,17,127,فَتَلَ بحركة صغيرة,لفف,فَعَّلَ,roots-4662:لفف:المحكم — المعاني,roots-4662:لفف:مقاييس — المحور,,لَفَّ,APPROVED,,L2_017 haiku b01 | FLAGS: WAZN_LEMMA_MISMATCH
AR04055,فَرَكَ,فعل,17,8190,طَبَّقَ ضغطاً متكرراً,فرك,فَعَلَ,roots-4662:فرك:المحكم — المعاني,roots-4662:فرك:مقاييس — المحور,,فَرَكَ,APPROVED,,L2_017 haiku b01
AR04056,سَحْبَة,مصدر,17,10910,فِعْلُ شَدِّ شيء,سحب,فَعْلَةٌ,roots-4662:سحب:المحكم — المعاني,roots-4662:سحب:مقاييس — المحور,roots-4662:سحب:الأساس — المجاز,سَحْبَة,APPROVED,,L2_017 haiku b01 | FLAGS: AL_STRIPPED
AR04057,لَحِسَ,فعل,17,11002,مَرَّ اللِّسَان عليه,لحس,فَعِلَ,roots-4662:لحس:المحكم — المعاني,roots-4662:لحس:مقاييس — المحور,roots-4662:لحس:الأساس — المجاز,لَحِسَ,APPROVED,,L2_017 haiku b01
AR04058,قَبَّلَ,فعل,17,11004,لَمَسَ بالشفاه,قبل,فَعَّلَ,roots-4662:قبل:المحكم — المعاني,roots-4662:قبل:مقاييس — المحور,roots-4662:قبل:الأساس — المجاز,قَبَّلَ,APPROVED,,L2_017 haiku b01
AR04059,لَاطَفَ,فعل,17,11005,لَمَسَ برفق وحب,لطف,فَاعَلَ,roots-4662:لطف:المحكم — المعاني,roots-4662:لطف:مقاييس — المحور,roots-4662:لطف:الأساس — المجاز,لَاطَفَ,APPROVED,,L2_017 haiku b01
AR04060,المُلاطفة,مصدر,17,11006,لَمْسَة حانية,لطف,,roots-4662:لطف:المحكم — المعاني,roots-4662:لطف:مقاييس — المحور,roots-4662:لطف:الأساس — المجاز,المُلاطفة,APPROVED,افْتِعَال,L2_017 haiku b01 | FLAGS: WAZN_LEMMA_MISMATCH;WAZN_NOT_IN_INV
AR04061,مَسَحَ,فعل,17,11010,مَرَّ اليد برفق,مسح,فَعَلَ,roots-4662:مسح:المحكم — المعاني,roots-4662:مسح:مقاييس — المحور,roots-4662:مسح:الأساس — المجاز,مَسَحَ,APPROVED,,L2_017 haiku b01
AR04062,دَغْدَغَ,فعل,17,15086,لَمَسَ بطريقة تُضحك,دغدغ,فَعْلَلَ,v21:دغدغ:المحكم — المعاني,,v21:دغدغ:الأساس — المجاز,دَغْدَغَ,APPROVED,,L2_017 haiku b01
AR04063,قُبْلَة,اسم جامد,17,17684,لَمْسَة بالشفاه,قبل,فِعْلَةٌ,roots-4662:قبل:المحكم — المعاني,roots-4662:قبل:مقاييس — المحور,roots-4662:قبل:الأساس — المجاز,قُبْلَة,APPROVED,,L2_017 haiku b01 | FLAGS: AL_STRIPPED
AR04065,انْحَنَى,فعل,18,130;132;135;138;142,تَوَضَّعَ في وضع منحني,حني,,,,,انْحَنَى,APPROVED,انْفَعَلَ,L2_017 haiku b01 | FLAGS: WAZN_NOT_IN_INV
AR04066,قَفَزَ,فعل,18,131,انْخَفَضَ بثني الركبتين,قفز,فَعَلَ,roots-4662:قفز:المحكم — المعاني,roots-4662:قفز:مقاييس — المحور,roots-4662:قفز:الأساس — المجاز,قَفَزَ,APPROVED,,L2_017 haiku b01
AR04067,التَّفَّ,فعل,18,133,حَنَى الجسد في مساحة صغيرة,لفف,,roots-4662:لفف:المحكم — المعاني,roots-4662:لفف:مقاييس — المحور,,التَّفَّ,APPROVED,افْتَعَلَ,L2_017 haiku b01 | FLAGS: WAZN_LEMMA_MISMATCH;WAZN_NOT_IN_INV
AR04068,سَجَدَ,فعل,18,134,وضع الركبة على الأرض,سجد,فَعَلَ,roots-4662:سجد:المحكم — المعاني,roots-4662:سجد:مقاييس — المحور,roots-4662:سجد:الأساس — المجاز,سَجَدَ,APPROVED,,L2_017 haiku b01
AR04069,اسْتَلْقَى,فعل,18,136,اسْتَرْخَى بشكل أفقي,لقي,,roots-4662:لقي:المحكم — المعاني,roots-4662:لقي:مقاييس — المحور,roots-4662:لقي:الأساس — المجاز,اسْتَلْقَى,APPROVED,افْتَعَلَ,L2_017 haiku b01 | FLAGS: WAZN_NOT_IN_INV
AR04071,تَمَدَّدَ,فعل,18,139,مَدَّ الأطراف عشوائياً,مدد,تَفَعَّلَ,roots-4662:مدد:المحكم — المعاني,roots-4662:مدد:مقاييس — المحور,roots-4662:مدد:الأساس — المجاز,تَمَدَّدَ,APPROVED,,L2_017 haiku b01
AR04072,اِسْتَقْعَدَ,فعل,18,140,جَلَسَ منخفضاً,قعد,,roots-4662:قعد:المحكم — المعاني,roots-4662:قعد:مقاييس — المحور,roots-4662:قعد:الأساس — المجاز,اِسْتَقْعَدَ,APPROVED,افْتَعَلَ,L2_017 haiku b01 | FLAGS: WAZN_LEMMA_MISMATCH;WAZN_NOT_IN_INV
AR04073,وَقَفَ,فعل,18,141,اتَّخَذَ وضع الوقوف,وقف,فَعَلَ,roots-4662:وقف:المحكم — المعاني,roots-4662:وقف:مقاييس — المحور,roots-4662:وقف:الأساس — المجاز,وَقَفَ,APPROVED,,L2_017 haiku b01
AR04074,مُنْحَنٍ,اسم فاعل,18,5362;5365;9421,له انحناء حاد,حني,مُفْعَلٌ,,,,مُنْحَنٍ,APPROVED,,L2_017 haiku b01
AR04075,قَاعِد,اسم فاعل,18,5363,في وضع انخفاض,قعد,فَاعِلٌ,roots-4662:قعد:المحكم — المعاني,roots-4662:قعد:مقاييس — المحور,roots-4662:قعد:الأساس — المجاز,قَاعِد,APPROVED,,L2_017 haiku b01
AR04076,مُلْتَفّ,اسم فاعل,18,5364,أطرافه مطويّة,لفف,مُفْتَعِلٌ,roots-4662:لفف:المحكم — المعاني,roots-4662:لفف:مقاييس — المحور,,مُلْتَفّ,APPROVED,,L2_017 haiku b01 | FLAGS: WAZN_LEMMA_MISMATCH
AR04077,مُتَمَدِّد,اسم فاعل,18,9420,الأطراف مبسوطة,مدد,مُتَفَعِّلٌ,roots-4662:مدد:المحكم — المعاني,roots-4662:مدد:مقاييس — المحور,roots-4662:مدد:الأساس — المجاز,مُتَمَدِّد,APPROVED,,L2_017 haiku b01
AR04079,وضعية,اسم جامد,18,10356;10871,وضع الجسم المعيّن,وضع,فَعْلَةٌ,roots-4662:وضع:المحكم — المعاني,roots-4662:وضع:مقاييس — المحور,roots-4662:وضع:الأساس — المجاز,وضعية,APPROVED,,L2_017 haiku b01 | FLAGS: AL_STRIPPED;UNVOCALIZED
AR04080,موقف,اسم جامد,18,10357,طريقة الوقوف المعيّنة,وقف,فِعْلٌ,roots-4662:وقف:المحكم — المعاني,roots-4662:وقف:مقاييس — المحور,roots-4662:وقف:الأساس — المجاز,موقف,APPROVED,,L2_017 haiku b01 | FLAGS: AL_STRIPPED;UNVOCALIZED
AR04081,انْكَمَشَ,فعل,18,16554;17149,تَقَوَّسَ للحماية,كمش,,roots-4662:كمش:المحكم — المعاني,roots-4662:كمش:مقاييس — المحور,roots-4662:كمش:الأساس — المجاز,انْكَمَشَ,APPROVED,انْفَعَلَ,L2_017 haiku b01 | FLAGS: WAZN_NOT_IN_INV
AR04082,وَاعٍ,صفة مشبهة,19,147,لديه معرفة بشيء,وعي,فَاعِلٌ,roots-4662:وعي:المحكم — المعاني,roots-4662:وعي:مقاييس — المحور,,وَاعٍ,APPROVED,,L2_017 haiku b01
AR04083,وعي,مصدر,19,148;11315,القدرة على الإِدْراك,وعي,فِعْلٌ,roots-4662:وعي:المحكم — المعاني,roots-4662:وعي:مقاييس — المحور,,وعي,APPROVED,,L2_017 haiku b01 | FLAGS: AL_STRIPPED;UNVOCALIZED
AR04085,فَهِمَ,فعل,19,151;171,عَقَلَ معنى أمر ما,فهم,فَعِلَ,roots-4662:فهم:المحكم — المعاني,roots-4662:فهم:مقاييس — النص,,فَهِمَ,APPROVED,,L2_017 haiku b01
AR04086,فَهْم,مصدر,19,152;172,القدرة على العقل,فهم,فِعْلٌ,roots-4662:فهم:المحكم — المعاني,roots-4662:فهم:مقاييس — النص,,فَهْم,APPROVED,,L2_017 haiku b01 | FLAGS: AL_STRIPPED
AR04089,مُدْرِك,اسم فاعل,19,155;12691,لديه وعي بشيء,درك,مُفْعِلٌ,v21:درك:المحكم — المعاني,v21:درك:مقاييس — المحور,,مُدْرِك,APPROVED,,L2_017 haiku b01
AR04091,تَخَيَّلَ,فعل,19,157,شَكَّلَ صورة عقلية,خيل,تَفَعَّلَ,roots-4662:خيل:المحكم — المعاني,roots-4662:خيل:مقاييس — المحور,,تَخَيَّلَ,APPROVED,,L2_017 haiku b01
AR04095,افْتَرَضَ,فعل,19,163,افْتَرَضَ بدون إثبات,فرض,,roots-4662:فرض:المحكم — المعاني,roots-4662:فرض:مقاييس — المحور,roots-4662:فرض:الأساس — المجاز,افْتَرَضَ,APPROVED,افْتَعَلَ,L2_017 haiku b01 | FLAGS: WAZN_NOT_IN_INV
AR04096,افْتِراض,مصدر,19,164;166,ظَنّ بدون إثبات,فرض,,roots-4662:فرض:المحكم — المعاني,roots-4662:فرض:مقاييس — المحور,roots-4662:فرض:الأساس — المجاز,افْتِراض,APPROVED,افْتِعَال,L2_017 haiku b01 | FLAGS: AL_STRIPPED;WAZN_NOT_IN_INV
AR04098,اِشْتَبَهَ,فعل,19,167,ظَنَّ احتمالية أمر,شبه,,v21:شبه:المحكم — المعاني,v21:شبه:مقاييس — المحور,,اِشْتَبَهَ,APPROVED,افْتَعَلَ,L2_017 haiku b01 | FLAGS: WAZN_NOT_IN_INV
AR04099,ريبة,اسم جامد,19,168,ظَنّ بأمر ما,ريب,فِعْلَةٌ,roots-4662:ريب:المحكم — المعاني,roots-4662:ريب:مقاييس — المحور,,ريبة,APPROVED,,L2_017 haiku b01 | FLAGS: AL_STRIPPED;UNVOCALIZED
AR04100,فَكَّرَ,فعل,19,169,تَبِعَ اعْتِقَاداً ما,فكر,فَعَّلَ,roots-4662:فكر:المحكم — المعاني,roots-4662:فكر:مقاييس — النص,,فَكَّرَ,APPROVED,,L2_017 haiku b01
AR04101,فِكْر,مصدر,19,170,العملية العقلية أو النتيجة,فكر,فِعْلٌ,roots-4662:فكر:المحكم — المعاني,roots-4662:فكر:مقاييس — النص,,فِكْر,APPROVED,,L2_017 haiku b01 | FLAGS: AL_STRIPPED
AR04104,فِكْرَة,اسم جامد,19,17321,خاطر لسبيل عمل,فكر,فِعْلَةٌ,roots-4662:فكر:المحكم — المعاني,roots-4662:فكر:مقاييس — النص,,فِكْرَة,APPROVED,,L2_017 haiku b01 | FLAGS: AL_STRIPPED
AR04105,اكْتَشَفَ,فعل,20,173;11936;11949,عَثَرَ الْمُدْرِكُ عَلَىٰ حَقِيقَة,كشف,اِفْتَعَلَ,roots-4662:كشف:المحكم — المعاني,roots-4662:كشف:مقاييس — المحور,roots-4662:كشف:الأساس — المجاز,اكْتَشَفَ,APPROVED,,L2_017 haiku b02
AR04106,اكْتِشاف,مصدر,20,174,عَمَليَّةُ الْعُثورِ عَلَىٰ شَيْء,كشف,اِفْتِعَالٌ,roots-4662:كشف:المحكم — المعاني,roots-4662:كشف:مقاييس — المحور,roots-4662:كشف:الأساس — المجاز,اكْتِشاف,APPROVED,,L2_017 haiku b02
AR04107,وَجَدَ,فعل,20,175;16642,أَدْرَكَ الْمُدْرِكُ وُجودَ شَيْء,وجد,فَعَلَ,roots-4662:وجد:المحكم — المعاني,roots-4662:وجد:مقاييس — المحور,roots-4662:وجد:الأساس — المجاز,وَجَدَ,APPROVED,,L2_017 haiku b02
AR04108,لاحَظَ,فعل,20,176;177;8191;11942,انْتَبَهَ الشَّخْصُ إِلَىٰ شَيْء,لحظ,فَاعَلَ,roots-4662:لحظ:المحكم — المعاني,roots-4662:لحظ:مقاييس — المحور,roots-4662:لحظ:الأساس — المجاز,لاحَظَ,APPROVED,,L2_017 haiku b02
AR04110,أَدْرَكَ,فعل,20,179,شَعَرَ الشَّخْصُ بِحَقِيقَة,درك,أَفْعَلَ,v21:درك:المحكم — المعاني,v21:درك:مقاييس — المحور,,أَدْرَكَ,APPROVED,,L2_017 haiku b02
AR04111,رَمَقَ,فعل,20,4070,رَأَىٰ الْمُدْرِكُ شَيْئًا بِصُعوبَة,رمق,فَعَلَ,roots-4662:رمق:المحكم — المعاني,roots-4662:رمق:مقاييس — المحور,,رَمَقَ,APPROVED,,L2_017 haiku b02
AR04112,رَأَىٰ,فعل,20,4071,لاحَظَ الْمُدْرِكُ كِيَانًا,رءي,فَعَلَ,roots-4662:رءي:المحكم — المعاني,roots-4662:رءي:مقاييس — المحور,roots-4662:رءي:الأساس — المجاز,رَأَىٰ,APPROVED,,L2_017 haiku b02 | FLAGS: ROOT_NORMALIZED
AR04113,شَخَصَ,فعل,20,4072,رَأَىٰ الشَّخْصُ شَيْئًا بِنَظَر,خصص,فَعَلَ,roots-4662:خصص:المحكم — المعاني,roots-4662:خصص:مقاييس — المحور,roots-4662:خصص:الأساس — المجاز,شَخَصَ,APPROVED,,L2_017 haiku b02 | FLAGS: WAZN_LEMMA_MISMATCH
AR04114,تَمَيَّزَ,فعل,20,4073,فَهِمَ الْمُدْرِكُ ظَاهِرَةً بِوَضوح,ميز,تَفَعَّلَ,roots-4662:ميز:المحكم — المعاني,roots-4662:ميز:مقاييس — المحور,roots-4662:ميز:الأساس — المجاز,تَمَيَّزَ,APPROVED,,L2_017 haiku b02
AR04116,اسْتَكْشَفَ,فعل,20,9871,بَحَثَ الشَّخْصُ بِغَرَضِ رُؤْيَة,كشف,,roots-4662:كشف:المحكم — المعاني,roots-4662:كشف:مقاييس — المحور,roots-4662:كشف:الأساس — المجاز,اسْتَكْشَفَ,APPROVED,اسْتَفْعَلَ,L2_017 haiku b02 | FLAGS: WAZN_NOT_IN_INV
AR04118,الْتَقَىٰ,فعل,20,11933;11935;11937,وَجَدَ الْمُدْرِكُ شَيْئًا بِالْمُصادفَة,لقي,فَاعَلَ,roots-4662:لقي:المحكم — المعاني,roots-4662:لقي:مقاييس — المحور,roots-4662:لقي:الأساس — المجاز,الْتَقَىٰ,APPROVED,,L2_017 haiku b02
AR04120,وَقَعَ,فعل,20,11939,صَادَفَتْ عَيْنا الْمُدْرِكِ ظَاهِرَة,وقع,فَعَلَ,roots-4662:وقع:المحكم — المعاني,roots-4662:وقع:مقاييس — المحور,roots-4662:وقع:الأساس — المجاز,وَقَعَ,APPROVED,,L2_017 haiku b02
AR04125,فَسَّرَ,فعل,21,187;194;204;15711,فَهِمَ الشَّخْصُ الشَّيْءَ بِطَرِيقَة,فسر,فَعَّلَ,roots-4662:فسر:المحكم — المعاني,roots-4662:فسر:مقاييس — المحور,,فَسَّرَ,APPROVED,,L2_017 haiku b02
AR04126,تَفْسِير,مصدر,21,195,الْمَعْنَىٰ الَّذِي أُعْطِيَ لِلشَّيْء,فسر,تَفْعِيلٌ,roots-4662:فسر:المحكم — المعاني,roots-4662:فسر:مقاييس — المحور,,تَفْسِير,APPROVED,,L2_017 haiku b02
AR04129,قَالَبَ,فعل,21,8601;8602,نَظَرَ الْمُدْرِكُ إِلَىٰ الشَّيْء,قالب,فَاعَلَ,,,,قَالَبَ,APPROVED,,L2_017 haiku b02 | FLAGS: ROOT_ALIF
AR04130,فَهِمَ,فعل,21,8980,فَسَّرَ الْمُدْرِكُ الشَّيْءَ بِطَرِيقَة,فهم,فَعِلَ,roots-4662:فهم:المحكم — المعاني,roots-4662:فهم:مقاييس — النص,,فَهِمَ,APPROVED,,L2_017 haiku b02
AR04133,نَظَرَ,فعل,21,11759,اعْتَبَرَ الْمُدْرِكُ الشَّيْءَ,نظر,فَعَلَ,roots-4662:نظر:المحكم — المعاني,roots-4662:نظر:مقاييس — النص,roots-4662:نظر:الأساس — المجاز,نَظَرَ,APPROVED,,L2_017 haiku b02
AR04136,تَفَكَّرَ,فعل,22,205;217;218;220,فَكَّرَ الشَّخْصُ بِحُزْن,فكر,تَفَعَّلَ,roots-4662:فكر:المحكم — المعاني,roots-4662:فكر:مقاييس — النص,,تَفَكَّرَ,APPROVED,,L2_017 haiku b02
AR04137,تَدَبَّرَ,فعل,22,206,أَخَذَ الْمُدْرِكُ فِي الْحِسابِ,دبر,تَفَعَّلَ,roots-4662:دبر:المحكم — المعاني,roots-4662:دبر:مقاييس — المحور,roots-4662:دبر:الأساس — المجاز,تَدَبَّرَ,APPROVED,,L2_017 haiku b02
AR04138,تَدَبُّر,مصدر,22,207,التَّفْكِيرُ الْعَمِيقُ فِي شَيْء,دبر,تَفَعُّلٌ,roots-4662:دبر:المحكم — المعاني,roots-4662:دبر:مقاييس — المحور,roots-4662:دبر:الأساس — المجاز,تَدَبُّر,APPROVED,,L2_017 haiku b02
AR04141,تَرَوَّىٰ,فعل,22,210,فَكَّرَ الْمُدْرِكُ بِعِنايَة,روي,تَفَعَّلَ,roots-4662:روي:المحكم — المعاني,roots-4662:روي:مقاييس — المحور,roots-4662:روي:الأساس — المجاز,تَرَوَّىٰ,APPROVED,,L2_017 haiku b02
AR04142,تَرَوِّي,مصدر,22,211,التَّفْكِيرُ الطَّوِيلُ الْعَمِيق,روي,تَفَعُّلٌ,roots-4662:روي:المحكم — المعاني,roots-4662:روي:مقاييس — المحور,roots-4662:روي:الأساس — المجاز,تَرَوِّي,APPROVED,,L2_017 haiku b02
AR04144,رَاجَعَ,فعل,22,215,فَكَّرَ الْمُدْرِكُ طَوِيلاً,راجع,فَاعَلَ,,,,رَاجَعَ,APPROVED,,L2_017 haiku b02 | FLAGS: ROOT_ALIF
AR04146,تَفَكُّر,مصدر,22,219,التَّفْكِيرُ الْعَمِيقُ أَوْ الِاعْتِبارُ,فكر,تَفَعُّلٌ,roots-4662:فكر:المحكم — المعاني,roots-4662:فكر:مقاييس — النص,,تَفَكُّر,APPROVED,,L2_017 haiku b02
AR04147,تَسَاءَلَ,فعل,22,10866,حاولَ الشَّخْصُ فَهْمَ شَيْء,سءل,تَفَاعَلَ,roots-4662:سءل:المحكم — المعاني,roots-4662:سءل:مقاييس — النص,,تَسَاءَلَ,APPROVED,,L2_017 haiku b02
AR04148,فَكَّرَ,فعل,22,10867;11142,وَجَّهَ الْمُدْرِكُ عَقْلَهُ نَحْوَ شَيْء,فكر,فَعَّلَ,roots-4662:فكر:المحكم — المعاني,roots-4662:فكر:مقاييس — النص,,فَكَّرَ,APPROVED,,L2_017 haiku b02
AR04149,فِكْرَة,اسم جامد,22,11144,الرَّأْيُ أَوْ الْمَبْدَأُ الَّذِي يَنْشَأُ عَنِ التَّفْكِير,فكر,فِعْلَةٌ,roots-4662:فكر:المحكم — المعاني,roots-4662:فكر:مقاييس — النص,,فِكْرَة,APPROVED,,L2_017 haiku b02
AR04151,خَلَصَ,فعل,23,222,تَوَصَّلَ الْمُدْرِكُ إِلَىٰ حُكْم,خلص,فَعَلَ,roots-4662:خلص:المحكم — المعاني,roots-4662:خلص:مقاييس — المحور,roots-4662:خلص:الأساس — المجاز,خَلَصَ,APPROVED,,L2_017 haiku b02
AR04152,نتِيجَة,اسم جامد,23,223,الْحُكْمُ الَّذِي تَوَصَّلَ إِلَيْهِ,نتج,فِعْلَةٌ,roots-4662:نتج:المحكم — المعاني,roots-4662:نتج:مقاييس — النص,roots-4662:نتج:الأساس — المجاز,نتِيجَة,APPROVED,,L2_017 haiku b02
AR04153,اسْتَنْتَجَ,فعل,23,224;9731;12314;17285,توَصَّلَ الشَّخْصُ إِلَىٰ حَقِيقَة,نتج,,roots-4662:نتج:المحكم — المعاني,roots-4662:نتج:مقاييس — النص,roots-4662:نتج:الأساس — المجاز,اسْتَنْتَجَ,APPROVED,اسْتَفْعَلَ,L2_017 haiku b02 | FLAGS: WAZN_NOT_IN_INV
AR04154,اسْتِنْتاج,مصدر,23,225,النَّتِيجَةُ الَّتِي اسْتُنْتِجَتْ,نتج,,roots-4662:نتج:المحكم — المعاني,roots-4662:نتج:مقاييس — النص,roots-4662:نتج:الأساس — المجاز,اسْتِنْتاج,APPROVED,اسْتِفْعال,L2_017 haiku b02 | FLAGS: WAZN_NOT_IN_INV
AR04155,تَخْمِين,مصدر,23,226,التَّقْدِيرُ بِدونِ حُجَّة,خمن,تَفْعِيلٌ,roots-4662:خمن:المحكم — المعاني,,,تَخْمِين,APPROVED,,L2_017 haiku b02
AR04156,خَمَّنَ,فعل,23,227,قَدَّرَ الْمُدْرِكُ بِدونِ مَعْلومَات,خمن,فَعَّلَ,roots-4662:خمن:المحكم — المعاني,,,خَمَّنَ,APPROVED,,L2_017 haiku b02
AR04157,اسْتَدَلَّ,فعل,23,228,اسْتَنْتَجَ الشَّخْصُ مِنْ دَلائِل,دلل,,roots-4662:دلل:المحكم — المعاني,roots-4662:دلل:مقاييس — المحور,roots-4662:دلل:الأساس — المجاز,اسْتَدَلَّ,APPROVED,اسْتَفْعَلَ,L2_017 haiku b02 | FLAGS: WAZN_LEMMA_MISMATCH;WAZN_NOT_IN_INV
AR04158,اسْتِدلال,مصدر,23,229,النَّتِيجَةُ الَّتِي اسْتُدِلَّ عَلَيْها,دلل,,roots-4662:دلل:المحكم — المعاني,roots-4662:دلل:مقاييس — المحور,roots-4662:دلل:الأساس — المجاز,اسْتِدلال,APPROVED,اسْتِفْعال,L2_017 haiku b02 | FLAGS: WAZN_NOT_IN_INV
AR04160,إِدْراك,مصدر,23,231,الْفَهْمُ الشَّامِلُ لِشَيْء,درك,إِفْعَالٌ,v21:درك:المحكم — المعاني,v21:درك:مقاييس — المحور,,إِدْراك,APPROVED,,L2_017 haiku b02
AR04161,أَدْرَكَ,فعل,23,232,فَهِمَ الشَّخْصُ تَمامًا,درك,أَفْعَلَ,v21:درك:المحكم — المعاني,v21:درك:مقاييس — المحور,,أَدْرَكَ,APPROVED,,L2_017 haiku b02
AR04162,افْتَرَضَ,فعل,23,233;13780,حَزَرَ الْمُدْرِكُ بِدونِ دَليل,فرض,اِفْتَعَلَ,roots-4662:فرض:المحكم — المعاني,roots-4662:فرض:مقاييس — المحور,roots-4662:فرض:الأساس — المجاز,افْتَرَضَ,APPROVED,,L2_017 haiku b02
AR04165,مَيَّزَ,فعل,24,234;235;237;13462;14532;15860,وَجَدَ الْمُدْرِكُ الْفُرُوقَ,ميز,فَعَّلَ,roots-4662:ميز:المحكم — المعاني,roots-4662:ميز:مقاييس — المحور,roots-4662:ميز:الأساس — المجاز,مَيَّزَ,APPROVED,,L2_017 haiku b02
AR04166,تَمْيِيز,مصدر,24,236,الْفَهْمُ الْعَمِيقُ لِلْفُرُوقِ,ميز,تَفْعِيلٌ,roots-4662:ميز:المحكم — المعاني,roots-4662:ميز:مقاييس — المحور,roots-4662:ميز:الأساس — المجاز,تَمْيِيز,APPROVED,,L2_017 haiku b02
AR04167,فَرَزَ,فعل,24,238,انْتَقَىٰ الشَّخْصُ مِنْ مَجْموعَة,فرز,فَعَلَ,roots-4662:فرز:المحكم — المعاني,roots-4662:فرز:مقاييس — المحور,,فَرَزَ,APPROVED,,L2_017 haiku b02
AR04169,مُمَيَّز,صفة مشبهة,24,15971,يُمْكِنُ فَصْلُهُ عَنْ غَيْرِهِ,ميز,مُفَعَّلٌ,roots-4662:ميز:المحكم — المعاني,roots-4662:ميز:مقاييس — المحور,roots-4662:ميز:الأساس — المجاز,مُمَيَّز,APPROVED,,L2_017 haiku b02
AR04175,دَلَّ,فعل,25,245;8690;11448;15307,كانَ إِشارَةً عَلَىٰ شَيْء,دلل,فَعَّلَ,roots-4662:دلل:المحكم — المعاني,roots-4662:دلل:مقاييس — المحور,roots-4662:دلل:الأساس — المجاز,دَلَّ,APPROVED,,L2_017 haiku b02 | FLAGS: WAZN_LEMMA_MISMATCH
AR04176,كَشَفَ,فعل,25,246;248,أَظْهَرَ الشَّخْصُ وُجودَ شَيْء,كشف,فَعَلَ,roots-4662:كشف:المحكم — المعاني,roots-4662:كشف:مقاييس — المحور,roots-4662:كشف:الأساس — المجاز,كَشَفَ,APPROVED,,L2_017 haiku b02
AR04178,دَعَّمَ,فعل,25,250,قَدَّمَ الشَّخْصُ دَلِيلاً,دعم,فَعَّلَ,roots-4662:دعم:المحكم — المعاني,roots-4662:دعم:مقاييس — المحور,roots-4662:دعم:الأساس — المجاز,دَعَّمَ,APPROVED,,L2_017 haiku b02
AR04180,نَفَىٰ,فعل,25,7799,أَثْبَتَ كِذْبَ شَيْء,نفي,فَعَلَ,roots-4662:نفي:المحكم — المعاني,roots-4662:نفي:مقاييس — المحور,,نَفَىٰ,APPROVED,,L2_017 haiku b02
AR04181,نَاقَضَ,فعل,25,7800,أَثْبَتَ عَكْسَ تَصْرِيح,نقض,فَاعَلَ,roots-4662:نقض:المحكم — المعاني,roots-4662:نقض:مقاييس — المحور,roots-4662:نقض:الأساس — المجاز,نَاقَضَ,APPROVED,,L2_017 haiku b02
AR04183,دَليل,اسم جامد,25,10843;11738,مَعْلومَاتٌ تُشِيرُ إِلَىٰ حَقِيقَة,دلل,فَعِيلٌ,roots-4662:دلل:المحكم — المعاني,roots-4662:دلل:مقاييس — المحور,roots-4662:دلل:الأساس — المجاز,دَليل,APPROVED,,L2_017 haiku b02
AR04185,أَشارَ,فعل,25,11414;13329,أَوْحَىٰ الشَّخْصُ بِشَيْء,شير,أَفْعَلَ,v21:شير:المحكم — المعاني,,,أَشارَ,APPROVED,,L2_017 haiku b02
AR04187,مَثَّلَ,فعل,25,12782,كانَ مِثالاً عَلَىٰ شَيْء,مثل,فَعَّلَ,roots-4662:مثل:المحكم — المعاني,roots-4662:مثل:مقاييس — المحور,,مَثَّلَ,APPROVED,,L2_017 haiku b02
AR04191,أَيْقَنَ,فعل,25,17683,أَثْبَتَ الشَّخْصُ لِآخَرَ,يقن,أَفْعَلَ,roots-4662:يقن:المحكم — المعاني,roots-4662:يقن:مقاييس — النص,,أَيْقَنَ,APPROVED,,L2_017 haiku b02
AR04192,توَقَّعَ,فعل,26,253;255;256,رَأَىٰ الشَّخْصُ احْتِمالاً,وقع,تَفَعَّلَ,roots-4662:وقع:المحكم — المعاني,roots-4662:وقع:مقاييس — المحور,roots-4662:وقع:الأساس — المجاز,توَقَّعَ,APPROVED,,L2_017 haiku b02
AR04193,انْتَظَرَ,فعل,26,254;16597,انْتَظَرَ الشَّخْصُ حُدوثَ شَيْء,نظر,اِنْفَعَلَ,roots-4662:نظر:المحكم — المعاني,roots-4662:نظر:مقاييس — النص,roots-4662:نظر:الأساس — المجاز,انْتَظَرَ,APPROVED,,L2_017 haiku b02 | FLAGS: WAZN_LEMMA_MISMATCH
AR04194,تَنَبَّأَ,فعل,26,257,أَخْبَرَ الشَّخْصُ عَنْ حَدَث,نبء,تَفَعَّلَ,roots-4662:نبء:المحكم — المعاني,roots-4662:نبء:مقاييس — النص,roots-4662:نبء:الأساس — المجاز,تَنَبَّأَ,APPROVED,,L2_017 haiku b02 | FLAGS: ROOT_NORMALIZED
AR04195,مُتَوَقَّع,صفة مشبهة,26,3585;3588,يُمْكِنُ توَقُّعُهُ,وقع,مُتَفَعَّلٌ,roots-4662:وقع:المحكم — المعاني,roots-4662:وقع:مقاييس — المحور,roots-4662:وقع:الأساس — المجاز,مُتَوَقَّع,APPROVED,,L2_017 haiku b02
AR04196,غَيْرُ مُتَوَقَّع,صفة مشبهة,26,3586;3587,لا يُمْكِنُ توَقُّعُهُ,وقع,فَعِيلٌ,roots-4662:وقع:المحكم — المعاني,roots-4662:وقع:مقاييس — المحور,roots-4662:وقع:الأساس — المجاز,غَيْرُ مُتَوَقَّع,APPROVED,,L2_017 haiku b02
AR04197,توَقُّع,مصدر,26,13081,اعْتِقادُ الْمُدْرِكِ بِحُدوثِ شَيْء,وقع,تَفَعُّلٌ,roots-4662:وقع:المحكم — المعاني,roots-4662:وقع:مقاييس — المحور,roots-4662:وقع:الأساس — المجاز,توَقُّع,APPROVED,,L2_017 haiku b02
AR04198,تَنَبُّؤ,مصدر,26,13082,فِكْرَةٌ مُحَدَّدَةٌ عَمَّا سيَحْدُث,نبء,تَفَعُّلٌ,roots-4662:نبء:المحكم — المعاني,roots-4662:نبء:مقاييس — النص,roots-4662:نبء:الأساس — المجاز,تَنَبُّؤ,APPROVED,,L2_017 haiku b02 | FLAGS: ROOT_NORMALIZED
AR04199,إِحْساس,اسم جامد,26,13083,شُعورٌ قَوِيٌّ بِاقْتِرابِ شَيْء,حس,إِفْعَالٌ,,,,إِحْساس,APPROVED,,L2_017 haiku b02 | FLAGS: ROOT_LEN
AR04200,مُفاجِئ,صفة مشبهة,26,13928,لَيْسَ متَوَقَّعًا,فجج,مُفَاعِلٌ,roots-4662:فجج:المحكم — المعاني,roots-4662:فجج:مقاييس — المحور,,مُفاجِئ,APPROVED,,L2_017 haiku b02 | FLAGS: WAZN_LEMMA_MISMATCH
AR04204,حِيلَة,اسم جامد,27,263,عَمَلِيَّةُ التَّخْطِيطِ بِمَهارَة,حيل,فِعْلَةٌ,v21:حيل:المحكم — المعاني,,,حِيلَة,APPROVED,,L2_017 haiku b02
AR04206,وَضَعَ,فعل,27,268,ابْتَكَرَ الشَّخْصُ آلِيَّة,وضع,فَعَلَ,roots-4662:وضع:المحكم — المعاني,roots-4662:وضع:مقاييس — المحور,roots-4662:وضع:الأساس — المجاز,وَضَعَ,APPROVED,,L2_017 haiku b02
AR04207,صِيغَ,فعل,27,269,أَنْشَأَ الشَّخْصُ بِمَنْهَجِيَّة,صيغ,,,,,صِيغَ,APPROVED,فُعِلَ,L2_017 haiku b02 | FLAGS: WAZN_NOT_IN_INV
AR04208,ارْتَجَلَ,فعل,27,271,أَنْشَأَ الشَّخْصُ مِمَّا يَتَوَفَّر,رجل,اِفْتَعَلَ,roots-4662:رجل:المحكم — المعاني,roots-4662:رجل:مقاييس — المحور,roots-4662:رجل:الأساس — المجاز,ارْتَجَلَ,APPROVED,,L2_017 haiku b02
AR04209,اخْتَرَعَ,فعل,27,272,أَنْشَأَ الشَّخْصُ شَيْئًا جَدِيدًا,خرع,اِفْتَعَلَ,roots-4662:خرع:المحكم — المعاني,roots-4662:خرع:مقاييس — المحور,roots-4662:خرع:الأساس — المجاز,اخْتَرَعَ,APPROVED,,L2_017 haiku b02
AR04210,اخْتِراع,مصدر,27,273;13080,الْكِيَانُ الَّذِي نَتَجَ عَنِ الْاخْتِراعِ,خرع,اِفْتِعَالٌ,roots-4662:خرع:المحكم — المعاني,roots-4662:خرع:مقاييس — المحور,roots-4662:خرع:الأساس — المجاز,اخْتِراع,APPROVED,,L2_017 haiku b02
AR04212,توَصَّلَ,فعل,27,17281,توَصَّلَ الشَّخْصُ إِلَىٰ فِكْرَة,وصل,تَفَعَّلَ,roots-4662:وصل:المحكم — المعاني,roots-4662:وصل:مقاييس — المحور,,توَصَّلَ,APPROVED,,L2_017 haiku b02
AR04213,غَليظ,صفة مشبهة,32,459,غَيْرُ مُتَحَفِّظ فِي الْكَلام,غلظ,فَاعِلٌ,roots-4662:غلظ:المحكم — المعاني,,roots-4662:غلظ:الأساس — المجاز,غَليظ,APPROVED,,L2_017 haiku b02
AR04215,خَجول,صفة مشبهة,32,461,مُتَحَفِّظٌ عَنْ كِشْفِ التَّفاصِيل,خجل,فَاعُولٌ,roots-4662:خجل:المحكم — المعاني,roots-4662:خجل:مقاييس — المحور,,خَجول,APPROVED,,L2_017 haiku b02
AR04217,واضِح,صفة مشبهة,32,463,صَرِيحٌ وَمُفَصَّلٌ تَمامًا,وضح,فَاعِلٌ,roots-4662:وضح:المحكم — المعاني,roots-4662:وضح:مقاييس — المحور,roots-4662:وضح:الأساس — المجاز,واضِح,APPROVED,,L2_017 haiku b02
AR04221,مَكْشوف,صفة مشبهة,32,468,صَرِيحٌ وَمُتَحَدِّثٌ,كشف,,roots-4662:كشف:المحكم — المعاني,roots-4662:كشف:مقاييس — المحور,roots-4662:كشف:الأساس — المجاز,مَكْشوف,APPROVED,مَفْعول,L2_017 haiku b02 | FLAGS: WAZN_NOT_IN_INV
AR04222,كَتوم,صفة مشبهة,32,470,مُيَّالٌ لِكِتْمانِ الشُّعورِ,كتم,فَاعُولٌ,roots-4662:كتم:المحكم — المعاني,roots-4662:كتم:مقاييس — المحور,roots-4662:كتم:الأساس — المجاز,كَتوم,APPROVED,,L2_017 haiku b02
AR04225,مُتَهَرِّب,صفة مشبهة,32,5811,يَتَجَنَّبُ الْالْتِزامَ,هرب,مُتَفَاعِلٌ,roots-4662:هرب:المحكم — المعاني,roots-4662:هرب:مقاييس — النص,,مُتَهَرِّب,APPROVED,,L2_017 haiku b02
AR04228,بَرِيء,صفة مشبهة,32,5814,بَسِيطٌ وَغَيْرُ مُخَادِع,بريء,فَاعِلٌ,,,,بَرِيء,APPROVED,,L2_017 haiku b02
AR04229,غِلاظَة,اسم جامد,32,5815,الصِّفَةُ الَّتِي تَتَمَتَّعُ بِالْغِلاظَة,غلظ,فِعَالَةٌ,roots-4662:غلظ:المحكم — المعاني,,roots-4662:غلظ:الأساس — المجاز,غِلاظَة,APPROVED,,L2_017 haiku b02
AR04235,ملتَوٍ,صفة مشبهة,32,15578,غَيْرُ مُبَاشِر وَغامِض,لوي,فَاعِلٌ,roots-4662:لوي:المحكم — المعاني,roots-4662:لوي:مقاييس — المحور,roots-4662:لوي:الأساس — المجاز,ملتَوٍ,APPROVED,,L2_017 haiku b02
AR04236,وافَقَ,فعل,33,474,وافَقَ الشَّخْصُ عَلَىٰ خُطَّة,وفق,فَاعَلَ,roots-4662:وفق:المحكم — المعاني,roots-4662:وفق:مقاييس — المحور,,وافَقَ,APPROVED,,L2_017 haiku b02
AR04239,يَمِين,اسم جامد,33,477,تَعْهُدٌ مُقَدَّسٌ,يمن,فَاعِلٌ,roots-4662:يمن:المحكم — المعاني,roots-4662:يمن:مقاييس — النص,roots-4662:يمن:الأساس — المجاز,يَمِين,APPROVED,,L2_017 haiku b02
AR04242,وَعْد,اسم جامد,33,480,تَأْكِيدٌ بِفِعْلِ شَيْء,وعد,فَعْلٌ,roots-4662:وعد:المحكم — المعاني,roots-4662:وعد:مقاييس — النص,roots-4662:وعد:الأساس — المجاز,وَعْد,APPROVED,,L2_017 haiku b02
AR04243,وَعَدَ,فعل,33,481,تَعَهَّدَ الشَّخْصُ بِفِعْلِ شَيْء,وعد,فَعَلَ,roots-4662:وعد:المحكم — المعاني,roots-4662:وعد:مقاييس — النص,roots-4662:وعد:الأساس — المجاز,وَعَدَ,APPROVED,,L2_017 haiku b02
AR04244,أَقْسَمَ,فعل,33,482,حَلَفَ الشَّخْصُ عَلَىٰ شَيْء,قسم,أَفْعَلَ,roots-4662:قسم:المحكم — المعاني,roots-4662:قسم:مقاييس — المحور,roots-4662:قسم:الأساس — المجاز,أَقْسَمَ,APPROVED,,L2_017 haiku b02
AR04245,تَهْدِيد,مصدر,33,483,إِعْلانٌ عَنْ نِيَّةِ إِلْحاقِ ضَرَر,هدد,تَفْعِيلٌ,roots-4662:هدد:المحكم — المعاني,roots-4662:هدد:مقاييس — المحور,roots-4662:هدد:الأساس — المجاز,تَهْدِيد,APPROVED,,L2_017 haiku b02
AR04246,هَدَّدَ,فعل,33,484,أَعْلَنَ الشَّخْصُ نِيَّةَ الْإِضْرار,هدد,فَعَّلَ,roots-4662:هدد:المحكم — المعاني,roots-4662:هدد:مقاييس — المحور,roots-4662:هدد:الأساس — المجاز,هَدَّدَ,APPROVED,,L2_017 haiku b02
AR04248,نَذْر,اسم جامد,33,488,وَعْدٌ مُقَدَّسٌ,نذر,فَعْلٌ,roots-4662:نذر:المحكم — المعاني,roots-4662:نذر:مقاييس — المحور,,نَذْر,APPROVED,,L2_017 haiku b02
AR04249,التَزَمَ,فعل,33,10650,وَعَدَ الشَّخْصُ نَفْسَهُ,زمم,,roots-4662:زمم:المحكم — المعاني,roots-4662:زمم:مقاييس — المحور,roots-4662:زمم:الأساس — المجاز,التَزَمَ,APPROVED,اِلْتَفَعَلَ,L2_017 haiku b02 | FLAGS: WAZN_LEMMA_MISMATCH;WAZN_NOT_IN_INV
AR04250,تِزام,مصدر,33,10651,وَعْدٌ أَوْ تَعَهُّد,زمم,,roots-4662:زمم:المحكم — المعاني,roots-4662:زمم:مقاييس — المحور,roots-4662:زمم:الأساس — المجاز,تِزام,APPROVED,اِلْتِفْعال,L2_017 haiku b02 | FLAGS: AL_STRIPPED;WAZN_LEMMA_MISMATCH;WAZN_NOT_IN_INV
AR04251,نَذَرَ,فعل,33,12692,تَعَهَّدَ الشَّخْصُ بِعَهْد,نذر,فَعَلَ,roots-4662:نذر:المحكم — المعاني,roots-4662:نذر:مقاييس — المحور,,نَذَرَ,APPROVED,,L2_017 haiku b02
AR04253,نِقاش,اسم جامد,34,502;507,نِقاشٌ رَسْمِيٌّ,نقش,فِعَالٌ,roots-4662:نقش:المحكم — المعاني,roots-4662:نقش:مقاييس — المحور,roots-4662:نقش:الأساس — المجاز,نِقاش,APPROVED,,L2_017 haiku b02
AR04254,نَاقَشَ,فعل,34,503,تَحاوَرَ الشَّخْصانِ حَوْلَ مَوْضوع,نقش,فَاعَلَ,roots-4662:نقش:المحكم — المعاني,roots-4662:نقش:مقاييس — المحور,roots-4662:نقش:الأساس — المجاز,نَاقَشَ,APPROVED,,L2_017 haiku b02
AR04256,ناقَشَ,فعل,34,506;17353,تَحَدَّثَ الشَّخْصانِ بِالتَّفْصِيلِ,نقش,فَاعَلَ,roots-4662:نقش:المحكم — المعاني,roots-4662:نقش:مقاييس — المحور,roots-4662:نقش:الأساس — المجاز,ناقَشَ,APPROVED,,L2_017 haiku b02
AR04258,مُؤتَمِر,اسم فاعل,34,4007,اجْتِماعٌ رَسْمِيٌّ,ءتمر,مُفْتَعِلٌ,,,,مُؤتَمِر,APPROVED,,L2_017 haiku b02 | FLAGS: ROOT_NORMALIZED
AR04262,مُناقِش,اسم فاعل,34,4016,شَخْصٌ يُشارِكُ فِي النِّقاشِ,نقش,مُفَاعِلٌ,roots-4662:نقش:المحكم — المعاني,roots-4662:نقش:مقاييس — المحور,roots-4662:نقش:الأساس — المجاز,مُناقِش,APPROVED,,L2_017 haiku b02
AR04268,صيغة,اسم جامد,35,527;533,الطريقة التي يتم التعبير بها عن شيء,صيغ,فَعْلَةٌ,,,,صيغة,APPROVED,,L2_017 haiku b03 | FLAGS: UNVOCALIZED
AR04271,صياغة,اسم جامد,35,7429,كيفية تنسيق وصياغة النص,صيغ,,,,,صياغة,APPROVED,فِيَاعَة,L2_017 haiku b03 | FLAGS: UNVOCALIZED;WAZN_NOT_IN_INV
AR04272,أساء الصياغة,تركيب,35,10421,عبّر عن الفكرة بكلمات غير صحيحة,,,,,,أساء الصياغة,APPROVED,,L2_017 haiku b03 | FLAGS: UNVOCALIZED
AR04274,أومأ,فعل,36,534;537,أشار برأسه أو يده ليطلب من شخص الاقتراب,ومء,أَفْعَلَ,roots-4662:ومء:المحكم — المعاني,roots-4662:ومء:مقاييس — النص,,أومأ,APPROVED,,L2_017 haiku b03 | FLAGS: ROOT_NORMALIZED;UNVOCALIZED
AR04275,لوّح,فعل,36,535;540,حرّك الذراعين بحماس للتعبير أو التأكيد,لوح,فَعَّلَ,roots-4662:لوح:المحكم — المعاني,roots-4662:لوح:مقاييس — النص,roots-4662:لوح:الأساس — المجاز,لوّح,APPROVED,,L2_017 haiku b03
AR04277,أومأ برأسه,تركيب,36,538,حرّك الرأس لأعلى وأسفل للتعبير أو التفاهم,,,,,,أومأ برأسه,APPROVED,,L2_017 haiku b03 | FLAGS: UNVOCALIZED
AR04279,سَمِعَ,فعل,37,541,اطّلع على معلومة أو استقبلها,سمع,فَعِلَ,roots-4662:سمع:المحكم — المعاني,roots-4662:سمع:مقاييس — المحور,roots-4662:سمع:الأساس — المجاز,سَمِعَ,APPROVED,,L2_017 haiku b03
AR04281,ثرثرَ,فعل,38,544;547;551;556;557;17599,تحدّث بسرعة وبغباء أو بانفعال,ثرث,فَعْلَلَ,,,,ثرثرَ,APPROVED,,L2_017 haiku b03 | FLAGS: WAZN_LEMMA_MISMATCH
AR04282,تنمّرَ,فعل,38,545,تحدّث بصوت عالٍ وعدواني بدون تأثير,نمر,تَفَعَّلَ,roots-4662:نمر:المحكم — المعاني,roots-4662:نمر:مقاييس — المحور,,تنمّرَ,APPROVED,,L2_017 haiku b03
AR04283,رتّلَ,فعل,38,546,كرّر الكلام بنغمة موسيقية,رتل,فَعَّلَ,roots-4662:رتل:المحكم — المعاني,,roots-4662:رتل:الأساس — المجاز,رتّلَ,APPROVED,,L2_017 haiku b03
AR04285,التفتَ,فعل,38,549,تحدّث بسرعة وبعدم وضوح,لفت,اِفْتَعَلَ,roots-4662:لفت:المحكم — المعاني,roots-4662:لفت:مقاييس — المحور,roots-4662:لفت:الأساس — المجاز,التفتَ,APPROVED,,L2_017 haiku b03
AR04286,هَذّرَ,فعل,38,550;559,تحدّث بسرعة وبدون وضوح من الخوف,هذر,فَعَّلَ,roots-4662:هذر:المحكم — المعاني,roots-4662:هذر:مقاييس — النص,,هَذّرَ,APPROVED,,L2_017 haiku b03
AR04287,ألثغَ,فعل,38,552,تحدّث مع نطق الحروف بشكل غير صحيح,لثغ,أَفْعَلَ,roots-4662:لثغ:المحكم — المعاني,roots-4662:لثغ:مقاييس — النص,,ألثغَ,APPROVED,,L2_017 haiku b03
AR04288,نطقَ,فعل,38,553,قالَ شيئاً بطريقة صنعية أو متكلفة,نطق,فَعَلَ,roots-4662:نطق:المحكم — المعاني,roots-4662:نطق:مقاييس — المحور,roots-4662:نطق:الأساس — المجاز,نطقَ,APPROVED,,L2_017 haiku b03
AR04289,همسَ,فعل,38,554;566,تحدّث بصوت غير واضح وخافت,همس,فَعَلَ,roots-4662:همس:المحكم — المعاني,roots-4662:همس:مقاييس — المحور,,همسَ,APPROVED,,L2_017 haiku b03
AR04290,نمّ,فعل,38,555,قالَ شيئاً بصوت بالكاد مسموع,نمم,فَعَّلَ,roots-4662:نمم:المحكم — المعاني,roots-4662:نمم:مقاييس — النص,roots-4662:نمم:الأساس — المجاز,نمّ,APPROVED,,L2_017 haiku b03 | FLAGS: WAZN_LEMMA_MISMATCH
AR04291,هاجمَ,فعل,38,558,تحدّث بطول وشدة وانفعال,هجم,فَعَلَ,roots-4662:هجم:المحكم — المعاني,roots-4662:هجم:مقاييس — المحور,roots-4662:هجم:الأساس — المجاز,هاجمَ,APPROVED,,L2_017 haiku b03
AR04294,غنّىْ,فعل,38,562,أصدرَ أصواتاً موسيقية بالصوت مع كلمات,غنو,فَعَّلَ,,,,غنّىْ,APPROVED,,L2_017 haiku b03
AR04295,لحنَ,فعل,38,563,تحدّث بطريقة غير واضحة,لحن,فَعَلَ,roots-4662:لحن:المحكم — المعاني,roots-4662:لحن:مقاييس — النص,roots-4662:لحن:الأساس — المجاز,لحنَ,APPROVED,,L2_017 haiku b03
AR04296,تعتعَ,فعل,38,564;565,تحدّث مع توقفات عصبية بغير إرادة,عتع,تَفَعَّلَ,,,,تعتعَ,APPROVED,,L2_017 haiku b03
AR04298,سألَ,فعل,40,628;633;635;8421,استفسرَ عن شيء,سءل,فَعَلَ,roots-4662:سءل:المحكم — المعاني,roots-4662:سءل:مقاييس — النص,,سألَ,APPROVED,,L2_017 haiku b03
AR04299,استفسار,اسم جامد,40,629,السؤال أو مجموعة أسئلة,سءل,اِسْتِفْعَالٌ,roots-4662:سءل:المحكم — المعاني,roots-4662:سءل:مقاييس — النص,,استفسار,APPROVED,,L2_017 haiku b03 | FLAGS: UNVOCALIZED
AR04301,استفهام,اسم جامد,40,632,السؤال خاصة من يعبّر عن شك,فهم,اِسْتِفْعَالٌ,roots-4662:فهم:المحكم — المعاني,roots-4662:فهم:مقاييس — النص,,استفهام,APPROVED,,L2_017 haiku b03 | FLAGS: UNVOCALIZED
AR04302,سؤال,اسم جامد,40,634,جملة صيغت لاستخراج معلومة,سءل,فُعَالٌ,roots-4662:سءل:المحكم — المعاني,roots-4662:سءل:مقاييس — النص,,سؤال,APPROVED,,L2_017 haiku b03 | FLAGS: UNVOCALIZED
AR04304,ناداه,فعل,41,638,قدّمَ طلباً جادّاً أو مؤثراً,نود,فَعَلَ,roots-4662:نود:المحكم — المعاني,,,ناداه,APPROVED,,L2_017 haiku b03 | FLAGS: UNVOCALIZED
AR04305,سألَ,فعل,41,639,طلبَ الفعل أو العطاء,سءل,فَعَلَ,roots-4662:سءل:المحكم — المعاني,roots-4662:سءل:مقاييس — النص,,سألَ,APPROVED,,L2_017 haiku b03
AR04306,توسّلَ,فعل,41,640;653,طلبَ بجدية أو تذلّل,وسل,تَفَعَّلَ,roots-4662:وسل:المحكم — المعاني,roots-4662:وسل:مقاييس — المحور,,توسّلَ,APPROVED,,L2_017 haiku b03
AR04307,استرحمَ,فعل,41,641;648,طلبَ بإلحاح وحماس,رحم,اِسْتَفْعَلَ,roots-4662:رحم:المحكم — المعاني,roots-4662:رحم:مقاييس — المحور,roots-4662:رحم:الأساس — المجاز,استرحمَ,APPROVED,,L2_017 haiku b03
AR04315,التماس,اسم جامد,41,652,الطلب بانفعال وإلحاح,لمس,اِفْتِعَالٌ,roots-4662:لمس:المحكم — المعاني,roots-4662:لمس:مقاييس — المحور,roots-4662:لمس:الأساس — المجاز,التماس,APPROVED,,L2_017 haiku b03 | FLAGS: UNVOCALIZED
AR04318,استدعىْ,فعل,41,657,طلبَ حضور شخص بسلطة,دعو,,roots-4662:دعو:المحكم — المعاني,roots-4662:دعو:مقاييس — النص,roots-4662:دعو:الأساس — المجاز,استدعىْ,APPROVED,اِسْتَفْعَىْ,L2_017 haiku b03 | FLAGS: WAZN_NOT_IN_INV
AR04320,استدعاء,اسم جامد,41,10219,الالهام أو الطلب الرسمي,دعو,,roots-4662:دعو:المحكم — المعاني,roots-4662:دعو:مقاييس — النص,roots-4662:دعو:الأساس — المجاز,استدعاء,APPROVED,اِسْتِفْعَاء,L2_017 haiku b03 | FLAGS: UNVOCALIZED;WAZN_NOT_IN_INV
AR04321,دعاه,فعل,41,11045,طلبَ بأدب من شخص,دعو,,roots-4662:دعو:المحكم — المعاني,roots-4662:دعو:مقاييس — النص,roots-4662:دعو:الأساس — المجاز,دعاه,APPROVED,فَعَاه,L2_017 haiku b03 | FLAGS: UNVOCALIZED;WAZN_NOT_IN_INV
AR04322,دعوة,اسم جامد,41,14693;17288,الطلب الرسمي نسبياً,دعو,,roots-4662:دعو:المحكم — المعاني,roots-4662:دعو:مقاييس — النص,roots-4662:دعو:الأساس — المجاز,دعوة,APPROVED,فَعْوَة,L2_017 haiku b03 | FLAGS: UNVOCALIZED;WAZN_NOT_IN_INV
AR04325,ردّ سريع,تركيب,42,662,جواب فوري ذكي على انتقاد,,,,,,ردّ سريع,APPROVED,,L2_017 haiku b03
AR04326,ردّ,فعل,42,663;664;667;668;671;13269,تحدّثَ أو تصرّفَ اعتراضاً,ردد,فَعَّلَ,roots-4662:ردد:المحكم — المعاني,roots-4662:ردد:مقاييس — المحور,roots-4662:ردد:الأساس — المجاز,ردّ,APPROVED,,L2_017 haiku b03 | FLAGS: WAZN_LEMMA_MISMATCH
AR04327,ردّ ذكي,تركيب,42,665,جواب حاد أو فطن,,,,,,ردّ ذكي,APPROVED,,L2_017 haiku b03
AR04328,ردّ,اسم جامد,42,666;669,كلام أو كتابة ترد على تحدّث,ردد,فَعْلٌ,roots-4662:ردد:المحكم — المعاني,roots-4662:ردد:مقاييس — المحور,roots-4662:ردد:الأساس — المجاز,ردّ,APPROVED,,L2_017 haiku b03 | FLAGS: WAZN_LEMMA_MISMATCH
AR04329,ردّ حاد,تركيب,42,670,جواب حاد أو غاضب أو ذكي,,,,,,ردّ حاد,APPROVED,,L2_017 haiku b03
AR04330,ردّ فطن,تركيب,42,672,جواب ذكي وسريع,,,,,,ردّ فطن,APPROVED,,L2_017 haiku b03
AR04331,ردّ فعل,تركيب,42,13323,ردّ لفظي على موقف,,,,,,ردّ فعل,APPROVED,,L2_017 haiku b03
AR04332,أقرّ,فعل,42,17434,ردّ على التواصل دون معلومات إضافية,قرر,أَفْعَلَ,roots-4662:قرر:المحكم — المعاني,roots-4662:قرر:مقاييس — المحور,roots-4662:قرر:الأساس — المجاز,أقرّ,APPROVED,,L2_017 haiku b03 | FLAGS: WAZN_LEMMA_MISMATCH
AR04334,سطحي,صفة مشبهة,44,760,بليغ لكن غير أمين وسطحي,سطح,فَعِيلٌ,roots-4662:سطح:المحكم — المعاني,roots-4662:سطح:مقاييس — المحور,,سطحي,APPROVED,,L2_017 haiku b03 | FLAGS: UNVOCALIZED
AR04335,موجز,صفة مشبهة,44,761;5230,يستخدم كلمات قليلة,وجز,فَعِيلٌ,roots-4662:وجز:المحكم — المعاني,roots-4662:وجز:مقاييس — النص,,موجز,APPROVED,,L2_017 haiku b03 | FLAGS: UNVOCALIZED
AR04336,ثرثار,صفة مشبهة,44,762;765;5225;5234,يميل إلى الحديث الكثير,ثرث,فَعَّالٌ,,,,ثرثار,APPROVED,,L2_017 haiku b03 | FLAGS: UNVOCALIZED;WAZN_LEMMA_MISMATCH
AR04338,ودّي,صفة مشبهة,44,5220,يحب الحوار الودي,ودد,فَعِيلٌ,roots-4662:ودد:المحكم — المعاني,roots-4662:ودد:مقاييس — المحور,,ودّي,APPROVED,,L2_017 haiku b03
AR04339,فم كبير,تركيب,44,5221,شخص عديم الحذر أو مختال بالكلام,,,,,,فم كبير,APPROVED,,L2_017 haiku b03 | FLAGS: UNVOCALIZED
AR04340,فظّ,صفة مشبهة,44,5222,غير مهذّب أو بدون تدرّج,فظظ,,roots-4662:فظظ:المحكم — المعاني,roots-4662:فظظ:مقاييس — المحور,,فظّ,APPROVED,فَعّ,L2_017 haiku b03 | FLAGS: WAZN_NOT_IN_INV
AR04341,غليظ,صفة مشبهة,44,5223,بحشمة أو بغلظة,غلظ,فَعِيلٌ,roots-4662:غلظ:المحكم — المعاني,,roots-4662:غلظ:الأساس — المجاز,غليظ,APPROVED,,L2_017 haiku b03 | FLAGS: UNVOCALIZED
AR04342,متواصل,اسم فاعل,44,5224,متساهل وودّي وناطق,وصل,مُفَاعِلٌ,roots-4662:وصل:المحكم — المعاني,roots-4662:وصل:مقاييس — المحور,,متواصل,APPROVED,,L2_017 haiku b03 | FLAGS: UNVOCALIZED
AR04344,مفوّه,صفة مشبهة,44,5229,يتحدّث بتدفّق وبطلاقة,فوه,,roots-4662:فوه:المحكم — المعاني,roots-4662:فوه:مقاييس — المحور,roots-4662:فوه:الأساس — المجاز,مفوّه,APPROVED,مُفَوَّه,L2_017 haiku b03 | FLAGS: WAZN_NOT_IN_INV
AR04345,منطوٍ,صفة مشبهة,44,5231,غير مستعدّ للحديث,نطو,فَاعِلٌ,roots-4662:نطو:المحكم — المعاني,,,منطوٍ,APPROVED,,L2_017 haiku b03
AR04346,ثرثرة,اسم جامد,44,5232,كثرة الحديث والثرثرة,ثرث,فَعْلَلَةٌ,,,,ثرثرة,APPROVED,,L2_017 haiku b03 | FLAGS: UNVOCALIZED;WAZN_LEMMA_MISMATCH
AR04347,كثير الثرثرة,تركيب,44,5233,شخص يتحدّث كثيراً بلا حذر,,,,,,كثير الثرثرة,APPROVED,,L2_017 haiku b03 | FLAGS: UNVOCALIZED
AR04348,انطواء,اسم جامد,44,5235,عدم الكشف عن الأفكار بسهولة,نطو,اِفْتِعَالٌ,roots-4662:نطو:المحكم — المعاني,,,انطواء,APPROVED,,L2_017 haiku b03 | FLAGS: UNVOCALIZED
AR04350,هادئ,صفة مشبهة,44,15391,يميل للصمت والهدوء,هدو,فَاعِلٌ,,,,هادئ,APPROVED,,L2_017 haiku b03 | FLAGS: UNVOCALIZED
AR04351,قَلِقَ,فعل,45,766;768,يقلق باستمرار ويظهر انزعاجاً,قلق,فَعِلَ,roots-4662:قلق:المحكم — المعاني,roots-4662:قلق:مقاييس — المحور,,قَلِقَ,APPROVED,,L2_017 haiku b03
AR04352,ركبَ,فعل,45,767,يبالي بقلق مفرط,ركب,فَعَلَ,roots-4662:ركب:المحكم — المعاني,roots-4662:ركب:مقاييس — المحور,,ركبَ,APPROVED,,L2_017 haiku b03
AR04353,فقدَ النوم,تركيب,45,5340,قلقَ إلى درجة عدم النوم,,,,,,فقدَ النوم,APPROVED,,L2_017 haiku b03
AR04354,تألّمَ,فعل,45,7260,عانى قلقاً عقلياً شديداً,ءلم,تَفَعَّلَ,v21:ألم:المحكم — المعاني,v21:ألم:مقاييس — المحور,,تألّمَ,APPROVED,,L2_017 haiku b03 | FLAGS: ROOT_NORMALIZED
AR04355,اهتمّ,فعل,45,10180,اشغلَ بالتفكير المستمرّ,هتم,اِفْتَعَلَ,roots-4662:هتم:المحكم — المعاني,roots-4662:هتم:مقاييس — المحور,,اهتمّ,APPROVED,,L2_017 haiku b03 | FLAGS: WAZN_LEMMA_MISMATCH
AR04356,هوس,اسم جامد,45,10382,الاشتغال المستمرّ المزعج,هوس,فُعْلٌ,roots-4662:هوس:المحكم — المعاني,roots-4662:هوس:مقاييس — المحور,,هوس,APPROVED,,L2_017 haiku b03 | FLAGS: UNVOCALIZED
AR04357,غَلىَ,فعل,49,891;895,يثار أو يشتعل من انفعال,غلو,فَعِلَ,roots-4662:غلو:المحكم — المعاني,roots-4662:غلو:مقاييس — المحور,roots-4662:غلو:الأساس — المجاز,غَلىَ,APPROVED,,L2_017 haiku b03
AR04359,استاء,فعل,49,893,يزعجه قيد أو إزعاج,ساء,اِسْتَفْعَلَ,,,,استاء,APPROVED,,L2_017 haiku b03 | FLAGS: ROOT_ALIF;UNVOCALIZED
AR04360,غَضِبَ,فعل,49,894,يشعر بغضب شديد,غضب,فَعِلَ,roots-4662:غضب:المحكم — المعاني,roots-4662:غضب:مقاييس — المحور,roots-4662:غضب:الأساس — المجاز,غَضِبَ,APPROVED,,L2_017 haiku b03
AR04362,قَلىَ,فعل,49,898,بقيَ قلقاً أو منزعجاً,قلو,فَعِلَ,roots-4662:قلو:المحكم — المعاني,roots-4662:قلو:مقاييس — المحور,roots-4662:قلو:الأساس — المجاز,قَلىَ,APPROVED,,L2_017 haiku b03
AR04363,خفّفَ,فعل,50,899;4035,جعل الألم أو الصعوبة أقلّ حدة,خفف,فَعَّلَ,roots-4662:خفف:المحكم — المعاني,roots-4662:خفف:مقاييس — المحور,roots-4662:خفف:الأساس — المجاز,خفّفَ,APPROVED,,L2_017 haiku b03
AR04365,شفىَ,فعل,50,901;902,أنهىَ مرضاً بعلاج,شفو,فَعِلَ,v21:شفو:المحكم — المعاني,,,شفىَ,APPROVED,,L2_017 haiku b03
AR04367,إعادة تأهيل,تركيب,50,904,عملية إعادة الصحة أو الحياة الطبيعية,,,,,,إعادة تأهيل,APPROVED,,L2_017 haiku b03 | FLAGS: UNVOCALIZED
AR04370,شافي,اسم فاعل,50,4019,قابل للشفاء,شفو,فَاعِلٌ,v21:شفو:المحكم — المعاني,,,شافي,APPROVED,,L2_017 haiku b03 | FLAGS: UNVOCALIZED
AR04371,عسر الشفاء,تركيب,50,4020,غير قابل للشفاء,,,,,,عسر الشفاء,APPROVED,,L2_017 haiku b03 | FLAGS: UNVOCALIZED
AR04374,تخفيف,اسم جامد,50,4024,جعل الحالة أكثر تحمّلاً,خفف,تَفْعِيلٌ,roots-4662:خفف:المحكم — المعاني,roots-4662:خفف:مقاييس — المحور,roots-4662:خفف:الأساس — المجاز,تخفيف,APPROVED,,L2_017 haiku b03 | FLAGS: UNVOCALIZED
AR04375,تأهيلي,صفة مشبهة,50,4034,له وظيفة الاستشفاء,ءهل,,v21:أهل:المحكم — المعاني,v21:أهل:مقاييس — المحور,,تأهيلي,APPROVED,فِعَالِي,L2_017 haiku b03 | FLAGS: ROOT_NORMALIZED;UNVOCALIZED;WAZN_NOT_IN_INV
AR04376,سكّنَ,فعل,50,4036,خفّفَ أعراض المرض,سكن,فَعَّلَ,roots-4662:سكن:المحكم — المعاني,roots-4662:سكن:مقاييس — المحور,roots-4662:سكن:الأساس — المجاز,سكّنَ,APPROVED,,L2_017 haiku b03
AR04377,تسكين,اسم جامد,50,4037,تخفيف آثار المرض,سكن,تَفْعِيلٌ,roots-4662:سكن:المحكم — المعاني,roots-4662:سكن:مقاييس — المحور,roots-4662:سكن:الأساس — المجاز,تسكين,APPROVED,,L2_017 haiku b03 | FLAGS: UNVOCALIZED
AR04378,مسكّن,اسم فاعل,50,4038,علاج مسكّن,سكن,مُفَعِّلٌ,roots-4662:سكن:المحكم — المعاني,roots-4662:سكن:مقاييس — المحور,roots-4662:سكن:الأساس — المجاز,مسكّن,APPROVED,,L2_017 haiku b03
AR04379,مسكّن,صفة مشبهة,50,4039,يخفّف الألم بدون شفاء,سكن,مُفَعِّلٌ,roots-4662:سكن:المحكم — المعاني,roots-4662:سكن:مقاييس — المحور,roots-4662:سكن:الأساس — المجاز,مسكّن,APPROVED,,L2_017 haiku b03
AR04381,أحيىَ,فعل,50,7849,جعل نشطاً أو حيويّاً مجدداً,حيو,,,,,أحيىَ,APPROVED,أَفْعَىْ,L2_017 haiku b03 | FLAGS: WAZN_NOT_IN_INV
AR04382,مرّض,فعل,50,15101,عمل كممرّضة وبعناية,رض,فَعَّلَ,,,,مرّض,APPROVED,,L2_017 haiku b03 | FLAGS: ROOT_LEN
AR04383,تعافىَ,فعل,51,907;910;912,تحسّنَ تدريجياً من مرض,عاف,تَفَاعَلَ,,,,تعافىَ,APPROVED,,L2_017 haiku b03 | FLAGS: ROOT_ALIF
AR04384,نقاهة,اسم جامد,51,908,الحالة أثناء التعافي,قوه,فِعَالَةٌ,v21:قوه:المحكم — المعاني,,,نقاهة,APPROVED,,L2_017 haiku b03 | FLAGS: UNVOCALIZED
AR04385,شفىَ,فعل,51,909,صار سليماً أو معافىً,شفو,فَعِلَ,v21:شفو:المحكم — المعاني,,,شفىَ,APPROVED,,L2_017 haiku b03
AR04386,تعافي,اسم جامد,51,911;913,عملية العودة للصحة,عاف,تَفَعُّلٌ,,,,تعافي,APPROVED,,L2_017 haiku b03 | FLAGS: ROOT_ALIF;UNVOCALIZED
AR04392,موت,اسم جامد,53,922,فعل أو حقيقة الموت,موت,فُعْلٌ,roots-4662:موت:المحكم — المعاني,roots-4662:موت:مقاييس — المحور,roots-4662:موت:الأساس — المجاز,موت,APPROVED,,L2_017 haiku b03 | FLAGS: UNVOCALIZED
AR04393,وفاة,اسم جامد,53,923,موت الشخص,وفو,فِعَالَةٌ,,,,وفاة,APPROVED,,L2_017 haiku b03 | FLAGS: UNVOCALIZED
AR04394,مَاتَ,فعل,53,924;2097;5307;8649,توقّفَ عن الحياة,موت,فَعَلَ,roots-4662:موت:المحكم — المعاني,roots-4662:موت:مقاييس — المحور,roots-4662:موت:الأساس — المجاز,مَاتَ,APPROVED,,L2_017 haiku b03
AR04395,هَلَكَ,فعل,53,933,مَاتَ خاصة بأعداد كبيرة,هلك,فَعَلَ,roots-4662:هلك:المحكم — المعاني,roots-4662:هلك:مقاييس — المحور,roots-4662:هلك:الأساس — المجاز,هَلَكَ,APPROVED,,L2_017 haiku b03
AR04396,قاتل,اسم فاعل,53,2079,شخص يقتل,قتل,فَاعِلٌ,roots-4662:قتل:المحكم — المعاني,roots-4662:قتل:مقاييس — المحور,roots-4662:قتل:الأساس — المجاز,قاتل,APPROVED,,L2_017 haiku b03 | FLAGS: UNVOCALIZED
AR04397,تُوُفِّيَ,فعل,53,2098,مَاتَ (أرشايّ),وفو,,,,,تُوُفِّيَ,APPROVED,فُعِّلَ,L2_017 haiku b03 | FLAGS: WAZN_NOT_IN_INV
AR04400,انقضىَ,فعل,53,3990,مَاتَ الشخص,قضو,اِنْفَعَلَ,,,,انقضىَ,APPROVED,,L2_017 haiku b03
AR04401,وافىَ,فعل,53,4049,تُوُفِّيَ,وفو,فَاعَلَ,,,,وافىَ,APPROVED,,L2_017 haiku b03
AR04402,غَرِقَ,فعل,53,6933,مَاتَ من الغرق,غرق,فَعِلَ,roots-4662:غرق:المحكم — المعاني,roots-4662:غرق:مقاييس — المحور,roots-4662:غرق:الأساس — المجاز,غَرِقَ,APPROVED,,L2_017 haiku b03
AR04403,اختنقَ,فعل,53,8916;9089,مَاتَ من نقص الأكسجين,خنق,اِفْتَعَلَ,roots-4662:خنق:المحكم — المعاني,roots-4662:خنق:مقاييس — المحور,roots-4662:خنق:الأساس — المجاز,اختنقَ,APPROVED,,L2_017 haiku b03
AR04404,اختناق,اسم جامد,53,9127,الموت من نقص الهواء,خنق,اِفْتِعَالٌ,roots-4662:خنق:المحكم — المعاني,roots-4662:خنق:مقاييس — المحور,roots-4662:خنق:الأساس — المجاز,اختناق,APPROVED,,L2_017 haiku b03 | FLAGS: UNVOCALIZED
AR04405,وفيات,اسم جامد,53,14966,موت الشخص أو الكائن,وفو,,,,,وفيات,APPROVED,فَعِيَات,L2_017 haiku b03 | FLAGS: UNVOCALIZED;WAZN_NOT_IN_INV
AR04406,نهاية,اسم جامد,53,17334,الموت,نهو,فِعَالَةٌ,v21:نهو:المحكم — المعاني,,,نهاية,APPROVED,,L2_017 haiku b03 | FLAGS: UNVOCALIZED
AR04407,فانٍ,صفة مشبهة,53,18820,مقدّرٌ أن يموت,فني,فَاعِلٌ,roots-4662:فني:المحكم — المعاني,roots-4662:فني:مقاييس — النص,,فانٍ,APPROVED,,L2_017 haiku b03
AR04408,اقتراب,اسم جامد,54,937,فعل الاقتراب,قرب,اِفْتِعَالٌ,roots-4662:قرب:المحكم — المعاني,roots-4662:قرب:مقاييس — المحور,roots-4662:قرب:الأساس — المجاز,اقتراب,APPROVED,,L2_017 haiku b03 | FLAGS: UNVOCALIZED
AR04409,اقتربَ,فعل,54,938,تحرّكَ نحو بقرب,قرب,اِفْتَعَلَ,roots-4662:قرب:المحكم — المعاني,roots-4662:قرب:مقاييس — المحور,roots-4662:قرب:الأساس — المجاز,اقتربَ,APPROVED,,L2_017 haiku b03
AR04410,وصول,اسم جامد,54,939,فعل الوصول,وصل,فُعُولٌ,roots-4662:وصل:المحكم — المعاني,roots-4662:وصل:مقاييس — المحور,,وصول,APPROVED,,L2_017 haiku b03 | FLAGS: UNVOCALIZED
AR04411,وَصَلَ,فعل,54,940;4883;4884;4885;11062;16383;16602,وصلَ المقصد,وصل,فَعَلَ,roots-4662:وصل:المحكم — المعاني,roots-4662:وصل:مقاييس — المحور,,وَصَلَ,APPROVED,,L2_017 haiku b03
AR04413,دَخَلَ,فعل,54,942,دَخَلَ مكاناً,دخل,فَعَلَ,roots-4662:دخل:المحكم — المعاني,roots-4662:دخل:مقاييس — المحور,,دَخَلَ,APPROVED,,L2_017 haiku b03
AR04414,دخول,اسم جامد,54,943;13510,فعل الدخول,دخل,فُعُولٌ,roots-4662:دخل:المحكم — المعاني,roots-4662:دخل:مقاييس — المحور,,دخول,APPROVED,,L2_017 haiku b03 | FLAGS: UNVOCALIZED
AR04417,زيارة,اسم جامد,54,946,فعل الزيارة,زور,,,roots-4662:زور:مقاييس — المحور,roots-4662:زور:الأساس — المجاز,زيارة,APPROVED,فِيَاعَة,L2_017 haiku b03 | FLAGS: UNVOCALIZED;WAZN_NOT_IN_INV
AR04418,زَارَ,فعل,54,947,ذهبَ لرؤية شخص,زور,,,roots-4662:زور:مقاييس — المحور,roots-4662:زور:الأساس — المجاز,زَارَ,APPROVED,فَاعَ,L2_017 haiku b03 | FLAGS: WAZN_NOT_IN_INV
AR04419,هبطَ,فعل,54,12883,نزلَ على مكان,هبط,فَعَلَ,roots-4662:هبط:المحكم — المعاني,roots-4662:هبط:مقاييس — المحور,,هبطَ,APPROVED,,L2_017 haiku b03
AR04421,هجرة,اسم جامد,54,14271,وصول أعداد كبيرة,هجر,فِعْلَةٌ,roots-4662:هجر:المحكم — المعاني,roots-4662:هجر:مقاييس — المحور,roots-4662:هجر:الأساس — المجاز,هجرة,APPROVED,,L2_017 haiku b03 | FLAGS: UNVOCALIZED
AR04423,رَمَى,فعل,55,948;950;952;956;960;962;17187,إطلاق الشيء بقوة من اليد عبر الهواء,رمي,فَعَلَ,roots-4662:رمي:المحكم — المعاني,roots-4662:رمي:مقاييس — النص,roots-4662:رمي:الأساس — المجاز,رَمَى,APPROVED,,L2_017 haiku b04
AR04424,قَذَفَ,فعل,55,949;954;15094,رمي الشيء بقوة عظيمة كأنه برنقة,قذف,فَعَلَ,roots-4662:قذف:المحكم — المعاني,roots-4662:قذف:مقاييس — المحور,roots-4662:قذف:الأساس — المجاز,قَذَفَ,APPROVED,,L2_017 haiku b04
AR04426,دَفَعَ,فعل,55,955;958;959;961;15089;18533,دفع شيء برفق تدريجي,دفع,فَعَلَ,roots-4662:دفع:المحكم — المعاني,roots-4662:دفع:مقاييس — المحور,roots-4662:دفع:الأساس — المجاز,دَفَعَ,APPROVED,,L2_017 haiku b04
AR04428,سَحَبَ,فعل,55,963;964;10905;11121;12058;15083,جذب شيء بقوة وفجأة,سحب,فَعَلَ,roots-4662:سحب:المحكم — المعاني,roots-4662:سحب:مقاييس — المحور,roots-4662:سحب:الأساس — المجاز,سَحَبَ,APPROVED,,L2_017 haiku b04
AR04430,زَحْلَقَ,فعل,55,11009,تمرير شيء على سطح بنعومة,زحلق,فَعْلَلَ,,,,زَحْلَقَ,APPROVED,,L2_017 haiku b04
AR04431,قَادَ,فعل,55,12055,دفع شيء بقوة في اتجاه معين,قود,فَعَلَ,roots-4662:قود:المحكم — المعاني,roots-4662:قود:مقاييس — المحور,roots-4662:قود:الأساس — المجاز,قَادَ,APPROVED,,L2_017 haiku b04
AR04435,رَكَلَ,فعل,55,15050,ضرب الكرة برجل كاللعبة,ركل,فَعَلَ,roots-4662:ركل:المحكم — المعاني,roots-4662:ركل:مقاييس — المحور,,رَكَلَ,APPROVED,,L2_017 haiku b04
AR04436,دَحْرَجَ,فعل,55,15053,تدوير شيء على محوره,درج,فَعْلَلَ,roots-4662:درج:المحكم — المعاني,roots-4662:درج:مقاييس — المحور,roots-4662:درج:الأساس — المجاز,دَحْرَجَ,APPROVED,,L2_017 haiku b04 | FLAGS: WAZN_LEMMA_MISMATCH
AR04437,أَدْخَلَ,فعل,55,15120,إدخال جسم حاد في شيء,دخل,أَفْعَلَ,roots-4662:دخل:المحكم — المعاني,roots-4662:دخل:مقاييس — المحور,,أَدْخَلَ,APPROVED,,L2_017 haiku b04
AR04438,نَقَلَ,فعل,55,16133,نقل شيء من مكان إلى آخر,نقل,فَعَلَ,roots-4662:نقل:المحكم — المعاني,roots-4662:نقل:مقاييس — المحور,roots-4662:نقل:الأساس — المجاز,نَقَلَ,APPROVED,,L2_017 haiku b04
AR04439,أَسْقَطَ,فعل,55,17646,ترك الشيء يسقط للأسفل,سقط,أَفْعَلَ,roots-4662:سقط:المحكم — المعاني,roots-4662:سقط:مقاييس — المحور,roots-4662:سقط:الأساس — المجاز,أَسْقَطَ,APPROVED,,L2_017 haiku b04
AR04440,رَفَعَ,فعل,55,18566,رفع شيء نحو الأعلى,رفع,فَعَلَ,roots-4662:رفع:المحكم — المعاني,roots-4662:رفع:مقاييس — المحور,roots-4662:رفع:الأساس — المجاز,رَفَعَ,APPROVED,,L2_017 haiku b04
AR04441,رَافَقَ,فعل,56,965;968;7659;10617,الذهاب مع شخص إلى مكان,رفق,فَاعَلَ,roots-4662:رفق:المحكم — المعاني,roots-4662:رفق:مقاييس — المحور,roots-4662:رفق:الأساس — المجاز,رَافَقَ,APPROVED,,L2_017 haiku b04
AR04443,قَادَ,فعل,56,967;973;976;17673,توجيه شخص إلى مكان,قود,فَعَلَ,roots-4662:قود:المحكم — المعاني,roots-4662:قود:مقاييس — المحور,roots-4662:قود:الأساس — المجاز,قَادَ,APPROVED,,L2_017 haiku b04
AR04445,أَرْشَدَ,فعل,56,971;4126;15235,الدلالة على الطريق,رشد,أَفْعَلَ,roots-4662:رشد:المحكم — المعاني,roots-4662:رشد:مقاييس — المحور,roots-4662:رشد:الأساس — المجاز,أَرْشَدَ,APPROVED,,L2_017 haiku b04
AR04450,مَقُودٌ,صفة مشبهة,56,14365,من يُقاد بواسطة آخر,قود,مَفْعُولٌ,roots-4662:قود:المحكم — المعاني,roots-4662:قود:مقاييس — المحور,roots-4662:قود:الأساس — المجاز,مَقُودٌ,APPROVED,,L2_017 haiku b04
AR04451,رَحَلَ,فعل,57,980,مغادرة المكان بسرعة وسرية,رحل,فَعَلَ,,roots-4662:رحل:مقاييس — المحور,roots-4662:رحل:الأساس — المجاز,رَحَلَ,APPROVED,,L2_017 haiku b04
AR04454,اخْتَفَى,فعل,57,987;999,عدم الظهور بعد الآن,خفي,اِفْتَعَلَ,roots-4662:خفي:المحكم — المعاني,roots-4662:خفي:مقاييس — المحور,,اخْتَفَى,APPROVED,,L2_017 haiku b04
AR04455,اخْتِفَاء,مصدر,57,988,فعل عدم الظهور,خفي,اِفْتِعَالٌ,roots-4662:خفي:المحكم — المعاني,roots-4662:خفي:مقاييس — المحور,,اخْتِفَاء,APPROVED,,L2_017 haiku b04
AR04456,هُرُوب,اسم جامد,57,991,فعل الفرار,هرب,فُعُولٌ,roots-4662:هرب:المحكم — المعاني,roots-4662:هرب:مقاييس — النص,,هُرُوب,APPROVED,,L2_017 haiku b04
AR04457,هَرَبَ,فعل,57,992;4030,الفرار من مكان,هرب,فَعَلَ,roots-4662:هرب:المحكم — المعاني,roots-4662:هرب:مقاييس — النص,,هَرَبَ,APPROVED,,L2_017 haiku b04
AR04458,تَوَارَى,فعل,57,998,الاختفاء بسرعة وكمال,وري,تَفَاعَلَ,roots-4662:وري:المحكم — المعاني,roots-4662:وري:مقاييس — النص,,تَوَارَى,APPROVED,,L2_017 haiku b04
AR04459,خَرَجَ,فعل,57,4031;9104,الخروج من المكان,خرج,فَعَلَ,roots-4662:خرج:المحكم — المعاني,roots-4662:خرج:مقاييس — المحور,roots-4662:خرج:الأساس — المجاز,خَرَجَ,APPROVED,,L2_017 haiku b04
AR04461,خُرُوج,اسم جامد,57,10125,فعل مغادرة المكان,خرج,فُعُولٌ,roots-4662:خرج:المحكم — المعاني,roots-4662:خرج:مقاييس — المحور,roots-4662:خرج:الأساس — المجاز,خُرُوج,APPROVED,,L2_017 haiku b04
AR04462,هِجْرَة,اسم جامد,57,11762,مغادرة جماعية,هجر,فِعْلَةٌ,roots-4662:هجر:المحكم — المعاني,roots-4662:هجر:مقاييس — المحور,roots-4662:هجر:الأساس — المجاز,هِجْرَة,APPROVED,,L2_017 haiku b04
AR04463,فَرَّغَ,فعل,58,1002;1003;1004;4149;4151;6267;15631,تفريغ المكان من العوائق,فرغ,فَعَّلَ,roots-4662:فرغ:المحكم — المعاني,roots-4662:فرغ:مقاييس — المحور,roots-4662:فرغ:الأساس — المجاز,فَرَّغَ,APPROVED,,L2_017 haiku b04
AR04467,تَخَلَّصَ,فعل,58,2478,تحرير من الأشياء الضارة,خلص,تَفَعَّلَ,roots-4662:خلص:المحكم — المعاني,roots-4662:خلص:مقاييس — المحور,roots-4662:خلص:الأساس — المجاز,تَخَلَّصَ,APPROVED,,L2_017 haiku b04
AR04468,اسْتَخْرَجَ,فعل,58,2479,استخراج الأحشاء,خرج,اِسْتَفْعَلَ,roots-4662:خرج:المحكم — المعاني,roots-4662:خرج:مقاييس — المحور,roots-4662:خرج:الأساس — المجاز,اسْتَخْرَجَ,APPROVED,,L2_017 haiku b04
AR04469,سَلَخَ,فعل,58,2480,إزالة الجلد,سلخ,فَعَلَ,roots-4662:سلخ:المحكم — المعاني,roots-4662:سلخ:مقاييس — المحور,roots-4662:سلخ:الأساس — المجاز,سَلَخَ,APPROVED,,L2_017 haiku b04
AR04470,لَبَّ,فعل,58,2481,إزالة النواة,لبب,فَعَّلَ,roots-4662:لبب:المحكم — المعاني,roots-4662:لبب:مقاييس — المحور,roots-4662:لبب:الأساس — المجاز,لَبَّ,APPROVED,,L2_017 haiku b04 | FLAGS: WAZN_LEMMA_MISMATCH
AR04471,قَشَّرَ,فعل,58,2482;14828,إزالة الغلاف الخارجي,قشر,فَعَّلَ,roots-4662:قشر:المحكم — المعاني,roots-4662:قشر:مقاييس — المحور,roots-4662:قشر:الأساس — المجاز,قَشَّرَ,APPROVED,,L2_017 haiku b04
AR04472,أَفْرَغَ,فعل,58,2483;4088,استخراج الأحشاء,فرغ,أَفْعَلَ,roots-4662:فرغ:المحكم — المعاني,roots-4662:فرغ:مقاييس — المحور,roots-4662:فرغ:الأساس — المجاز,أَفْرَغَ,APPROVED,,L2_017 haiku b04
AR04473,نَزَعَ,فعل,58,2485;13108;13111;14829;14830,إزالة العظام,نزع,فَعَلَ,roots-4662:نزع:المحكم — المعاني,roots-4662:نزع:مقاييس — المحور,roots-4662:نزع:الأساس — المجاز,نَزَعَ,APPROVED,,L2_017 haiku b04
AR04474,أَزَالَ,فعل,58,2593;2594;2595;2596;13110;15780,إزالة الخلل البرمجي,زيل,أَفْعَلَ,roots-4662:زيل:المحكم — المعاني,roots-4662:زيل:مقاييس — النص,,أَزَالَ,APPROVED,,L2_017 haiku b04
AR04476,ذَابَ,فعل,58,2658,إزالة الجليد المتراكم,ذوب,فَاعَلَ,roots-4662:ذوب:المحكم — المعاني,roots-4662:ذوب:مقاييس — المحور,roots-4662:ذوب:الأساس — المجاز,ذَابَ,APPROVED,,L2_017 haiku b04
AR04477,نَظَّفَ,فعل,58,3871,تنظيف من القمل,نظف,فَعَّلَ,roots-4662:نظف:المحكم — المعاني,roots-4662:نظف:مقاييس — النص,,نَظَّفَ,APPROVED,,L2_017 haiku b04
AR04479,أَخْلَى,فعل,58,9471,إخلاء المبنى من الأشخاص,خلي,أَفْعَلَ,roots-4662:خلي:المحكم — المعاني,,,أَخْلَى,APPROVED,,L2_017 haiku b04
AR04480,نَزْع,اسم جامد,58,13112,فعل نزع السلاح,نزع,فَعْلٌ,roots-4662:نزع:المحكم — المعاني,roots-4662:نزع:مقاييس — المحور,roots-4662:نزع:الأساس — المجاز,نَزْع,APPROVED,,L2_017 haiku b04
AR04482,نَوَى,فعل,58,14827,إزالة النواة من الفاكهة,نوي,فَعَلَ,,roots-4662:نوي:مقاييس — المحور,roots-4662:نوي:الأساس — المجاز,نَوَى,APPROVED,,L2_017 haiku b04
AR04487,رَنَّ,فعل,60,1021,الحركة بصوت معادني عالٍ,رنن,فَعَّلَ,roots-4662:رنن:المحكم — المعاني,roots-4662:رنن:مقاييس — المحور,roots-4662:رنن:الأساس — المجاز,رَنَّ,APPROVED,,L2_017 haiku b04 | FLAGS: WAZN_LEMMA_MISMATCH
AR04488,خَطَّ,فعل,60,1023;1026,الحركة بصوت خرخشة,خطط,فَعَّلَ,roots-4662:خطط:المحكم — المعاني,roots-4662:خطط:مقاييس — المحور,roots-4662:خطط:الأساس — المجاز,خَطَّ,APPROVED,,L2_017 haiku b04 | FLAGS: WAZN_LEMMA_MISMATCH
AR04489,خَشّ,فعل,60,1028;1041;1045,الحركة بأصوات خاشة,خشش,فَعَّلَ,roots-4662:خشش:المحكم — المعاني,roots-4662:خشش:مقاييس — المحور,roots-4662:خشش:الأساس — المجاز,خَشّ,APPROVED,,L2_017 haiku b04 | FLAGS: WAZN_LEMMA_MISMATCH
AR04490,دَوَّ,فعل,60,1029,الحركة بصوت تحطم,دوو,فَعَّلَ,v21:دوو:المحكم — المعاني,,,دَوَّ,APPROVED,,L2_017 haiku b04
AR04493,فَزّ,فعل,60,1032,الحركة بصوت فرقعة,فزز,فَعَّلَ,roots-4662:فزز:المحكم — المعاني,roots-4662:فزز:مقاييس — المحور,,فَزّ,APPROVED,,L2_017 haiku b04 | FLAGS: WAZN_LEMMA_MISMATCH
AR04494,غَرْغَرَ,فعل,60,1033,الحركة بصوت غرغرة,غرغر,فَعْلَلَ,,,,غَرْغَرَ,APPROVED,,L2_017 haiku b04
AR04496,خَطّ,فعل,60,1035;1044;1050,الجري بصوت طقات خفيفة,خطط,فَعَّلَ,roots-4662:خطط:المحكم — المعاني,roots-4662:خطط:مقاييس — المحور,roots-4662:خطط:الأساس — المجاز,خَطّ,APPROVED,,L2_017 haiku b04 | FLAGS: WAZN_LEMMA_MISMATCH
AR04497,خَرّ,فعل,60,1037,الحركة بصوت خرخرة,خرر,فَعَّلَ,roots-4662:خرر:المحكم — المعاني,roots-4662:خرر:مقاييس — المحور,roots-4662:خرر:الأساس — المجاز,خَرّ,APPROVED,,L2_017 haiku b04 | FLAGS: WAZN_LEMMA_MISMATCH
AR04499,دَوّ,فعل,60,1040;1049,الحركة بصوت رعدي,دوو,فَعَّلَ,v21:دوو:المحكم — المعاني,,,دَوّ,APPROVED,,L2_017 haiku b04
AR04500,رَشّ,فعل,60,1043,الضربة أو الحركة في الماء,رشش,فَعَّلَ,roots-4662:رشش:المحكم — المعاني,roots-4662:رشش:مقاييس — المحور,roots-4662:رشش:الأساس — المجاز,رَشّ,APPROVED,,L2_017 haiku b04 | FLAGS: WAZN_LEMMA_MISMATCH
AR04501,خَفّ,فعل,60,1046;1052,الحركة بصوت هسهسة,خفف,فَعَّلَ,roots-4662:خفف:المحكم — المعاني,roots-4662:خفف:مقاييس — المحور,roots-4662:خفف:الأساس — المجاز,خَفّ,APPROVED,,L2_017 haiku b04 | FLAGS: WAZN_LEMMA_MISMATCH
AR04502,دَقّ,فعل,60,1047;1048,الحركة بصوت مملّ,دقق,فَعَّلَ,roots-4662:دقق:المحكم — المعاني,roots-4662:دقق:مقاييس — المحور,roots-4662:دقق:الأساس — المجاز,دَقّ,APPROVED,,L2_017 haiku b04 | FLAGS: WAZN_LEMMA_MISMATCH
AR04506,اتّجَهَ,فعل,61,1054;1055,الحركة بزاوية,جهة,اِفْتَعَلَ,,,,اتّجَهَ,APPROVED,,L2_017 haiku b04 | FLAGS: WAZN_LEMMA_MISMATCH
AR04508,نَزَلَ,فعل,61,1058,الحركة نحو الأسفل كمسار,نزل,فَعَلَ,roots-4662:نزل:المحكم — المعاني,roots-4662:نزل:مقاييس — النص,roots-4662:نزل:الأساس — المجاز,نَزَلَ,APPROVED,,L2_017 haiku b04
AR04510,هَبَطَ,فعل,61,1060,السقوط الرأسي,هبط,فَعَلَ,roots-4662:هبط:المحكم — المعاني,roots-4662:هبط:مقاييس — المحور,,هَبَطَ,APPROVED,,L2_017 haiku b04
AR04511,زَحَفَ,فعل,61,1061,الحركة على الحافة الخارجية,زحف,فَعَلَ,roots-4662:زحف:المحكم — المعاني,roots-4662:زحف:مقاييس — المحور,roots-4662:زحف:الأساس — المجاز,زَحَفَ,APPROVED,,L2_017 haiku b04
AR04513,خَرَجَ,فعل,61,1063,الخروج من المكان,خرج,فَعَلَ,roots-4662:خرج:المحكم — المعاني,roots-4662:خرج:مقاييس — المحور,roots-4662:خرج:الأساس — المجاز,خَرَجَ,APPROVED,,L2_017 haiku b04
AR04514,رَحَلَ,فعل,61,1064,المسار البعيد عن المكان,رحل,فَعَلَ,,roots-4662:رحل:مقاييس — المحور,roots-4662:رحل:الأساس — المجاز,رَحَلَ,APPROVED,,L2_017 haiku b04
AR04516,وَصَلَ,فعل,61,1068,التمدد إلى الوجهة,وصل,فَعَلَ,roots-4662:وصل:المحكم — المعاني,roots-4662:وصل:مقاييس — المحور,,وَصَلَ,APPROVED,,L2_017 haiku b04
AR04517,ارْتَفَعَ,فعل,61,1069,الميل نحو الأعلى,رفع,اِفْتَعَلَ,roots-4662:رفع:المحكم — المعاني,roots-4662:رفع:مقاييس — المحور,roots-4662:رفع:الأساس — المجاز,ارْتَفَعَ,APPROVED,,L2_017 haiku b04
AR04518,أَحَاطَ,فعل,61,1070,المسير حول حافة شيء,حيط,أَفْعَلَ,,v21:حيط:مقاييس — النص,,أَحَاطَ,APPROVED,,L2_017 haiku b04
AR04519,التَوَى,فعل,61,1072;1078;13087,التواء المسار,لوي,اِفْتَعَلَ,roots-4662:لوي:المحكم — المعاني,roots-4662:لوي:مقاييس — المحور,roots-4662:لوي:الأساس — المجاز,التَوَى,APPROVED,,L2_017 haiku b04
AR04521,انْسَاجَ,فعل,61,1077,التحرك من جانب لآخر,سوج,اِنْفَعَلَ,roots-4662:سوج:المحكم — المعاني,,,انْسَاجَ,APPROVED,,L2_017 haiku b04
AR04522,تَمَوّجَ,فعل,61,5034,المسار الموجي الناعم,موج,تَفَعَّلَ,roots-4662:موج:المحكم — المعاني,roots-4662:موج:مقاييس — المحور,roots-4662:موج:الأساس — المجاز,تَمَوّجَ,APPROVED,,L2_017 haiku b04
AR04523,التِوَاء,اسم جامد,61,5036;5037,حركة ملتوية,لوي,اِفْتِعَالٌ,roots-4662:لوي:المحكم — المعاني,roots-4662:لوي:مقاييس — المحور,roots-4662:لوي:الأساس — المجاز,التِوَاء,APPROVED,,L2_017 haiku b04
AR04524,ملتَوٍ,صفة مشبهة,61,5038;5040,متعرج ملتوٍ,لوي,,roots-4662:لوي:المحكم — المعاني,roots-4662:لوي:مقاييس — المحور,roots-4662:لوي:الأساس — المجاز,ملتَوٍ,APPROVED,مَفْتُول,L2_017 haiku b04 | FLAGS: WAZN_NOT_IN_INV
AR04525,ارْتَقَى,فعل,61,5050,الصعود للأعلى,رقي,اِفْتَعَلَ,roots-4662:رقي:المحكم — المعاني,roots-4662:رقي:مقاييس — النص,roots-4662:رقي:الأساس — المجاز,ارْتَقَى,APPROVED,,L2_017 haiku b04
AR04527,نُزُول,اسم جامد,61,5053,مسار منحدر للأسفل,نزل,فُعُولٌ,roots-4662:نزل:المحكم — المعاني,roots-4662:نزل:مقاييس — النص,roots-4662:نزل:الأساس — المجاز,نُزُول,APPROVED,,L2_017 haiku b04
AR04528,غَاصَ,فعل,61,5054,الهبوط الحاد للأسفل,غيص,فَاعَلَ,,,,غَاصَ,APPROVED,,L2_017 haiku b04
AR04531,الْتَفّ,فعل,61,8397,المرور حول شيء,لفف,اِفْتَعَلَ,roots-4662:لفف:المحكم — المعاني,roots-4662:لفف:مقاييس — المحور,,الْتَفّ,APPROVED,,L2_017 haiku b04 | FLAGS: WAZN_LEMMA_MISMATCH
AR04532,دَخَلَ,فعل,61,9285,دخول الطريق الماء إلى منطقة,دخل,فَعَلَ,roots-4662:دخل:المحكم — المعاني,roots-4662:دخل:مقاييس — المحور,,دَخَلَ,APPROVED,,L2_017 haiku b04
AR04533,خَاضَ,فعل,61,11971,العبور في مكان ضحل,خوض,فَاعَلَ,roots-4662:خوض:المحكم — المعاني,roots-4662:خوض:مقاييس — المحور,roots-4662:خوض:الأساس — المجاز,خَاضَ,APPROVED,,L2_017 haiku b04
AR04534,مَرّ,فعل,61,17740,المرور دون توقف,مرر,فَعَّلَ,roots-4662:مرر:المحكم — المعاني,roots-4662:مرر:مقاييس — المحور,roots-4662:مرر:الأساس — المجاز,مَرّ,APPROVED,,L2_017 haiku b04 | FLAGS: WAZN_LEMMA_MISMATCH
AR04536,رَكِبَ,فعل,65,1266;1273;1282;1283;1288;1291;8880,الركوب على دراجة,ركب,فَعِلَ,roots-4662:ركب:المحكم — المعاني,roots-4662:ركب:مقاييس — المحور,,رَكِبَ,APPROVED,,L2_017 haiku b04
AR04537,قَادَ,فعل,65,1267;1278;8858;8863,قيادة الدراجة الهوائية,قود,فَعَلَ,roots-4662:قود:المحكم — المعاني,roots-4662:قود:مقاييس — المحور,roots-4662:قود:الأساس — المجاز,قَادَ,APPROVED,,L2_017 haiku b04
AR04540,رَحَلَ,فعل,65,1270,السفر في صف من المركبات,رحل,فَعَلَ,,roots-4662:رحل:مقاييس — المحور,roots-4662:رحل:الأساس — المجاز,رَحَلَ,APPROVED,,L2_017 haiku b04
AR04541,نَزَلَ,فعل,65,1280,الهبوط بالمظلة,نزل,فَعَلَ,roots-4662:نزل:المحكم — المعاني,roots-4662:نزل:مقاييس — النص,roots-4662:نزل:الأساس — المجاز,نَزَلَ,APPROVED,,L2_017 haiku b04
AR04542,دَاسَ,فعل,65,1281,تحريك الدراجة بالدواسات,دوس,فَاعَلَ,roots-4662:دوس:المحكم — المعاني,roots-4662:دوس:مقاييس — المحور,roots-4662:دوس:الأساس — المجاز,دَاسَ,APPROVED,,L2_017 haiku b04
AR04543,انْزَلَقَ,فعل,65,1287,الحركة على الجليد,زلق,اِنْفَعَلَ,roots-4662:زلق:المحكم — المعاني,roots-4662:زلق:مقاييس — المحور,roots-4662:زلق:الأساس — المجاز,انْزَلَقَ,APPROVED,,L2_017 haiku b04
AR04546,تَنَصَّتَ,فعل,66,1294,استرق السمع إلى حديث دون علم المتحدثين,نصت,تَفَعَّلَ,roots-4662:نصت:المحكم — المعاني,roots-4662:نصت:مقاييس — المحور,,تَنَصَّتَ,APPROVED,,L2_017 haiku b05
AR04547,لَمَسَ,فعل,66,1295,أدرك شيئاً باللمس للفحص أو البحث,لمس,فَعَلَ,roots-4662:لمس:المحكم — المعاني,roots-4662:لمس:مقاييس — المحور,roots-4662:لمس:الأساس — المجاز,لَمَسَ,APPROVED,,L2_017 haiku b05
AR04548,نَظَرَة,اسم جامد,66,1296,إطلاق البصر المركّز والمتواصل على شيء,نظر,فَعَلَةٌ,roots-4662:نظر:المحكم — المعاني,roots-4662:نظر:مقاييس — النص,roots-4662:نظر:الأساس — المجاز,نَظَرَة,APPROVED,,L2_017 haiku b05
AR04550,لَمْحَة,اسم جامد,66,1298,نظرة سريعة أو عجلى,لمح,فَعْلَةٌ,roots-4662:لمح:المحكم — المعاني,roots-4662:لمح:مقاييس — المحور,roots-4662:لمح:الأساس — المجاز,لَمْحَة,APPROVED,,L2_017 haiku b05
AR04551,لَمَحَ,فعل,66,1299,نظر نظرة سريعة أو مستعجلة,لمح,فَعَلَ,roots-4662:لمح:المحكم — المعاني,roots-4662:لمح:مقاييس — المحور,roots-4662:لمح:الأساس — المجاز,لَمَحَ,APPROVED,,L2_017 haiku b05
AR04552,سَمِعَ,فعل,66,1300,أدرك صوتاً بقصد أو اهتمام,سمع,فَعِلَ,roots-4662:سمع:المحكم — المعاني,roots-4662:سمع:مقاييس — المحور,roots-4662:سمع:الأساس — المجاز,سَمِعَ,APPROVED,,L2_017 haiku b05
AR04553,نَظَر,اسم جامد,66,1301,فعل توجيه البصر في اتجاه معيّن,نظر,فَعَلٌ,roots-4662:نظر:المحكم — المعاني,roots-4662:نظر:مقاييس — النص,roots-4662:نظر:الأساس — المجاز,نَظَر,APPROVED,,L2_017 haiku b05
AR04554,نَظَرَ,فعل,66,1302,وجّه بصره بقصد في اتجاه معيّن,نظر,فَعَلَ,roots-4662:نظر:المحكم — المعاني,roots-4662:نظر:مقاييس — النص,roots-4662:نظر:الأساس — المجاز,نَظَرَ,APPROVED,,L2_017 haiku b05
AR04555,مُلاحَظَة,مصدر,66,1303,فعل الرقابة الدقيقة والمتابعة المركّزة,لاحظ,مُفَاعَلَةٌ,,,,مُلاحَظَة,APPROVED,,L2_017 haiku b05 | FLAGS: ROOT_ALIF
AR04557,نَظْرَة,اسم جامد,66,1306,نظر سريع أو خاطف أو مختلس,نظر,فَعْلَةٌ,roots-4662:نظر:المحكم — المعاني,roots-4662:نظر:مقاييس — النص,roots-4662:نظر:الأساس — المجاز,نَظْرَة,APPROVED,,L2_017 haiku b05
AR04559,نَظَرَ خِلْسَة,تركيب,66,1308,نظر سريعاً وخاطفاً بدون إظهار,,,,,,نَظَرَ خِلْسَة,APPROVED,,L2_017 haiku b05
AR04560,تَفَحَّصَ,فعل,66,1309,نظر بجهد أو انتباه عميق,فحص,تَفَعَّلَ,roots-4662:فحص:المحكم — المعاني,roots-4662:فحص:مقاييس — المحور,roots-4662:فحص:الأساس — المجاز,تَفَحَّصَ,APPROVED,,L2_017 haiku b05
AR04561,تَذَوَّقَ,فعل,66,1310,استمتع بطعم الطعام والشراب الطيب بقصد,ذوق,تَفَعَّلَ,roots-4662:ذوق:المحكم — المعاني,roots-4662:ذوق:مقاييس — المحور,roots-4662:ذوق:الأساس — المجاز,تَذَوَّقَ,APPROVED,,L2_017 haiku b05
AR04567,ذَاقَ,فعل,66,1318,أدرك طعم الطعام بالفم لتمييزه,ذوق,فَعَلَ,roots-4662:ذوق:المحكم — المعاني,roots-4662:ذوق:مقاييس — المحور,roots-4662:ذوق:الأساس — المجاز,ذَاقَ,APPROVED,,L2_017 haiku b05
AR04569,رَاقَبَ,فعل,66,1320,نظر بانتباه واستمرار لمراقبة شيء,رقب,فَاعَلَ,roots-4662:رقب:المحكم — المعاني,roots-4662:رقب:مقاييس — المحور,roots-4662:رقب:الأساس — المجاز,رَاقَبَ,APPROVED,,L2_017 haiku b05
AR04570,أَغْمَضَ,فعل,66,8089,نظر بعيون منغمضة جزئياً,غمض,أَفْعَلَ,roots-4662:غمض:المحكم — المعاني,roots-4662:غمض:مقاييس — المحور,roots-4662:غمض:الأساس — المجاز,أَغْمَضَ,APPROVED,,L2_017 haiku b05
AR04572,رَمَقَ,فعل,66,10188,نظر بانتباه وتمعّن,رمق,فَعَلَ,roots-4662:رمق:المحكم — المعاني,roots-4662:رمق:مقاييس — المحور,,رَمَقَ,APPROVED,,L2_017 haiku b05
AR04573,فَغَرَ,فعل,66,13235,فتح الفم وحدّق بدهشة أو تعجب,فغر,فَعَلَ,roots-4662:فغر:المحكم — المعاني,roots-4662:فغر:مقاييس — المحور,,فَغَرَ,APPROVED,,L2_017 haiku b05
AR04575,جَحَظَ,فعل,66,13237,فتح العيون جداً بدهشة أو عجب,جحظ,فَعَلَ,v21:جحظ:المحكم — المعاني,,v21:جحظ:الأساس — المجاز,جَحَظَ,APPROVED,,L2_017 haiku b05
AR04577,نَتَنَ,فعل,67,1324,أطلق رائحة سيئة شديدة,نتن,فَعَلَ,roots-4662:نتن:المحكم — المعاني,,,نَتَنَ,APPROVED,,L2_017 haiku b05
AR04578,نَتِنَ,فعل,67,1326;1328,أطلق رائحة كريهة أو قوية,نتن,فَعِلَ,roots-4662:نتن:المحكم — المعاني,,,نَتِنَ,APPROVED,,L2_017 haiku b05
AR04580,آلَمَ,فعل,68,1330;1332,شعر بألم مستمرّ في الجسم,ءلم,أَفْعَلَ,v21:ألم:المحكم — المعاني,v21:ألم:مقاييس — المحور,,آلَمَ,APPROVED,,L2_017 haiku b05 | FLAGS: ROOT_NORMALIZED
AR04583,وَخَزَ,فعل,68,1334,شعر بإحساس وخز أو طعن في الجلد,وخز,فَعَلَ,roots-4662:وخز:المحكم — المعاني,roots-4662:وخز:مقاييس — النص,roots-4662:وخز:الأساس — المجاز,وَخَزَ,APPROVED,,L2_017 haiku b05
AR04584,وَجَعَ,فعل,68,1335,شعر بألم حادّ ولاذع,وجع,فَعَلَ,roots-4662:وجع:المحكم — المعاني,roots-4662:وجع:مقاييس — النص,,وَجَعَ,APPROVED,,L2_017 haiku b05
AR04585,لَسَعَ,فعل,68,1336,أحسّ بألم حادّ كاللسع,لسع,فَعَلَ,roots-4662:لسع:المحكم — المعاني,roots-4662:لسع:مقاييس — النص,roots-4662:لسع:الأساس — المجاز,لَسَعَ,APPROVED,,L2_017 haiku b05
AR04586,دَغْدَغَ,فعل,68,1337,شعر بإحساس الدغدغة والضحك,دغدغ,فَعْلَلَ,v21:دغدغ:المحكم — المعاني,,v21:دغدغ:الأساس — المجاز,دَغْدَغَ,APPROVED,,L2_017 haiku b05
AR04587,خَفِقَ,فعل,68,1338;15047,شعر بإحساس طنين أو اهتزاز خفيف,خفق,فَعِلَ,roots-4662:خفق:المحكم — المعاني,roots-4662:خفق:مقاييس — المحور,,خَفِقَ,APPROVED,,L2_017 haiku b05
AR04588,أَسَاءَ,فعل,68,10118,أصاب بمرض أو ألم جسدي,سوء,أَفْعَلَ,roots-4662:سوء:المحكم — المعاني,,,أَسَاءَ,APPROVED,,L2_017 haiku b05
AR04589,قِشْعَرِيرَة,اسم جامد,68,11118,انتصاب الشعر في الجسم من برد أو خوف,قشعر,,,,,قِشْعَرِيرَة,APPROVED,فِعْلِيرَة,L2_017 haiku b05 | FLAGS: WAZN_NOT_IN_INV
AR04590,أَلَمَ,فعل,68,11560,سبّب ألماً جسديّاً أو عقليّاً,ءلم,أَفْعَلَ,v21:ألم:المحكم — المعاني,v21:ألم:مقاييس — المحور,,أَلَمَ,APPROVED,,L2_017 haiku b05 | FLAGS: ROOT_NORMALIZED
AR04591,أَلَم,اسم جامد,68,11561,إحساس غير سار قوي من مرض أو ألم,ءلم,أَفْعَلُ,v21:ألم:المحكم — المعاني,v21:ألم:مقاييس — المحور,,أَلَم,APPROVED,,L2_017 haiku b05 | FLAGS: ROOT_NORMALIZED
AR04592,دَارَ,فعل,68,15056,شعر بدوار أو دوران الرأس,دور,فَاعَلَ,roots-4662:دور:المحكم — المعاني,roots-4662:دور:مقاييس — المحور,,دَارَ,APPROVED,,L2_017 haiku b05
AR04593,أَوْجَعَ,فعل,68,15554,سبّب ألماً شديداً في عضو ما,وجع,أَفْعَلَ,roots-4662:وجع:المحكم — المعاني,roots-4662:وجع:مقاييس — النص,,أَوْجَعَ,APPROVED,,L2_017 haiku b05
AR04594,عَدَم ارْتِيَاح,تركيب,68,16906,حالة من الضيق والألم الجسدي,,,,,,عَدَم ارْتِيَاح,APPROVED,,L2_017 haiku b05
AR04595,تَسَحَّجَ,فعل,68,17567,احتكّ الجلد حتى أصبح موجوعاً,سحج,تَفَعَّلَ,roots-4662:سحج:المحكم — المعاني,roots-4662:سحج:مقاييس — المحور,roots-4662:سحج:الأساس — المجاز,تَسَحَّجَ,APPROVED,,L2_017 haiku b05
AR04596,رَصَدَ,فعل,70,1530,أدرك شيئاً غير ملموس أو بالكاد يُرى,رصد,فَعَلَ,roots-4662:رصد:المحكم — المعاني,roots-4662:رصد:مقاييس — المحور,roots-4662:رصد:الأساس — المجاز,رَصَدَ,APPROVED,,L2_017 haiku b05
AR04598,سَمِعَ,فعل,70,1532,أدرك صوتاً بالأذن دون قصد,سمع,فَعِلَ,roots-4662:سمع:المحكم — المعاني,roots-4662:سمع:مقاييس — المحور,roots-4662:سمع:الأساس — المجاز,سَمِعَ,APPROVED,,L2_017 haiku b05
AR04599,أَدْرَكَ,فعل,70,1533,أصبح واعياً أو مدركاً لشيء ما,درك,أَفْعَلَ,v21:درك:المحكم — المعاني,v21:درك:مقاييس — المحور,,أَدْرَكَ,APPROVED,,L2_017 haiku b05
AR04600,إِدْرَاك,مصدر,70,1534,عملية الوعي والإدراك عبر الحواس,درك,إِفْعَالٌ,v21:درك:المحكم — المعاني,v21:درك:مقاييس — المحور,,إِدْرَاك,APPROVED,,L2_017 haiku b05
AR04601,رَأَى,فعل,70,1535,أدرك شيئاً بالعين دون قصد,رءي,فَعَلَ,roots-4662:رءي:المحكم — المعاني,roots-4662:رءي:مقاييس — المحور,roots-4662:رءي:الأساس — المجاز,رَأَى,APPROVED,,L2_017 haiku b05 | FLAGS: ROOT_NORMALIZED
AR04603,ذَاقَ,فعل,70,1538,أدرك أو اختبر طعماً ما,ذوق,فَعَلَ,roots-4662:ذوق:المحكم — المعاني,roots-4662:ذوق:مقاييس — المحور,roots-4662:ذوق:الأساس — المجاز,ذَاقَ,APPROVED,,L2_017 haiku b05
AR04604,سَمِعَ خِلْسَة,تركيب,70,9100,سمع حديثاً دون قصد أو بالصدفة,,,,,,سَمِعَ خِلْسَة,APPROVED,,L2_017 haiku b05
AR04608,رَائِحَة عَطِرَة,تركيب,71,1539;1540;1544;1549,رائحة لطيفة وممتعة,,,,,,رَائِحَة عَطِرَة,APPROVED,,L2_017 haiku b05
AR04614,رَائِحَة,اسم جامد,71,1547;1556,رائحة مميزة تُدرك بالشم,رايح,فَاعِلَةٌ,,,,رَائِحَة,APPROVED,,L2_017 haiku b05 | FLAGS: ROOT_ALIF
AR04615,إِدْرَاك,مصدر,71,1548,المقدرة على الإدراك عبر الحواس,درك,إِفْعَالٌ,v21:درك:المحكم — المعاني,v21:درك:مقاييس — المحور,,إِدْرَاك,APPROVED,,L2_017 haiku b05
AR04616,رَائِحَة كَرِيهَة,تركيب,71,1550;1558,رائحة سيئة وغير محتملة,,,,,,رَائِحَة كَرِيهَة,APPROVED,,L2_017 haiku b05
AR04617,رَائِحَة طَيِّبَة,تركيب,71,1552,رائحة عطرة مميزة وممتعة,,,,,,رَائِحَة طَيِّبَة,APPROVED,,L2_017 haiku b05
AR04618,رُؤْيَة,اسم جامد,71,1555,فعل الرؤية أو المقدرة على الرؤية,رءي,فُعْلَةٌ,roots-4662:رءي:المحكم — المعاني,roots-4662:رءي:مقاييس — المحور,roots-4662:رءي:الأساس — المجاز,رُؤْيَة,APPROVED,,L2_017 haiku b05 | FLAGS: ROOT_NORMALIZED
AR04620,نَفْحَة,اسم جامد,71,1561,رائحة خفيفة تُشم للحظات قصيرة,نفح,فَعْلَةٌ,roots-4662:نفح:المحكم — المعاني,roots-4662:نفح:مقاييس — المحور,,نَفْحَة,APPROVED,,L2_017 haiku b05
AR04623,سابِق,صفة مشبهة,81,1743;1754;1757;1758;12549,ما جاء قبل في الترتيب الزمني,سبق,فَاعِلٌ,roots-4662:سبق:المحكم — المعاني,roots-4662:سبق:مقاييس — المحور,,سابِق,APPROVED,,L2_017 haiku b06
AR04628,متأخِّر عن الموعد,تركيب,81,1751,حدث تجاوز موعده المحدد,,,,,,متأخِّر عن الموعد,APPROVED,,L2_017 haiku b06
AR04629,تقدَّمَ,فعل,81,1753,شيء يأتي قبل آخر زمناً,قدم,تَفَعَّلَ,roots-4662:قدم:المحكم — المعاني,roots-4662:قدم:مقاييس — المحور,roots-4662:قدم:الأساس — المجاز,تقدَّمَ,APPROVED,,L2_017 haiku b06
AR04630,سَبَقَ,فعل,81,1755,وجود الشيء قبل زمن آخر,سبق,فَعَلَ,roots-4662:سبق:المحكم — المعاني,roots-4662:سبق:مقاييس — المحور,,سَبَقَ,APPROVED,,L2_017 haiku b06
AR04631,مبكِّر جداً,تركيب,81,1756,حدث قبل الوقت الملائم كثيراً,,,,,,مبكِّر جداً,APPROVED,,L2_017 haiku b06
AR04632,دقيق الموعد,تركيب,81,1759,من يفعل في وقته المحدد,,,,,,دقيق الموعد,APPROVED,,L2_017 haiku b06 | FLAGS: UNVOCALIZED
AR04633,لاحِق,اسم فاعل,81,1760,ما يأتي بعد في الزمن,لحق,فَاعِلٌ,roots-4662:لحق:المحكم — المعاني,roots-4662:لحق:مقاييس — المحور,roots-4662:لحق:الأساس — المجاز,لاحِق,APPROVED,,L2_017 haiku b06
AR04634,تابَعَ على الفور,تركيب,81,10427,حدث يتبع آخر فوراً,,,,,,تابَعَ على الفور,APPROVED,,L2_017 haiku b06
AR04635,مبكِّراً,ظرف,81,11630,قبل الموعد المخطط المتوقع,,,,,,مبكِّراً,APPROVED,,L2_017 haiku b06 | FLAGS: ROOT_MISSING;WAZN_MISSING
AR04636,متأخِّراً,ظرف,81,11631,بعد الموعد المخطط المتوقع,,,,,,متأخِّراً,APPROVED,,L2_017 haiku b06 | FLAGS: ROOT_MISSING;WAZN_MISSING
AR04637,لاحِقاً,ظرف,81,11640;12311,في وقت قريب من الآن,,,,,,لاحِقاً,APPROVED,,L2_017 haiku b06 | FLAGS: ROOT_MISSING;WAZN_MISSING
AR04638,بعدَ,حرف,81,11746,يدل على معقبية الحدث لآخر,,,,,,بعدَ,APPROVED,,L2_017 haiku b06
AR04639,أسبَقُ,اسم تفضيل,81,11799,من يحدث قبل وقت آخر,سبق,أَفْعَلُ,roots-4662:سبق:المحكم — المعاني,roots-4662:سبق:مقاييس — المحور,,أسبَقُ,APPROVED,,L2_017 haiku b06 | POS ← L2_022 | L2_025
AR04640,أسبَقُ للضرورة,تركيب,81,11807,ما يحدث قريباً لأهمية,,,,,,أسبَقُ للضرورة,APPROVED,,L2_017 haiku b06
AR04641,مع,ظرف,81,13228,حدث مع آخر في نفس الوقت,,,,,,مع,APPROVED,,L2_017 haiku b06 | FLAGS: ROOT_MISSING;UNVOCALIZED;WAZN_MISSING
AR04642,متزامِن,اسم فاعل,81,13298,ما يحدث في نفس الوقت,زمن,مُتَفَاعِلٌ,roots-4662:زمن:المحكم — المعاني,roots-4662:زمن:مقاييس — المحور,roots-4662:زمن:الأساس — المجاز,متزامِن,APPROVED,,L2_017 haiku b06
AR04643,بينما,حرف,81,13300,يدل على التزامن الزمني,,,,,,بينما,APPROVED,,L2_017 haiku b06 | FLAGS: UNVOCALIZED
AR04646,ماضٍ,صفة مشبهة,81,13868,ما مضى زمانه ولم يعد,مضي,فَاعِلٌ,roots-4662:مضي:المحكم — المعاني,roots-4662:مضي:مقاييس — المحور,,ماضٍ,APPROVED,,L2_017 haiku b06 | FLAGS: ROOT_NORMALIZED
AR04647,في الموعد,تركيب,81,14220,في الوقت المحدد بدقة,,,,,,في الموعد,APPROVED,,L2_017 haiku b06 | FLAGS: UNVOCALIZED
AR04648,بدقة الموعد,تركيب,81,14222,بالالتزام بالوقت المقرر,,,,,,بدقة الموعد,APPROVED,,L2_017 haiku b06 | FLAGS: UNVOCALIZED
AR04649,دقة الموعد,مصدر,81,14223,الالتزام بالوقت المقرر,دقق,فَعْلَةٌ,roots-4662:دقق:المحكم — المعاني,roots-4662:دقق:مقاييس — المحور,roots-4662:دقق:الأساس — المجاز,دقة الموعد,APPROVED,,L2_017 haiku b06 | FLAGS: UNVOCALIZED;WAZN_LEMMA_MISMATCH
AR04650,قادِم,اسم فاعل,81,14603;17320,ما سيأتي بعد الحاضر,قدم,فَاعِلٌ,roots-4662:قدم:المحكم — المعاني,roots-4662:قدم:مقاييس — المحور,roots-4662:قدم:الأساس — المجاز,قادِم,APPROVED,,L2_017 haiku b06 | FLAGS: AL_STRIPPED
AR04652,في الليل,تركيب,81,16412,في الساعات الأخيرة من اليوم,,,,,,في الليل,APPROVED,,L2_017 haiku b06 | FLAGS: UNVOCALIZED
AR04653,حَدَثَ بعدُ,تركيب,81,17325,حدث يقع بعد آخر,,,,,,حَدَثَ بعدُ,APPROVED,,L2_017 haiku b06
AR04654,سِعْر,اسم جامد,82,2894,مقدار المال مقابل السلعة,سعر,فِعْلٌ,roots-4662:سعر:المحكم — المعاني,roots-4662:سعر:مقاييس — المحور,roots-4662:سعر:الأساس — المجاز,سِعْر,APPROVED,,L2_017 haiku b06
AR04657,مُهَرِّب,اسم فاعل,82,11783,من يتاجر بالبضائع المحرمة,هرب,مُفَعِّلٌ,roots-4662:هرب:المحكم — المعاني,roots-4662:هرب:مقاييس — النص,,مُهَرِّب,APPROVED,,L2_017 haiku b06
AR04660,رخيص,صفة مشبهة,83,1773;1778,قليل الثمن والقيمة,رخص,فَعِيلٌ,roots-4662:رخص:المحكم — المعاني,roots-4662:رخص:مقاييس — المحور,roots-4662:رخص:الأساس — المجاز,رخيص,APPROVED,,L2_017 haiku b06 | FLAGS: UNVOCALIZED
AR04661,غالٍ,اسم فاعل,83,1774;1776;1782,عالي الثمن والقيمة,غلو,فَاعِلٌ,roots-4662:غلو:المحكم — المعاني,roots-4662:غلو:مقاييس — المحور,roots-4662:غلو:الأساس — المجاز,غالٍ,APPROVED,,L2_017 haiku b06
AR04662,مُفْرِط,اسم فاعل,83,1775,السعر المرتفع جداً بلا معقول,فرط,مُفْعِلٌ,roots-4662:فرط:المحكم — المعاني,roots-4662:فرط:مقاييس — المحور,roots-4662:فرط:الأساس — المجاز,مُفْرِط,APPROVED,,L2_017 haiku b06
AR04664,رخيص الثمن,تركيب,83,1779,بسعر منخفض نسبياً,,,,,,رخيص الثمن,APPROVED,,L2_017 haiku b06 | FLAGS: UNVOCALIZED
AR04665,منخفِض السعر,تركيب,83,1780,بأقل من السعر المعتاد,,,,,,منخفِض السعر,APPROVED,,L2_017 haiku b06
AR04666,مُبالَغ فيه,اسم مفعول,83,1781,السعر المرتفع بلا حق,بالغ,مُفَاعَلٌ,,,,مُبالَغ فيه,APPROVED,,L2_017 haiku b06 | FLAGS: ROOT_ALIF
AR04667,كلَّفَ,فعل,83,9190;17380,الثمن المطلوب لشراء الشيء,كلف,فَعَّلَ,roots-4662:كلف:المحكم — المعاني,roots-4662:كلف:مقاييس — المحور,,كلَّفَ,APPROVED,,L2_017 haiku b06
AR04668,كُلْفَة,مصدر,83,9191,مقدار المال المصروف,كلف,فُعْلَةٌ,roots-4662:كلف:المحكم — المعاني,roots-4662:كلف:مقاييس — المحور,,كُلْفَة,APPROVED,,L2_017 haiku b06
AR04669,نَفَقَة,مصدر,83,9192,التكاليف والمصروفات المالية,نفق,فَعْلَةٌ,roots-4662:نفق:المحكم — المعاني,roots-4662:نفق:مقاييس — المحور,roots-4662:نفق:الأساس — المجاز,نَفَقَة,APPROVED,,L2_017 haiku b06
AR04670,احْتِمال الثمن,تركيب,83,9193,القدرة على تحمل ثمن,,,,,,احْتِمال الثمن,APPROVED,,L2_017 haiku b06
AR04671,قاسٍ,صفة مشبهة,84,1783,خالٍ من الترف والنعيم,قسو,فَاعِلٌ,,,,قاسٍ,APPROVED,,L2_017 haiku b06
AR04672,مُقْتَصِد,اسم فاعل,84,1784,من ينفق المال بحكمة,قصد,مُفْتَعِلٌ,roots-4662:قصد:المحكم — المعاني,roots-4662:قصد:مقاييس — المحور,,مُقْتَصِد,APPROVED,,L2_017 haiku b06
AR04673,مُسْرِف,اسم فاعل,84,1785;4190;4194;9173,من ينفق بلا حساب,سرف,مُفْعِلٌ,,roots-4662:سرف:مقاييس — المحور,roots-4662:سرف:الأساس — المجاز,مُسْرِف,APPROVED,,L2_017 haiku b06
AR04674,وَفِر,اسم فاعل,84,1786,من لا ينفق إلا الضروري,وفر,فَاعِلٌ,roots-4662:وفر:المحكم — المعاني,roots-4662:وفر:مقاييس — المحور,roots-4662:وفر:الأساس — المجاز,وَفِر,APPROVED,,L2_017 haiku b06
AR04678,قَسْوَة,مصدر,84,4184,الخلو من الراحة والرفاهية,قسو,فَعْلَةٌ,,,,قَسْوَة,APPROVED,,L2_017 haiku b06
AR04679,مُوَفِّر,اسم فاعل,84,4187,من يحرص على عدم الإسراف,وفر,مُفَعِّلٌ,roots-4662:وفر:المحكم — المعاني,roots-4662:وفر:مقاييس — المحور,roots-4662:وفر:الأساس — المجاز,مُوَفِّر,APPROVED,,L2_017 haiku b06
AR04680,حِكْمَة الإنفاق,تركيب,84,4191,عدم الإسراف والحكمة في المال,,,,,,حِكْمَة الإنفاق,APPROVED,,L2_017 haiku b06
AR04681,بَدَّدَ,فعل,84,4192,إهدار المال بلا حكمة,بدد,فَعَّلَ,v21:بدد:المحكم — المعاني,v21:بدد:مقاييس — المحور,v21:بدد:الأساس — المجاز,بَدَّدَ,APPROVED,,L2_017 haiku b06
AR04682,إسبارطي,اسم منسوب,84,4193,قاسٍ في الحياة دخيل,,,,,,إسبارطي,APPROVED,,L2_017 haiku b06 | POS ← L2_025 | L2_025
AR04683,إسراف,مصدر,84,4195,الإنفاق بلا حساب والتبذير,سرف,,,roots-4662:سرف:مقاييس — المحور,roots-4662:سرف:الأساس — المجاز,إسراف,APPROVED,إفْعال,L2_017 haiku b06 | FLAGS: UNVOCALIZED;WAZN_NOT_IN_INV
AR04684,تَوَفُّر,مصدر,84,4196,الاقتصاد في الإنفاق,وفر,تَفَعُّلٌ,roots-4662:وفر:المحكم — المعاني,roots-4662:وفر:مقاييس — المحور,roots-4662:وفر:الأساس — المجاز,تَوَفُّر,APPROVED,,L2_017 haiku b06
AR04686,أَهْدَرَ,فعل,84,5338,إهدار المورد بلا فائدة,هدر,أَفْعَلَ,roots-4662:هدر:المحكم — المعاني,roots-4662:هدر:مقاييس — النص,roots-4662:هدر:الأساس — المجاز,أَهْدَرَ,APPROVED,,L2_017 haiku b06
AR04687,تَصَرَّفَ بحكمة,تركيب,84,5339,استخدام المورد بحنكة,,,,,,تَصَرَّفَ بحكمة,APPROVED,,L2_017 haiku b06
AR04688,تَقَتَّرَ,فعل,84,10381,كان شديد الاقتصاد,قتر,تَفَعَّلَ,roots-4662:قتر:المحكم — المعاني,roots-4662:قتر:مقاييس — المحور,roots-4662:قتر:الأساس — المجاز,تَقَتَّرَ,APPROVED,,L2_017 haiku b06
AR04689,اِقْتِصاد,مصدر,84,15942,الحكمة في استخدام المال,قصد,اِفْتِعَالٌ,roots-4662:قصد:المحكم — المعاني,roots-4662:قصد:مقاييس — المحور,,اِقْتِصاد,APPROVED,,L2_017 haiku b06
AR04690,غَنِي,صفة مشبهة,85,1794;1801;1803,من يملك الكثير من المال,غنو,فَعِلٌ,,,,غَنِي,APPROVED,,L2_017 haiku b06
AR04691,مُفْلِس,اسم فاعل,85,1795,من نفد ماله تماماً,فلس,مُفْعِلٌ,roots-4662:فلس:المحكم — المعاني,roots-4662:فلس:مقاييس — النص,,مُفْلِس,APPROVED,,L2_017 haiku b06
AR04692,فَقير,صفة مشبهة,85,1796;1798,من لا يملك مالاً كافياً,فقر,فَعِيلٌ,roots-4662:فقر:المحكم — المعاني,roots-4662:فقر:مقاييس — المحور,roots-4662:فقر:الأساس — المجاز,فَقير,APPROVED,,L2_017 haiku b06
AR04693,مِسْكين,صفة مشبهة,85,1797,من يفتقد ضروريات الحياة,سكن,فِعِّيلٌ,roots-4662:سكن:المحكم — المعاني,roots-4662:سكن:مقاييس — المحور,roots-4662:سكن:الأساس — المجاز,مِسْكين,APPROVED,,L2_017 haiku b06 | FLAGS: WAZN_LEMMA_MISMATCH
AR04694,مُمَتَّع,اسم فاعل,85,1799,من يتمتع بالثروة,متع,مُفَعَّلٌ,roots-4662:متع:المحكم — المعاني,roots-4662:متع:مقاييس — المحور,roots-4662:متع:الأساس — المجاز,مُمَتَّع,APPROVED,,L2_017 haiku b06
AR04695,مُزْدَهِر,اسم فاعل,85,1800,من يملك الثروة والنجاح,زهر,مُفْتَعِلٌ,roots-4662:زهر:المحكم — المعاني,roots-4662:زهر:مقاييس — المحور,roots-4662:زهر:الأساس — المجاز,مُزْدَهِر,APPROVED,,L2_017 haiku b06 | FLAGS: WAZN_LEMMA_MISMATCH
AR04697,مُيَسَّر,اسم مفعول,85,1804,من يتمتع بحالة مالية جيدة,يسر,مُفَعَّلٌ,roots-4662:يسر:المحكم — المعاني,roots-4662:يسر:مقاييس — المحور,roots-4662:يسر:الأساس — المجاز,مُيَسَّر,APPROVED,,L2_017 haiku b06
AR04698,فَقْر,مصدر,85,10302,حالة عدم امتلاك المال,فقر,فَعْلٌ,roots-4662:فقر:المحكم — المعاني,roots-4662:فقر:مقاييس — المحور,roots-4662:فقر:الأساس — المجاز,فَقْر,APPROVED,,L2_017 haiku b06
AR04699,مُفْقَّر,اسم مفعول,85,13786,من أصبح فقيراً جداً,فقر,مُفَعَّلٌ,roots-4662:فقر:المحكم — المعاني,roots-4662:فقر:مقاييس — المحور,roots-4662:فقر:الأساس — المجاز,مُفْقَّر,APPROVED,,L2_017 haiku b06
AR04701,أَنْذَرَ,فعل,87,1809,تحذير الآخر بحزم,نذر,أَفْعَلَ,roots-4662:نذر:المحكم — المعاني,roots-4662:نذر:مقاييس — المحور,,أَنْذَرَ,APPROVED,,L2_017 haiku b06
AR04702,نَصَحَ,فعل,87,1810,تقديم مسار عمل مقترح,نصح,فَعَلَ,roots-4662:نصح:المحكم — المعاني,roots-4662:نصح:مقاييس — المحور,roots-4662:نصح:الأساس — المجاز,نَصَحَ,APPROVED,,L2_017 haiku b06
AR04703,سأَلَ بتضرع,تركيب,87,1812,طلب بتذلل وتوسل,,,,,,سأَلَ بتضرع,APPROVED,,L2_017 haiku b06
AR04704,تَمَلَّقَ,فعل,87,1813,إقناع بالمجاملة المستمرة,ملق,تَفَعَّلَ,roots-4662:ملق:المحكم — المعاني,roots-4662:ملق:مقاييس — المحور,roots-4662:ملق:الأساس — المجاز,تَمَلَّقَ,APPROVED,,L2_017 haiku b06
AR04705,حَثَّ بقوة,تركيب,87,1818,تشجيع قوي على عمل,,,,,,حَثَّ بقوة,APPROVED,,L2_017 haiku b06
AR04707,أَقْنَعَ,فعل,87,1821,جعل الآخر يقتنع,قنع,أَفْعَلَ,roots-4662:قنع:المحكم — المعاني,roots-4662:قنع:مقاييس — المحور,roots-4662:قنع:الأساس — المجاز,أَقْنَعَ,APPROVED,,L2_017 haiku b06
AR04708,ضَغَطَ بقوة,تركيب,87,10117,بذل جهد قوي للإقناع,,,,,,ضَغَطَ بقوة,APPROVED,,L2_017 haiku b06
AR04710,لَوَّح,فعل,87,13116,محاولة التأثير على القرار,لوح,فَعَّلَ,roots-4662:لوح:المحكم — المعاني,roots-4662:لوح:مقاييس — النص,roots-4662:لوح:الأساس — المجاز,لَوَّح,APPROVED,,L2_017 haiku b06
AR04711,دَافَعَ عن,فعل,87,13475,دعم فكرة بقوة,دفع,فَاعَلَ,roots-4662:دفع:المحكم — المعاني,roots-4662:دفع:مقاييس — المحور,roots-4662:دفع:الأساس — المجاز,دَافَعَ عن,APPROVED,,L2_017 haiku b06 | FLAGS: WAZN_LEMMA_MISMATCH
AR04712,اقْتَرَحَ,فعل,87,16340,عرض فكرة للتفكير فيها,قرح,اِفْتَعَلَ,roots-4662:قرح:المحكم — المعاني,roots-4662:قرح:مقاييس — المحور,roots-4662:قرح:الأساس — المجاز,اقْتَرَحَ,APPROVED,,L2_017 haiku b06
AR04713,أَوْصَى,فعل,87,16934,اقتراح مسار عمل,وصي,,roots-4662:وصي:المحكم — المعاني,roots-4662:وصي:مقاييس — المحور,,أَوْصَى,APPROVED,أَفْعَى,L2_017 haiku b06 | FLAGS: ROOT_NORMALIZED;WAZN_NOT_IN_INV
AR04714,اقْتِراح,مصدر,87,18450,عرض فكرة للنظر فيها,قرح,اِفْتِعَالٌ,roots-4662:قرح:المحكم — المعاني,roots-4662:قرح:مقاييس — المحور,roots-4662:قرح:الأساس — المجاز,اقْتِراح,APPROVED,,L2_017 haiku b06
AR04715,فَرَضَ,فعل,87,18519,الأمر الحتمي لفعل شيء,فرض,فَعَلَ,roots-4662:فرض:المحكم — المعاني,roots-4662:فرض:مقاييس — المحور,roots-4662:فرض:الأساس — المجاز,فَرَضَ,APPROVED,,L2_017 haiku b06
AR04717,أَثَّرَ سلباً,تركيب,88,15115,حدث بتأثير سيء,,,,,,أَثَّرَ سلباً,APPROVED,,L2_017 haiku b06
AR04719,ضَرَبَ بقوة,تركيب,88,16385,حدث مفاجئ بتأثير سيء,,,,,,ضَرَبَ بقوة,APPROVED,,L2_017 haiku b06
AR04722,أَقْنَعَ,فعل,89,1859;1862,جعل الآخر يصدق,قنع,أَفْعَلَ,roots-4662:قنع:المحكم — المعاني,roots-4662:قنع:مقاييس — المحور,roots-4662:قنع:الأساس — المجاز,أَقْنَعَ,APPROVED,,L2_017 haiku b06
AR04723,ثَنَى عن,فعل,89,1860,إثناء عن الفعل,ثنو,فَعَلَ,,,,ثَنَى عن,APPROVED,,L2_017 haiku b06
AR04725,أَثَّرَ على,تركيب,89,1863,تغيير رأي الآخر,,,,,,أَثَّرَ على,APPROVED,,L2_017 haiku b06
AR04728,دَفَعَ,فعل,90,1865,إنجاح إقناع الآخر,دفع,فَعَلَ,roots-4662:دفع:المحكم — المعاني,roots-4662:دفع:مقاييس — المحور,roots-4662:دفع:الأساس — المجاز,دَفَعَ,APPROVED,,L2_017 haiku b06
AR04730,دَفَعَ بهم,تركيب,90,1868,حمل الآخر على الفعل,,,,,,دَفَعَ بهم,APPROVED,,L2_017 haiku b06
AR04731,تَكَلَّمَ عن,تركيب,90,1869,إقناع بوجهة نظر بالحديث,,,,,,تَكَلَّمَ عن,APPROVED,,L2_017 haiku b06
AR04732,خَدَعَ,فعل,92,1895;13105;13106,تضليل الآخر عن الحقيقة,خدع,فَعَلَ,roots-4662:خدع:المحكم — المعاني,roots-4662:خدع:مقاييس — النص,roots-4662:خدع:الأساس — المجاز,خَدَعَ,APPROVED,,L2_017 haiku b06
AR04734,نَصَبَ الفخ,تركيب,92,1897,خداع الآخر للقيام بفعل,,,,,,نَصَبَ الفخ,APPROVED,,L2_017 haiku b06
AR04735,ألحّ,فعل,92,1898,الإلحاح المزعج على الآخر,لحح,فَعَّلَ,roots-4662:لحح:المحكم — المعاني,roots-4662:لحح:مقاييس — المحور,roots-4662:لحح:الأساس — المجاز,ألحّ,APPROVED,,L2_017 haiku b06 | FLAGS: WAZN_LEMMA_MISMATCH
AR04736,خَادَعَ,فعل,92,1899,غش الآخر بالماكرة,خدع,فَاعَلَ,roots-4662:خدع:المحكم — المعاني,roots-4662:خدع:مقاييس — النص,roots-4662:خدع:الأساس — المجاز,خَادَعَ,APPROVED,,L2_017 haiku b06
AR04737,تَمَلَّقَ,فعل,92,1951;1958,الإفراط في المدح,ملق,تَفَعَّلَ,roots-4662:ملق:المحكم — المعاني,roots-4662:ملق:مقاييس — المحور,roots-4662:ملق:الأساس — المجاز,تَمَلَّقَ,APPROVED,,L2_017 haiku b06
AR04738,أَغْرَى,فعل,92,1952,إغراء الآخر بفعل شيء,غرو,,roots-4662:غرو:المحكم — المعاني,roots-4662:غرو:مقاييس — المحور,,أَغْرَى,APPROVED,أَفْعَى,L2_017 haiku b06 | FLAGS: WAZN_NOT_IN_INV
AR04739,غَشَّ,فعل,92,1953,التصرف بعدم أمانة,غش,فَعَّلَ,,,,غَشَّ,APPROVED,,L2_017 haiku b06 | FLAGS: ROOT_LEN
AR04742,تَوَعَّدَ,فعل,92,1957,التهديد للسيطرة,وعد,تَفَعَّلَ,roots-4662:وعد:المحكم — المعاني,roots-4662:وعد:مقاييس — النص,roots-4662:وعد:الأساس — المجاز,تَوَعَّدَ,APPROVED,,L2_017 haiku b06
AR04743,تَنَمَّرَ على,تركيب,92,1959,الإرهاب والتخويف,,,,,,تَنَمَّرَ على,APPROVED,,L2_017 haiku b06
AR04744,الْتَحَمَ بقوة,تركيب,92,18509,الإرغام على الفعل,,,,,,الْتَحَمَ بقوة,APPROVED,,L2_017 haiku b06
AR04745,سَرَقَ,فعل,94,1960;1965;1968,أخذ ملك الآخر بدون حق,سرق,فَعَلَ,roots-4662:سرق:المحكم — المعاني,roots-4662:سرق:مقاييس — المحور,roots-4662:سرق:الأساس — المجاز,سَرَقَ,APPROVED,,L2_017 haiku b06
AR04746,اخْتَلَسَ,فعل,94,1961;1962,السرقة بخيانة الثقة,خلس,اِفْتَعَلَ,roots-4662:خلس:المحكم — المعاني,roots-4662:خلس:مقاييس — المحور,roots-4662:خلس:الأساس — المجاز,اخْتَلَسَ,APPROVED,,L2_017 haiku b06
AR04747,سَرَقَ بسرعة,تركيب,94,1963;2061;15116,سرقة أشياء صغيرة,,,,,,سَرَقَ بسرعة,APPROVED,,L2_017 haiku b06
AR04748,نَهَبَ,فعل,94,1964,سرقة مستمرة صغيرة,نهب,فَعَلَ,roots-4662:نهب:المحكم — المعاني,roots-4662:نهب:مقاييس — المحور,roots-4662:نهب:الأساس — المجاز,نَهَبَ,APPROVED,,L2_017 haiku b06
AR04749,حَمَلَ بلا إذن,تركيب,94,1966,السرقة غير القانونية,,,,,,حَمَلَ بلا إذن,APPROVED,,L2_017 haiku b06
AR04750,قَرَصَ,فعل,94,1967,السرقة غير الرسمية,قرص,فَعَلَ,roots-4662:قرص:المحكم — المعاني,roots-4662:قرص:مقاييس — المحور,roots-4662:قرص:الأساس — المجاز,قَرَصَ,APPROVED,,L2_017 haiku b06
AR04751,لِصّ,اسم جامد,94,1969,من يقوم بالسرقة,لصص,فِعْلٌ,roots-4662:لصص:المحكم — المعاني,roots-4662:لصص:مقاييس — المحور,,لِصّ,APPROVED,,L2_017 haiku b06 | FLAGS: WAZN_LEMMA_MISMATCH
AR04752,نَشَّال,اسم جامد,94,1970,من يسرق من الجيوب,نشل,فَعَّالٌ,roots-4662:نشل:المحكم — المعاني,roots-4662:نشل:مقاييس — المحور,,نَشَّال,APPROVED,,L2_017 haiku b06
AR04753,خاطِف محافظ,تركيب,94,1972,من يسرق المحافظ,,,,,,خاطِف محافظ,APPROVED,,L2_017 haiku b06
AR04754,سارِق صغير,تركيب,94,1973,من يسرق أشياء بسيطة,,,,,,سارِق صغير,APPROVED,,L2_017 haiku b06
AR04755,خاطِف,اسم فاعل,94,1974,من يسرق أو يخطف,خطف,فَاعِلٌ,roots-4662:خطف:المحكم — المعاني,roots-4662:خطف:مقاييس — المحور,roots-4662:خطف:الأساس — المجاز,خاطِف,APPROVED,,L2_017 haiku b06
AR04756,سِرْقَة,مصدر,94,1975;1976;2076,فعل أخذ ملك الآخر,سرق,فِعْلَةٌ,roots-4662:سرق:المحكم — المعاني,roots-4662:سرق:مقاييس — المحور,roots-4662:سرق:الأساس — المجاز,سِرْقَة,APPROVED,,L2_017 haiku b06
AR04757,اخْتِلاس,مصدر,94,1977;2073;17262,سرقة مستمرة صغيرة,خلس,اِفْتِعَالٌ,roots-4662:خلس:المحكم — المعاني,roots-4662:خلس:مقاييس — المحور,roots-4662:خلس:الأساس — المجاز,اخْتِلاس,APPROVED,,L2_017 haiku b06
AR04758,خَفيف اليَد,تركيب,94,1978,ماهر بالسرقة الصغيرة,,,,,,خَفيف اليَد,APPROVED,,L2_017 haiku b06
AR04759,سارِق,اسم فاعل,94,1979,ماهر في السرقة,سرق,فَاعِلٌ,roots-4662:سرق:المحكم — المعاني,roots-4662:سرق:مقاييس — المحور,roots-4662:سرق:الأساس — المجاز,سارِق,APPROVED,,L2_017 haiku b06
AR04760,خَطَفَ,فعل,94,2060,سرقة أو خطف بسرعة,خطف,فَعَلَ,roots-4662:خطف:المحكم — المعاني,roots-4662:خطف:مقاييس — المحور,roots-4662:خطف:الأساس — المجاز,خَطَفَ,APPROVED,,L2_017 haiku b06
AR04761,أَساءَ الاستعمال,تركيب,94,2062,سرقة من المال الموكول,,,,,,أَساءَ الاستعمال,APPROVED,,L2_017 haiku b06
AR04762,سَرَقَ بخيانة,تركيب,94,2063,أخذ بخيانة الثقة,,,,,,سَرَقَ بخيانة,APPROVED,,L2_017 haiku b06
AR04763,سَرَقَ من متجر,تركيب,94,2064,سرقة من المتاجر,,,,,,سَرَقَ من متجر,APPROVED,,L2_017 haiku b06
AR04764,سارِق متجر,تركيب,94,2065,من يسرق من المحلات,,,,,,سارِق متجر,APPROVED,,L2_017 haiku b06
AR04765,سرقة من متجر,تركيب,94,2066,سرقة من المحلات,,,,,,سرقة من متجر,APPROVED,,L2_017 haiku b06 | FLAGS: UNVOCALIZED
AR04766,اخْتِلاس صغير,تركيب,94,2068,سرقة مستمرة صغيرة,,,,,,اخْتِلاس صغير,APPROVED,,L2_017 haiku b06
AR04767,مَسْروق,اسم مفعول,94,2069,ما تم أخذه بالسرقة,سرق,مَفْعُولٌ,roots-4662:سرق:المحكم — المعاني,roots-4662:سرق:مقاييس — المحور,roots-4662:سرق:الأساس — المجاز,مَسْروق,APPROVED,,L2_017 haiku b06
AR04768,اخْتِلاس أموال,تركيب,94,2070,سرقة من الأموال الموكولة,,,,,,اخْتِلاس أموال,APPROVED,,L2_017 haiku b06
AR04769,مُخْتَلِس,اسم فاعل,94,2071,من يسرق الأموال,خلس,مُفْتَعِلٌ,roots-4662:خلس:المحكم — المعاني,roots-4662:خلس:مقاييس — المحور,roots-4662:خلس:الأساس — المجاز,مُخْتَلِس,APPROVED,,L2_017 haiku b06
AR04770,اخْتِلاس عام,تركيب,94,2072,سرقة من الأموال الحكومية,,,,,,اخْتِلاس عام,APPROVED,,L2_017 haiku b06
AR04771,سِرْقَة الأملاك,تركيب,94,2074,سرقة من الممتلكات,,,,,,سِرْقَة الأملاك,APPROVED,,L2_017 haiku b06
AR04772,خَطْفَة,مصدر,94,2075,فعل السرقة الخاطفة,خطف,فَعْلَةٌ,roots-4662:خطف:المحكم — المعاني,roots-4662:خطف:مقاييس — المحور,roots-4662:خطف:الأساس — المجاز,خَطْفَة,APPROVED,,L2_017 haiku b06
AR04773,سَرَقَ من الجيب,تركيب,94,5610,سرقة من الجيوب,,,,,,سَرَقَ من الجيب,APPROVED,,L2_017 haiku b06
AR04774,سَرْقَة كبيرة,تركيب,94,8423,نهب أو سرقة ضخمة,,,,,,سَرْقَة كبيرة,APPROVED,,L2_017 haiku b06
AR04775,أَخَذَ سراً,تركيب,94,15615,سرقة بلطف,,,,,,أَخَذَ سراً,APPROVED,,L2_017 haiku b06
AR04776,أَمْسَكَ,فعل,94,15634,السرقة عامية,مسك,فَعَلَ,roots-4662:مسك:المحكم — المعاني,roots-4662:مسك:مقاييس — المحور,roots-4662:مسك:الأساس — المجاز,أَمْسَكَ,APPROVED,,L2_017 haiku b06 | FLAGS: WAZN_LEMMA_MISMATCH
AR04777,سَرَقَ الماشية,تركيب,94,15635,سرقة الماشية,,,,,,سَرَقَ الماشية,APPROVED,,L2_017 haiku b06
AR04778,أَخَذَ بدون إذن,تركيب,94,17255,أخذ ملك دون حق,,,,,,أَخَذَ بدون إذن,APPROVED,,L2_017 haiku b06
AR04779,هَرَبَ بـ,تركيب,94,18481,سرقة والهروب بها,,,,,,هَرَبَ بـ,APPROVED,,L2_017 haiku b06
AR04780,اهْتَرَبَ بـ,فعل,94,18482,السرقة والفرار,هرب,اِفْتَعَلَ,roots-4662:هرب:المحكم — المعاني,roots-4662:هرب:مقاييس — النص,,اهْتَرَبَ بـ,APPROVED,,L2_017 haiku b06 | FLAGS: WAZN_LEMMA_MISMATCH
AR04782,منخفِض,صفة مشبهة,95,1981,دون المتوسط في الكمية,نخفض,مُفْعَلٌ,,,,منخفِض,APPROVED,,L2_017 haiku b06
AR04783,غَنِي,صفة مشبهة,95,1982,يحتوي على كمية كبيرة,غنو,فَعِلٌ,,,,غَنِي,APPROVED,,L2_017 haiku b06
AR04784,ناقِص,اسم فاعل,95,1983,غير كافٍ أو ناقص,نقص,فَاعِلٌ,roots-4662:نقص:المحكم — المعاني,roots-4662:نقص:مقاييس — النص,,ناقِص,APPROVED,,L2_017 haiku b06
AR04785,خالٍ من,تركيب,95,1984,عديم أو غير موجود,,,,,,خالٍ من,APPROVED,,L2_017 haiku b06
AR04786,متقدِّم,اسم فاعل,95,1985,معقد وليس بسيط,قدم,,roots-4662:قدم:المحكم — المعاني,roots-4662:قدم:مقاييس — المحور,roots-4662:قدم:الأساس — المجاز,متقدِّم,APPROVED,مُتَقَدِّم,L2_017 haiku b06 | FLAGS: WAZN_NOT_IN_INV
AR04787,متوسِّط,اسم فاعل,95,14032,بين الطرفين,وسط,,roots-4662:وسط:المحكم — المعاني,roots-4662:وسط:مقاييس — المحور,roots-4662:وسط:الأساس — المجاز,متوسِّط,APPROVED,مُتَوَسِّط,L2_017 haiku b06 | FLAGS: WAZN_NOT_IN_INV
AR04788,سيِّئ في,تركيب,95,16251,كمية قليلة من شيء,,,,,,سيِّئ في,APPROVED,,L2_017 haiku b06
AR04789,عالٍ جداً,تركيب,95,18382,كمية عالية جداً,,,,,,عالٍ جداً,APPROVED,,L2_017 haiku b06
AR04790,معتدِل,صفة مشبهة,95,18664,في الموضع المتوسط,ءعتدل,مُفْتَعِلٌ,,,,معتدِل,APPROVED,,L2_017 haiku b06 | FLAGS: ROOT_LEN;ROOT_NORMALIZED
AR04791,زادَ,فعل,96,1987,جعل الكمية أكبر,زيد,فَعَلَ,roots-4662:زيد:المحكم — المعاني,roots-4662:زيد:مقاييس — المحور,roots-4662:زيد:الأساس — المجاز,زادَ,APPROVED,,L2_017 haiku b06
AR04792,قَلَّلَ,فعل,96,1989;10119,جعل الكمية أصغر,قلل,فَعَّلَ,roots-4662:قلل:المحكم — المعاني,roots-4662:قلل:مقاييس — المحور,roots-4662:قلل:الأساس — المجاز,قَلَّلَ,APPROVED,,L2_017 haiku b06
AR04793,خَفَّفَ,فعل,96,1990,تقليل الكمية أو الحدة,خفف,فَعَّلَ,roots-4662:خفف:المحكم — المعاني,roots-4662:خفف:مقاييس — المحور,roots-4662:خفف:الأساس — المجاز,خَفَّفَ,APPROVED,,L2_017 haiku b06
AR04794,تقليل,مصدر,96,1991,فعل تقليل الكمية,قلل,تَفْعِيلٌ,roots-4662:قلل:المحكم — المعاني,roots-4662:قلل:مقاييس — المحور,roots-4662:قلل:الأساس — المجاز,تقليل,APPROVED,,L2_017 haiku b06 | FLAGS: UNVOCALIZED
AR04795,خَفَّضَ,فعل,96,1992;17561,تقليل المقدار أو المستوى,خفض,فَعَّلَ,roots-4662:خفض:المحكم — المعاني,,roots-4662:خفض:الأساس — المجاز,خَفَّضَ,APPROVED,,L2_017 haiku b06
AR04796,رفَعَ,فعل,96,1995,زيادة المستوى أو الدرجة,رفع,فَعَلَ,roots-4662:رفع:المحكم — المعاني,roots-4662:رفع:مقاييس — المحور,roots-4662:رفع:الأساس — المجاز,رفَعَ,APPROVED,,L2_017 haiku b06
AR04797,انتفَخَ,فعل,96,9502,زيادة القيمة,نفخ,اِنْفَعَلَ,roots-4662:نفخ:المحكم — المعاني,roots-4662:نفخ:مقاييس — المحور,roots-4662:نفخ:الأساس — المجاز,انتفَخَ,APPROVED,,L2_017 haiku b06 | FLAGS: WAZN_LEMMA_MISMATCH
AR04798,نُمُوّ,مصدر,96,9503,تحرك للأعلى على المقياس,نمو,فُعُولٌ,roots-4662:نمو:المحكم — المعاني,,,نُمُوّ,APPROVED,,L2_017 haiku b06
AR04799,قَطَعَ,فعل,96,10820,تقليل الكمية,قطع,فَعَلَ,roots-4662:قطع:المحكم — المعاني,roots-4662:قطع:مقاييس — المحور,roots-4662:قطع:الأساس — المجاز,قَطَعَ,APPROVED,,L2_017 haiku b06
AR04800,تقطيع,مصدر,96,10821,تقليل الكمية,قطع,تَفْعِيلٌ,roots-4662:قطع:المحكم — المعاني,roots-4662:قطع:مقاييس — المحور,roots-4662:قطع:الأساس — المجاز,تقطيع,APPROVED,,L2_017 haiku b06 | FLAGS: UNVOCALIZED
AR04802,قَصَّرَ,فعل,96,12580,تقليل الحد أو النطاق,قصر,فَعَّلَ,roots-4662:قصر:المحكم — المعاني,roots-4662:قصر:مقاييس — المحور,roots-4662:قصر:الأساس — المجاز,قَصَّرَ,APPROVED,,L2_017 haiku b06
AR04803,خَفَّضَ السعر,تركيب,96,12773,تقليل سعر المنتج,,,,,,خَفَّضَ السعر,APPROVED,,L2_017 haiku b06
AR04804,زادَ المستوى,تركيب,96,12774,زيادة السرعة أو الشدة,,,,,,زادَ المستوى,APPROVED,,L2_017 haiku b06
AR04805,دَفَعَ,فعل,96,13327,إرغام على تغيير الموضع,دفع,فَعَلَ,roots-4662:دفع:المحكم — المعاني,roots-4662:دفع:مقاييس — المحور,roots-4662:دفع:الأساس — المجاز,دَفَعَ,APPROVED,,L2_017 haiku b06
AR04806,دَفْعَة,مصدر,96,13328,تغيير الموضع بقوة,دفع,فَعْلَةٌ,roots-4662:دفع:المحكم — المعاني,roots-4662:دفع:مقاييس — المحور,roots-4662:دفع:الأساس — المجاز,دَفْعَة,APPROVED,,L2_017 haiku b06
AR04811,أَدارَ بقوة,تركيب,96,17351,زيادة الشدة,,,,,,أَدارَ بقوة,APPROVED,,L2_017 haiku b06
AR04812,قَلَّلَ بشدة,تركيب,96,17381,تقليل كبير الحد,,,,,,قَلَّلَ بشدة,APPROVED,,L2_017 haiku b06
AR04814,رَفَعَ,فعل,96,18567,زيادة المستوى,رفع,فَعَلَ,roots-4662:رفع:المحكم — المعاني,roots-4662:رفع:مقاييس — المحور,roots-4662:رفع:الأساس — المجاز,رَفَعَ,APPROVED,,L2_017 haiku b06
AR04815,أَقْنَعَ,فعل,98,7348,جعل المدرِك يصدق شيئاً,قنع,أَفْعَلَ,roots-4662:قنع:المحكم — المعاني,roots-4662:قنع:مقاييس — المحور,roots-4662:قنع:الأساس — المجاز,أَقْنَعَ,APPROVED,,L2_017 haiku b06
AR04816,حَرَّكَ إلى النتيجة,تركيب,98,13415,جعل يصل إلى استنتاج,,,,,,حَرَّكَ إلى النتيجة,APPROVED,,L2_017 haiku b06
AR04817,سَطَا,فعل,99,1999;12742;12772;15670,أخذ الشيء بالقوة أو التهديد,سطو,فَعَلَ,roots-4662:سطو:المحكم — المعاني,,roots-4662:سطو:الأساس — المجاز,سَطَا,APPROVED,,L2_017 haiku b07
AR04818,لِص,اسم جامد,99,2000,شخص يسطو على الآخرين,لصص,فِعْلٌ,roots-4662:لصص:المحكم — المعاني,roots-4662:لصص:مقاييس — المحور,,لِص,APPROVED,,L2_017 haiku b07 | FLAGS: WAZN_LEMMA_MISMATCH
AR04819,سارِق,اسم فاعل,99,2000,من يأخذ المال بدون إذن,سرق,فَاعِلٌ,roots-4662:سرق:المحكم — المعاني,roots-4662:سرق:مقاييس — المحور,roots-4662:سرق:الأساس — المجاز,سارِق,APPROVED,,L2_017 haiku b07
AR04820,اِعْتَدَى,فعل,99,2001,هاجم وأخذ المال من شخص,عدي,اِفْتَعَلَ,,,,اِعْتَدَى,APPROVED,,L2_017 haiku b07
AR04821,سَطْو,مصدر,99,2002;2005,أخذ المال أو البضاعة بالقوة,سطو,فَعْلٌ,roots-4662:سطو:المحكم — المعاني,,roots-4662:سطو:الأساس — المجاز,سَطْو,APPROVED,,L2_017 haiku b07
AR04822,سِرقَة,مصدر,99,2002,الاستيلاء على شيء لا يملكه الشخص,سرق,فِعْلَةٌ,roots-4662:سرق:المحكم — المعاني,roots-4662:سرق:مقاييس — المحور,roots-4662:سرق:الأساس — المجاز,سِرقَة,APPROVED,,L2_017 haiku b07
AR04823,مُعْتَدٍ,اسم فاعل,99,2003,شخص يهاجم ويسطو على الآخرين,عدي,مُفْتَعِلٌ,,,,مُعْتَدٍ,APPROVED,,L2_017 haiku b07
AR04824,اِعْتِداء,مصدر,99,2004,فعل الاعتداء والسطو على الآخرين,عدي,اِفْتِعَالٌ,,,,اِعْتِداء,APPROVED,,L2_017 haiku b07
AR04827,نَهَبَ,فعل,99,15122,سرق كل الأشياء الثمينة من مكان,نهب,فَعَلَ,roots-4662:نهب:المحكم — المعاني,roots-4662:نهب:مقاييس — المحور,roots-4662:نهب:الأساس — المجاز,نَهَبَ,APPROVED,,L2_017 haiku b07
AR04828,أفرَغَ,فعل,99,15122,أخذ كل الأشياء القيّمة من موقع,فرغ,أَفْعَلَ,roots-4662:فرغ:المحكم — المعاني,roots-4662:فرغ:مقاييس — المحور,roots-4662:فرغ:الأساس — المجاز,أفرَغَ,APPROVED,,L2_017 haiku b07
AR04829,تَوَهَّجَ,فعل,105,2175,أرسل نورا ثابتا بدون لهب,وهج,تَفَعَّلَ,roots-4662:وهج:المحكم — المعاني,roots-4662:وهج:مقاييس — النص,roots-4662:وهج:الأساس — المجاز,تَوَهَّجَ,APPROVED,,L2_017 haiku b07
AR04831,لَمَعَ,فعل,105,3235,أرسل نورا ضعيفا متذبذبا,لمع,فَعَلَ,roots-4662:لمع:المحكم — المعاني,roots-4662:لمع:مقاييس — المحور,roots-4662:لمع:الأساس — المجاز,لَمَعَ,APPROVED,,L2_017 haiku b07
AR04832,رَمَقَ,فعل,105,3236,أشع بنور يتغير من مشرق إلى خافت,رمق,فَعَلَ,roots-4662:رمق:المحكم — المعاني,roots-4662:رمق:مقاييس — المحور,,رَمَقَ,APPROVED,,L2_017 haiku b07
AR04833,ومَضَ,فعل,105,3236,بريق متقطع يتغير,ومض,فَعَلَ,roots-4662:ومض:المحكم — المعاني,roots-4662:ومض:مقاييس — المحور,roots-4662:ومض:الأساس — المجاز,ومَضَ,APPROVED,,L2_017 haiku b07
AR04834,رَقَّ,فعل,105,3237,أرسل نورا ناعما مرتجفا,رقق,فَعَّلَ,roots-4662:رقق:المحكم — المعاني,roots-4662:رقق:مقاييس — المحور,roots-4662:رقق:الأساس — المجاز,رَقَّ,APPROVED,,L2_017 haiku b07 | FLAGS: WAZN_LEMMA_MISMATCH
AR04836,لمَعَ,فعل,105,3245;3251,أرسل وميضا مفاجئا,لمع,فَعَلَ,roots-4662:لمع:المحكم — المعاني,roots-4662:لمع:مقاييس — المحور,roots-4662:لمع:الأساس — المجاز,لمَعَ,APPROVED,,L2_017 haiku b07
AR04838,تَلَأَلَأَ,فعل,105,3249;3250,أشع بنور مشرق,ءلء,تَفَاعَلَ,v21:ألأ:المحكم — المعاني,,,تَلَأَلَأَ,APPROVED,,L2_017 haiku b07 | FLAGS: ROOT_NORMALIZED
AR04841,رَفْرَفَ,فعل,105,3252,انعكس النور بشكل متقطع,رفف,,roots-4662:رفف:المحكم — المعاني,roots-4662:رفف:مقاييس — المحور,roots-4662:رفف:الأساس — المجاز,رَفْرَفَ,APPROVED,فَعْفَعَ,L2_017 haiku b07 | FLAGS: WAZN_NOT_IN_INV
AR04842,تَرَقْرَقَ,فعل,105,3252,أرسل نورا متذبذبا,رقق,,roots-4662:رقق:المحكم — المعاني,roots-4662:رقق:مقاييس — المحور,roots-4662:رقق:الأساس — المجاز,تَرَقْرَقَ,APPROVED,تَفَعْلَقَ,L2_017 haiku b07 | FLAGS: WAZN_LEMMA_MISMATCH;WAZN_NOT_IN_INV
AR04843,اشْتَعَلَ,فعل,105,3254;3256,أضاء وكأنه بنار,علع,اِفْتَعَلَ,,,,اشْتَعَلَ,APPROVED,,L2_017 haiku b07 | FLAGS: WAZN_LEMMA_MISMATCH
AR04844,ألَهَبَ,فعل,105,3254,أشع كالنار,لهب,أَفْعَلَ,roots-4662:لهب:المحكم — المعاني,roots-4662:لهب:مقاييس — المحور,,ألَهَبَ,APPROVED,,L2_017 haiku b07
AR04845,وَمِيض,اسم جامد,105,3257;3262;3265;3269,وميض قصير من النور,ومض,فَعِيلٌ,roots-4662:ومض:المحكم — المعاني,roots-4662:ومض:مقاييس — المحور,roots-4662:ومض:الأساس — المجاز,وَمِيض,APPROVED,,L2_017 haiku b07
AR04847,نور ضعيف,تركيب,105,3259,نور خافت متذبذب,,,,,,نور ضعيف,APPROVED,,L2_017 haiku b07 | FLAGS: UNVOCALIZED
AR04848,تَرَقْرُق,مصدر,105,3260,انعكاس النور المتقطع,رقق,تَفَعْلُلٌ,roots-4662:رقق:المحكم — المعاني,roots-4662:رقق:مقاييس — المحور,roots-4662:رقق:الأساس — المجاز,تَرَقْرُق,APPROVED,,L2_017 haiku b07 | FLAGS: WAZN_LEMMA_MISMATCH
AR04849,تَوَهُّج,مصدر,105,3261,برقان ومضات,وهج,تَفَعُّلٌ,roots-4662:وهج:المحكم — المعاني,roots-4662:وهج:مقاييس — النص,roots-4662:وهج:الأساس — المجاز,تَوَهُّج,APPROVED,,L2_017 haiku b07
AR04850,نور ساطع,تركيب,105,3264;3272,نور ساطع يضيء شيئا,,,,,,نور ساطع,APPROVED,,L2_017 haiku b07 | FLAGS: UNVOCALIZED
AR04851,لمّاع,صفة مشبهة,105,3266;3270;3280,يصدر وميضا حادا ومفاجئا,لمع,فَعَّالٌ,roots-4662:لمع:المحكم — المعاني,roots-4662:لمع:مقاييس — المحور,roots-4662:لمع:الأساس — المجاز,لمّاع,APPROVED,,L2_017 haiku b07
AR04852,مُتَلَأْلِئ,اسم فاعل,105,3267,يشع بنور مشرق,ءلء,مُتَفَاعِلٌ,v21:ألأ:المحكم — المعاني,,,مُتَلَأْلِئ,APPROVED,,L2_017 haiku b07 | FLAGS: ROOT_NORMALIZED
AR04855,بَريق ناعم,تركيب,105,3273,بريق ناعم على السطح,,,,,,بَريق ناعم,APPROVED,,L2_017 haiku b07
AR04856,مُتَوَهِّج,اسم فاعل,105,3275,يشع بنور ناعم مرتعش,وهج,مُتَفَعِّلٌ,roots-4662:وهج:المحكم — المعاني,roots-4662:وهج:مقاييس — النص,roots-4662:وهج:الأساس — المجاز,مُتَوَهِّج,APPROVED,,L2_017 haiku b07
AR04857,توَهُّج,مصدر,105,3277,نور ناعم مرتعش,وهج,تَفَعُّلٌ,roots-4662:وهج:المحكم — المعاني,roots-4662:وهج:مقاييس — النص,roots-4662:وهج:الأساس — المجاز,توَهُّج,APPROVED,,L2_017 haiku b07
AR04860,نور,اسم جامد,105,14248,العامل الطبيعي الذي يحفز البصر,نور,,roots-4662:نور:المحكم — المعاني,roots-4662:نور:مقاييس — المحور,,نور,APPROVED,فُعول,L2_017 haiku b07 | FLAGS: UNVOCALIZED;WAZN_NOT_IN_INV
AR04861,أَضاءَ,فعل,105,17686;17687,جعل النور ينعكس من شيء,ضيء,أَفْعَلَ,v21:ضيأ:المحكم — المعاني,,,أَضاءَ,APPROVED,,L2_017 haiku b07
AR04866,أداة صغيرة,تركيب,106,2207,جهاز صغير أو أداة ميكانيكية,,,,,,أداة صغيرة,APPROVED,,L2_017 haiku b07 | FLAGS: UNVOCALIZED
AR04867,آلة غريبة,تركيب,106,2209,آلة أو جهاز غريب أو معقد,,,,,,آلة غريبة,APPROVED,,L2_017 haiku b07 | FLAGS: UNVOCALIZED
AR04868,ميكانيكي,اسم منسوب,106,10310,متعلق بالآلات والآليات,ميك,,,,,ميكانيكي,APPROVED,فِعالي,L2_017 haiku b07 | FLAGS: UNVOCALIZED;WAZN_NOT_IN_INV
AR04869,طاردة مركزية,تركيب,106,10701,آلة بحاوية دوّارة سريعة,,,,,,طاردة مركزية,APPROVED,,L2_017 haiku b07 | FLAGS: UNVOCALIZED
AR04870,تِقنية,اسم جامد,106,11612,آلات ومعدات بناء على العلم,قني,,roots-4662:قني:المحكم — المعاني,,,تِقنية,APPROVED,فِعالة,L2_017 haiku b07 | FLAGS: WAZN_NOT_IN_INV
AR04871,نِظام,اسم جامد,106,11690,آلة معقدة تعمل أجزاؤها معا,نظم,فِعَالٌ,roots-4662:نظم:المحكم — المعاني,roots-4662:نظم:مقاييس — المحور,roots-4662:نظم:الأساس — المجاز,نِظام,APPROVED,,L2_017 haiku b07
AR04872,نواة,اسم جامد,106,12686,الجزء المركزي من المفاعل النووي,نوي,,,roots-4662:نوي:مقاييس — المحور,roots-4662:نوي:الأساس — المجاز,نواة,APPROVED,فُعالة,L2_017 haiku b07 | FLAGS: UNVOCALIZED;WAZN_NOT_IN_INV
AR04874,موقد,اسم جامد,106,16286,فرن مطبخ للطهي,وقد,مَفْعَلٌ,roots-4662:وقد:المحكم — المعاني,roots-4662:وقد:مقاييس — المحور,roots-4662:وقد:الأساس — المجاز,موقد,APPROVED,,L2_017 haiku b07 | FLAGS: UNVOCALIZED
AR04875,ميزان,اسم جامد,106,16418,جهاز لتحديد استقامة السطح,زين,فِعَالٌ,roots-4662:زين:المحكم — المعاني,roots-4662:زين:مقاييس — المحور,roots-4662:زين:الأساس — المجاز,ميزان,APPROVED,,L2_017 haiku b07 | FLAGS: UNVOCALIZED
AR04877,اِمْتِحان,مصدر,107,2186;2211,اختبار رسمي للمعرفة,متح,اِفْتِعَالٌ,roots-4662:متح:المحكم — المعاني,roots-4662:متح:مقاييس — المحور,roots-4662:متح:الأساس — المجاز,اِمْتِحان,APPROVED,,L2_017 haiku b07 | FLAGS: WAZN_LEMMA_MISMATCH
AR04878,فَحْص,مصدر,107,2186,اختبار للمهارة أو المعرفة,فحص,فَعْلٌ,roots-4662:فحص:المحكم — المعاني,roots-4662:فحص:مقاييس — المحور,roots-4662:فحص:الأساس — المجاز,فَحْص,APPROVED,,L2_017 haiku b07
AR04879,تَقْويم,مصدر,107,2203,تحديد مستوى المهارات,قيم,تَفْعِيلٌ,,,,تَقْويم,APPROVED,,L2_017 haiku b07
AR04880,اِمْتَحَنَ,فعل,107,2210,اختبر المعرفة أو الكفاءة,متح,اِفْتَعَلَ,roots-4662:متح:المحكم — المعاني,roots-4662:متح:مقاييس — المحور,roots-4662:متح:الأساس — المجاز,اِمْتَحَنَ,APPROVED,,L2_017 haiku b07 | FLAGS: WAZN_LEMMA_MISMATCH
AR04884,غَليظ,صفة مشبهة,108,2191,قياس سمك الشيء,غلظ,فَعِيلٌ,roots-4662:غلظ:المحكم — المعاني,,roots-4662:غلظ:الأساس — المجاز,غَليظ,APPROVED,,L2_017 haiku b07
AR04889,ارتِفاع,مصدر,108,2199,قياس الارتفاع من القاعدة إلى الأعلى,رفع,اِفْتِعَالٌ,roots-4662:رفع:المحكم — المعاني,roots-4662:رفع:مقاييس — المحور,roots-4662:رفع:الأساس — المجاز,ارتِفاع,APPROVED,,L2_017 haiku b07
AR04890,وَزَنَ,فعل,108,2201,له وزن معين,وزن,فَعَلَ,roots-4662:وزن:المحكم — المعاني,roots-4662:وزن:مقاييس — المحور,roots-4662:وزن:الأساس — المجاز,وَزَنَ,APPROVED,,L2_017 haiku b07
AR04891,قاسَ,فعل,108,2202,له حجم أو عرض محدد,قيس,فَاعَلَ,roots-4662:قيس:المحكم — المعاني,,roots-4662:قيس:الأساس — المجاز,قاسَ,APPROVED,,L2_017 haiku b07
AR04892,وَزْن,مصدر,108,2204,الكتلة النسبية للجسم,وزن,فَعْلٌ,roots-4662:وزن:المحكم — المعاني,roots-4662:وزن:مقاييس — المحور,roots-4662:وزن:الأساس — المجاز,وَزْن,APPROVED,,L2_017 haiku b07
AR04893,مِساحة,مصدر,108,2236,قياس السطح,سيح,,roots-4662:سيح:المحكم — المعاني,roots-4662:سيح:مقاييس — النص,roots-4662:سيح:الأساس — المجاز,مِساحة,APPROVED,فِعالة,L2_017 haiku b07 | FLAGS: WAZN_NOT_IN_INV
AR04894,مُحِيط,اسم فاعل,108,5475,الحد المحيط بالدائرة,حيط,مُفْعِلٌ,,v21:حيط:مقاييس — النص,,مُحِيط,APPROVED,,L2_017 haiku b07
AR04898,مُسْتَوى,اسم فاعل,108,16420,ارتفاع غير محدد,ستوي,مُفْتَعَلٌ,,,,مُسْتَوى,APPROVED,,L2_017 haiku b07
AR04899,أقاَمَ,فعل,110,2213,يسكن سكنا دائما في مكان معين,قيم,أَفْعَلَ,,,,أقاَمَ,APPROVED,,L2_017 haiku b07
AR04900,ساكِن,اسم فاعل,110,2214;2219;2366;2369,شخص يعيش في مكان بشكل دائم,سكن,فَاعِلٌ,roots-4662:سكن:المحكم — المعاني,roots-4662:سكن:مقاييس — المحور,roots-4662:سكن:الأساس — المجاز,ساكِن,APPROVED,,L2_017 haiku b07
AR04901,سَكَنَ,فعل,110,2215;2218;2220;2365,يعيش في مكان,سكن,فَعَلَ,roots-4662:سكن:المحكم — المعاني,roots-4662:سكن:مقاييس — المحور,roots-4662:سكن:الأساس — المجاز,سَكَنَ,APPROVED,,L2_017 haiku b07
AR04903,نَزَلَ,فعل,110,2217,يستأجر مسكنا في منزل آخر,نزل,فَعَلَ,roots-4662:نزل:المحكم — المعاني,roots-4662:نزل:مقاييس — النص,roots-4662:نزل:الأساس — المجاز,نَزَلَ,APPROVED,,L2_017 haiku b07
AR04904,خَيَّمَ,فعل,110,2221;14241,ينام في خيمة أو مقطورة,خيم,فَعَّلَ,roots-4662:خيم:المحكم — المعاني,roots-4662:خيم:مقاييس — المحور,,خَيَّمَ,APPROVED,,L2_017 haiku b07
AR04905,اِسْتَقرَّ,فعل,110,2222,يشغل مبنى دون إذن,قرر,اِسْتَفْعَلَ,roots-4662:قرر:المحكم — المعاني,roots-4662:قرر:مقاييس — المحور,roots-4662:قرر:الأساس — المجاز,اِسْتَقرَّ,APPROVED,,L2_017 haiku b07 | FLAGS: WAZN_LEMMA_MISMATCH
AR04906,مُعَسْكَر,اسم مكان,110,2353,مكان به مساكن مؤقتة,عسك,,v21:عسك:المحكم — المعاني,v21:عسك:مقاييس — النص,,مُعَسْكَر,APPROVED,مُفَعْكَل,L2_017 haiku b07 | FLAGS: WAZN_LEMMA_MISMATCH;WAZN_NOT_IN_INV
AR04907,في المعسكر,تركيب,110,2354,في معسكر في موقع,,,,,,في المعسكر,APPROVED,,L2_017 haiku b07 | FLAGS: UNVOCALIZED
AR04908,رَفِيق غُرْفَة,تركيب,110,2363,شخص يشارك الغرفة أو الغرف,,,,,,رَفِيق غُرْفَة,APPROVED,,L2_017 haiku b07
AR04909,مُسْتَقْرِّ غَيْر قانونِي,تركيب,110,2364,شخص يشغل الملك دون إذن,,,,,,مُسْتَقْرِّ غَيْر قانونِي,APPROVED,,L2_017 haiku b07
AR04910,معسكِر,اسم فاعل,110,2368,شخص يقضي عطلة في معسكر,عسك,,v21:عسك:المحكم — المعاني,v21:عسك:مقاييس — النص,,معسكِر,APPROVED,مُفَعْكِل,L2_017 haiku b07 | FLAGS: WAZN_LEMMA_MISMATCH;WAZN_NOT_IN_INV
AR04911,شارَكَ السُّكنى,تركيب,110,2372,يشارك السكن في كلية أو معهد,,,,,,شارَكَ السُّكنى,APPROVED,,L2_017 haiku b07
AR04912,سَكَنَ مَعَ,تركيب,110,2416,يبقى أو يسكن مع شخص آخر,,,,,,سَكَنَ مَعَ,APPROVED,,L2_017 haiku b07
AR04913,مُعَسْكَر مؤقت,تركيب,110,14242,معسكر مؤقت بدون خيم,,,,,,مُعَسْكَر مؤقت,APPROVED,,L2_017 haiku b07
AR04916,تِلْميذ,اسم جامد,111,2244;14761,شخص يتلقى التعليم من معلم,لمذ,فِعْلِيلٌ,v21:لمذ:المحكم — المعاني,,,تِلْميذ,APPROVED,,L2_017 haiku b07 | FLAGS: WAZN_LEMMA_MISMATCH
AR04918,أسْتاذ,اسم جامد,111,2253,أكاديمي جامعي بأعلى رتبة,ستذ,فِعْلالٌ (رباعي),,,,أسْتاذ,APPROVED,,L2_017 haiku b07 | FLAGS: WAZN_LEMMA_MISMATCH
AR04919,مُعَلِّم خاصّ,تركيب,111,2273,معلم يعلم طالبا واحدا أو مجموعة صغيرة,,,,,,مُعَلِّم خاصّ,APPROVED,,L2_017 haiku b07
AR04921,طالِب خاصّ,تركيب,111,2292,طالب أو تلميذ يدرس مع معلم خاص,,,,,,طالِب خاصّ,APPROVED,,L2_017 haiku b07
AR04922,مُعَلِّم ذَكَر,تركيب,111,2294,معلم ذكر في مدرسة,,,,,,مُعَلِّم ذَكَر,APPROVED,,L2_017 haiku b07
AR04924,دَرَسَ,فعل,111,2297,اكتسب معرفة في موضوع,درس,فَعَلَ,roots-4662:درس:المحكم — المعاني,roots-4662:درس:مقاييس — المحور,roots-4662:درس:الأساس — المجاز,دَرَسَ,APPROVED,,L2_017 haiku b07
AR04926,دَرَّبَ,فعل,111,10144;10148;10149,يعلم أو يدرب كمدرب,درب,فَعَّلَ,roots-4662:درب:المحكم — المعاني,roots-4662:درب:مقاييس — النص,,دَرَّبَ,APPROVED,,L2_017 haiku b07
AR04927,رَبَّى,فعل,111,10145,يدرب أو يعطي معلومات في موضوع,ربي,فَعَّلَ,,,,رَبَّى,APPROVED,,L2_017 haiku b07
AR04929,تَدْريب,مصدر,111,10312,تعليم مهارة معينة,درب,تَفْعِيلٌ,roots-4662:درب:المحكم — المعاني,roots-4662:درب:مقاييس — النص,,تَدْريب,APPROVED,,L2_017 haiku b07
AR04930,أرْشَدَ,فعل,111,10556,يعلم,رشد,أَفْعَلَ,roots-4662:رشد:المحكم — المعاني,roots-4662:رشد:مقاييس — المحور,roots-4662:رشد:الأساس — المجاز,أرْشَدَ,APPROVED,,L2_017 haiku b07
AR04932,أتْقَنَ,فعل,111,10889,اكتسب معرفة أو مهارة كاملة,قن,أَفْعَلَ,,,,أتْقَنَ,APPROVED,,L2_017 haiku b07 | FLAGS: ROOT_LEN
AR04934,خَرِّيج,اسم فاعل,111,14364,شخص حصل على درجة أكاديمية,خرج,فَاعِلٌ,roots-4662:خرج:المحكم — المعاني,roots-4662:خرج:مقاييس — المحور,roots-4662:خرج:الأساس — المجاز,خَرِّيج,APPROVED,,L2_017 haiku b07
AR04939,يَقِين,اسم جامد,114,2280,خاصية الحدث المحتوم,يقن,فَعِيلٌ,roots-4662:يقن:المحكم — المعاني,roots-4662:يقن:مقاييس — النص,,يَقِين,APPROVED,,L2_017 haiku b07
AR04940,مُمْكِن,اسم فاعل,114,2281,قادر على الوجود أو الحدوث,مكن,مُفْعِلٌ,roots-4662:مكن:المحكم — المعاني,roots-4662:مكن:مقاييس — النص,roots-4662:مكن:الأساس — المجاز,مُمْكِن,APPROVED,,L2_017 haiku b07
AR04941,إمْكانية,مصدر,114,2282,احتمالية الوجود أو الحدوث,مكن,,roots-4662:مكن:المحكم — المعاني,roots-4662:مكن:مقاييس — النص,roots-4662:مكن:الأساس — المجاز,إمْكانية,APPROVED,إِفْعالية,L2_017 haiku b07 | FLAGS: WAZN_NOT_IN_INV
AR04942,فُرْصة,اسم جامد,114,2284,احتمالية حدوث شيء ما,فرص,,roots-4662:فرص:المحكم — المعاني,roots-4662:فرص:مقاييس — المحور,roots-4662:فرص:الأساس — المجاز,فُرْصة,APPROVED,فُعْلة,L2_017 haiku b07 | FLAGS: WAZN_NOT_IN_INV
AR04943,غَيْر مُحْتَمَل,تركيب,114,2287,ليس محتمل الحدوث,,,,,,غَيْر مُحْتَمَل,APPROVED,,L2_017 haiku b07
AR04944,مُسْتَحيل,اسم فاعل,114,2288,غير قادر على الوجود أو الحدوث,حيل,مُسْتَفْعَلٌ,v21:حيل:المحكم — المعاني,,,مُسْتَحيل,APPROVED,,L2_017 haiku b07
AR04945,عَدَم اِحْتِمال,تركيب,114,2289,مدى عدم احتمالية الحدوث,,,,,,عَدَم اِحْتِمال,APPROVED,,L2_017 haiku b07
AR04948,رُبَّما,ظرف,114,2304,ربما,ربب,,roots-4662:ربب:المحكم — المعاني,roots-4662:ربب:مقاييس — المحور,roots-4662:ربب:الأساس — المجاز,رُبَّما,APPROVED,فُعَّا,L2_017 haiku b07 | FLAGS: WAZN_LEMMA_MISMATCH;WAZN_NOT_IN_INV
AR04949,يَمِيل,فعل,114,2659,محتمل الحدوث,ميل,فَعِلَ,roots-4662:ميل:المحكم — المعاني,roots-4662:ميل:مقاييس — النص,roots-4662:ميل:الأساس — المجاز,يَمِيل,APPROVED,,L2_017 haiku b07
AR04950,مُقَدَّر,اسم فاعل,114,3286,محتوم الفعل أو الحصول,قدر,مُفَعَّلٌ,roots-4662:قدر:المحكم — المعاني,roots-4662:قدر:مقاييس — المحور,roots-4662:قدر:الأساس — المجاز,مُقَدَّر,APPROVED,,L2_017 haiku b07
AR04951,قد,حرف,114,6505;6506,يعبر عن الإمكانية,,,,,,قد,APPROVED,,L2_017 haiku b07 | FLAGS: UNVOCALIZED
AR04952,غالِبا,ظرف,114,10854;11701,بشكل محتمل تقريبا,غلب,,roots-4662:غلب:المحكم — المعاني,roots-4662:غلب:مقاييس — المحور,roots-4662:غلب:الأساس — المجاز,غالِبا,APPROVED,فاعِلا,L2_017 haiku b07 | FLAGS: WAZN_NOT_IN_INV
AR04953,بِالتأكيد,تركيب,114,13145;17306,بدون شك,,,,,,بِالتأكيد,APPROVED,,L2_017 haiku b07
AR04955,يَسْتَطيع,فعل,114,14403,يدل على أن شيء محتمل عادة,ستع,,,,,يَسْتَطيع,APPROVED,يَفْتَعِل,L2_017 haiku b07 | FLAGS: WAZN_LEMMA_MISMATCH;WAZN_NOT_IN_INV
AR04958,بدون شك,تركيب,114,17312,بدون شعور بعدم اليقين,,,,,,بدون شك,APPROVED,,L2_017 haiku b07 | FLAGS: UNVOCALIZED
AR04959,لابد أن,تركيب,114,17390,يدل على ثقة عالية من المتحدث,,,,,,لابد أن,APPROVED,,L2_017 haiku b07 | FLAGS: UNVOCALIZED
AR04960,سوف,ظرف,114,17410,يشير إلى حالة شرطية أو فعل,,,,,,سوف,APPROVED,,L2_017 haiku b07 | FLAGS: ROOT_MISSING;UNVOCALIZED;WAZN_MISSING
AR04962,كارِثَة,اسم جامد,115,2302;2308;14621,حادث مفاجئ أو كارثة طبيعية,كرث,,,roots-4662:كرث:مقاييس — النص,,كارِثَة,APPROVED,فاعِلة,L2_017 haiku b07 | FLAGS: WAZN_NOT_IN_INV
AR04963,عانى,فعل,115,2306,تعرض لشيء سيء,عني,فَاعَلَ,,v21:عني:مقاييس — النص,,عانى,APPROVED,,L2_017 haiku b07 | FLAGS: UNVOCALIZED
AR04965,حادِثة سوء,تركيب,115,2316,حدث سيء الحظ,,,,,,حادِثة سوء,APPROVED,,L2_017 haiku b07
AR04966,مِحْنَة,اسم جامد,115,2318,حدث غير محظوظ,محن,,roots-4662:محن:المحكم — المعاني,roots-4662:محن:مقاييس — المحور,roots-4662:محن:الأساس — المجاز,مِحْنَة,APPROVED,فِعْلة,L2_017 haiku b07 | FLAGS: WAZN_NOT_IN_INV
AR04967,تَراجيديا,اسم جامد,115,2324,حدث سبب معاناة وتدمير,تجد,,,,,تَراجيديا,APPROVED,فاعِليا,L2_017 haiku b07 | FLAGS: WAZN_LEMMA_MISMATCH;WAZN_NOT_IN_INV
AR04968,مُصيبة,اسم فاعل,115,2328,حدث سبب ضررا عظيما,صيب,,v21:صيب:المحكم — المعاني,,,مُصيبة,APPROVED,مُفْعَلة,L2_017 haiku b07 | FLAGS: WAZN_NOT_IN_INV
AR04969,كارِثَة عظيمة,تركيب,115,2335,دمار أو كارثة عظيمة,,,,,,كارِثَة عظيمة,APPROVED,,L2_017 haiku b07
AR04970,نِهاية,اسم جامد,115,2347,حدث يسبب تدمير شامل,نهي,,roots-4662:نهي:المحكم — المعاني,roots-4662:نهي:مقاييس — المحور,roots-4662:نهي:الأساس — المجاز,نِهاية,APPROVED,فِعالة,L2_017 haiku b07 | FLAGS: WAZN_NOT_IN_INV
AR04972,كارِثي,اسم منسوب,115,2349;15008,يشكل كارثة,كرث,,,roots-4662:كرث:مقاييس — النص,,كارِثي,APPROVED,فاعِلي,L2_017 haiku b07 | FLAGS: WAZN_NOT_IN_INV
AR04973,ضَحِيَّة,اسم جامد,115,13725;18492,شخص مضروب أو قتيل,ضحي,,v21:ضحي:المحكم — المعاني,v21:ضحي:مقاييس — المحور,,ضَحِيَّة,APPROVED,فاعِلة,L2_017 haiku b07 | FLAGS: WAZN_NOT_IN_INV
AR04974,أزْمة,اسم جامد,115,14524,موقف صعب أو خطير,زمن,,roots-4662:زمن:المحكم — المعاني,roots-4662:زمن:مقاييس — المحور,roots-4662:زمن:الأساس — المجاز,أزْمة,APPROVED,فُعْلة,L2_017 haiku b07 | FLAGS: WAZN_LEMMA_MISMATCH;WAZN_NOT_IN_INV
AR04977,سَعى,فعل,116,2452,يسعى بجد لفعل أو تحقيق شيء,سعي,فَعَلَ,roots-4662:سعي:المحكم — المعاني,,roots-4662:سعي:الأساس — المجاز,سَعى,APPROVED,,L2_017 haiku b07
AR04979,بَحْث طَويل,تركيب,116,13777,بحث طويل أو شاق,,,,,,بَحْث طَويل,APPROVED,,L2_017 haiku b07
AR04980,جُهْد قَوِي,تركيب,116,16770,جهد قوي لتحقيق هدف,,,,,,جُهْد قَوِي,APPROVED,,L2_017 haiku b07
AR04981,تمسَّكَ,فعل,117,2331,الاعتقاد بشيء والتمسّك به واتّباع أصوله وقواعده,تمسك,تَفَعَّلَ,,,,تمسَّكَ,APPROVED,,L2_017 haiku b08
AR04982,امتثلَ,فعل,117,2332;12695,تنفيذ الأوامر والقواعد المعيارية بطاعة,متثل,اِفْتَعَلَ,,,,امتثلَ,APPROVED,,L2_017 haiku b08
AR04983,راعَى,فعل,117,2333,الالتزام بالقواعد والشروط والتعهدات,روي,فَاعَلَ,roots-4662:روي:المحكم — المعاني,roots-4662:روي:مقاييس — المحور,roots-4662:روي:الأساس — المجاز,راعَى,APPROVED,,L2_017 haiku b08
AR04985,تمسُّك,مصدر,117,2334,الاعتقاد بشيء والالتزام باتّباعه,تمسك,تَفَعُّلٌ,,,,تمسُّك,APPROVED,,L2_017 haiku b08
AR04986,امتثال,مصدر,117,2336,تنفيذ الأوامر والقواعد بطاعة والالتزام بها,متثل,اِفْتِعَالٌ,,,,امتثال,APPROVED,,L2_017 haiku b08 | FLAGS: UNVOCALIZED
AR04988,مراعاة,مصدر,117,2338,الحرص على تطبيق القواعد والأحكام الدينية والقانونية,روي,مُفَاعَلَةٌ,roots-4662:روي:المحكم — المعاني,roots-4662:روي:مقاييس — المحور,roots-4662:روي:الأساس — المجاز,مراعاة,APPROVED,,L2_017 haiku b08 | FLAGS: UNVOCALIZED
AR04989,خرقَ,فعل,117,2339;2342,عدم التزام شخص بالقانون أو القواعد المعيارية,خرق,فَعَلَ,roots-4662:خرق:المحكم — المعاني,roots-4662:خرق:مقاييس — المحور,roots-4662:خرق:الأساس — المجاز,خرقَ,APPROVED,,L2_017 haiku b08
AR04990,انتهكَ,فعل,117,2339;2340,التعدي على القواعد والاتفاقيات بتجاوزها,نهك,اِفْتَعَلَ,roots-4662:نهك:المحكم — المعاني,roots-4662:نهك:مقاييس — المحور,,انتهكَ,APPROVED,,L2_017 haiku b08
AR04991,خالفَ,فعل,117,2341,مخالفة الأوامر والقوانين وعدم الالتزام بها,خلف,فَاعَلَ,roots-4662:خلف:المحكم — المعاني,roots-4662:خلف:مقاييس — المحور,roots-4662:خلف:الأساس — المجاز,خالفَ,APPROVED,,L2_017 haiku b08
AR04992,نقضَ,فعل,117,2342,فسخ الاتفاق أو الوعد أو المعاهدة,نقض,فَعَلَ,roots-4662:نقض:المحكم — المعاني,roots-4662:نقض:مقاييس — المحور,roots-4662:نقض:الأساس — المجاز,نقضَ,APPROVED,,L2_017 haiku b08
AR04993,انتهاك,مصدر,117,2343,عمل يتنافى مع القواعد والاتفاقيات,نهك,اِفْتِعَالٌ,roots-4662:نهك:المحكم — المعاني,roots-4662:نهك:مقاييس — المحور,,انتهاك,APPROVED,,L2_017 haiku b08 | FLAGS: UNVOCALIZED
AR04994,مخالفة,مصدر,117,2344,عدم الالتزام بأحكام القانون أو المعاهدة,خلف,مُفَاعَلَةٌ,roots-4662:خلف:المحكم — المعاني,roots-4662:خلف:مقاييس — المحور,roots-4662:خلف:الأساس — المجاز,مخالفة,APPROVED,,L2_017 haiku b08 | FLAGS: UNVOCALIZED
AR04995,خرق,اسم جامد,117,2345,كسر الاتفاق أو الالتزام بالقواعد,خرق,فَعْلٌ,roots-4662:خرق:المحكم — المعاني,roots-4662:خرق:مقاييس — المحور,roots-4662:خرق:الأساس — المجاز,خرق,APPROVED,,L2_017 haiku b08 | FLAGS: UNVOCALIZED
AR04996,نقض,اسم جامد,117,2345,فسخ المعاهدة أو الاتفاق,نقض,فَعْلٌ,roots-4662:نقض:المحكم — المعاني,roots-4662:نقض:مقاييس — المحور,roots-4662:نقض:الأساس — المجاز,نقض,APPROVED,,L2_017 haiku b08 | FLAGS: UNVOCALIZED
AR04997,استهزأَ,فعل,117,2346,الاستخفاف بالقواعس والقوانين وعدم احترامها,هزء,اِسْتَفْعَلَ,roots-4662:هزء:المحكم — المعاني,roots-4662:هزء:مقاييس — النص,roots-4662:هزء:الأساس — المجاز,استهزأَ,APPROVED,,L2_017 haiku b08 | FLAGS: ROOT_NORMALIZED
AR04998,ملكَ,فعل,118,2358,كون شيء ملكاً لشخص خاص به,ملك,فَعَلَ,roots-4662:ملك:المحكم — المعاني,roots-4662:ملك:مقاييس — المحور,roots-4662:ملك:الأساس — المجاز,ملكَ,APPROVED,,L2_017 haiku b08
AR04999,امتلكَ,فعل,118,2378;2418;13983,حيازة شيء والسيطرة عليه,ملك,اِفْتَعَلَ,roots-4662:ملك:المحكم — المعاني,roots-4662:ملك:مقاييس — المحور,roots-4662:ملك:الأساس — المجاز,امتلكَ,APPROVED,,L2_017 haiku b08
AR05001,افتقرَ,فعل,118,2417,عدم امتلاك شيء ضروري أو مهم,فقر,اِفْتَعَلَ,roots-4662:فقر:المحكم — المعاني,roots-4662:فقر:مقاييس — المحور,roots-4662:فقر:الأساس — المجاز,افتقرَ,APPROVED,,L2_017 haiku b08
AR05002,ملك,اسم جامد,118,2419;2498,شيء مملوك ومحوز من قبل شخص,ملك,فَعْلٌ,roots-4662:ملك:المحكم — المعاني,roots-4662:ملك:مقاييس — المحور,roots-4662:ملك:الأساس — المجاز,ملك,APPROVED,,L2_017 haiku b08 | FLAGS: UNVOCALIZED
AR05003,توافقَ,فعل,117,2420,التوافق مع القواعد والمعايير والقوانين المطلوبة,وفق,تَفَاعَلَ,roots-4662:وفق:المحكم — المعاني,roots-4662:وفق:مقاييس — المحور,,توافقَ,APPROVED,,L2_017 haiku b08
AR05004,ملكية,اسم جامد,118,2423;5300,حالة امتلاك شخص لشيء معين,ملك,فِعَالَةٌ,roots-4662:ملك:المحكم — المعاني,roots-4662:ملك:مقاييس — المحور,roots-4662:ملك:الأساس — المجاز,ملكية,APPROVED,,L2_017 haiku b08 | FLAGS: UNVOCALIZED
AR05008,كفالة,اسم جامد,121,2429,مبلغ مالي يدفع لضمان حضور المتهم المحكمة,كفل,فِعَالَةٌ,roots-4662:كفل:المحكم — المعاني,roots-4662:كفل:مقاييس — المحور,roots-4662:كفل:الأساس — المجاز,كفالة,APPROVED,,L2_017 haiku b08 | FLAGS: UNVOCALIZED
AR05009,رهن,اسم جامد,121,2430,مبلغ مالي يدفع ضماناً لالتزام المتهم بالحضور,رهن,فَعْلٌ,roots-4662:رهن:المحكم — المعاني,roots-4662:رهن:مقاييس — المحور,roots-4662:رهن:الأساس — المجاز,رهن,APPROVED,,L2_017 haiku b08 | FLAGS: UNVOCALIZED
AR05010,مالك,اسم فاعل,118,2431,الشخص الذي يملك شيئاً معيناً,ملك,فَاعِلٌ,roots-4662:ملك:المحكم — المعاني,roots-4662:ملك:مقاييس — المحور,roots-4662:ملك:الأساس — المجاز,مالك,APPROVED,,L2_017 haiku b08 | FLAGS: UNVOCALIZED
AR05012,فاقد,اسم فاعل,118,2436,ما ينقصه شيء ضروري أو مهم,فقد,فَاعِلٌ,roots-4662:فقد:المحكم — المعاني,roots-4662:فقد:مقاييس — المحور,,فاقد,APPROVED,,L2_017 haiku b08 | FLAGS: UNVOCALIZED
AR05013,افتقار,مصدر,118,2437,عدم وجود شيء ضروري ومهم,فقر,اِفْتِعَالٌ,roots-4662:فقر:المحكم — المعاني,roots-4662:فقر:مقاييس — المحور,roots-4662:فقر:الأساس — المجاز,افتقار,APPROVED,,L2_017 haiku b08 | FLAGS: UNVOCALIZED
AR05014,ناقص,صفة مشبهة,118,2439,ما يخلو من شيء ضروري أو معتاد,نقص,فَاعِلٌ,roots-4662:نقص:المحكم — المعاني,roots-4662:نقص:مقاييس — النص,,ناقص,APPROVED,,L2_017 haiku b08 | FLAGS: UNVOCALIZED
AR05015,رغبة,اسم جامد,118,2446,الحاجة والرغبة في امتلاك شيء معين,رغب,فِعَالَةٌ,roots-4662:رغب:المحكم — المعاني,roots-4662:رغب:مقاييس — المحور,roots-4662:رغب:الأساس — المجاز,رغبة,APPROVED,,L2_017 haiku b08 | FLAGS: UNVOCALIZED
AR05016,رغبَ,فعل,118,2450,الاشتياق والحاجة إلى امتلاك أو فعل شيء,رغب,فَعَلَ,roots-4662:رغب:المحكم — المعاني,roots-4662:رغب:مقاييس — المحور,roots-4662:رغب:الأساس — المجاز,رغبَ,APPROVED,,L2_017 haiku b08
AR05017,اختطفَ,فعل,122,2456,أخذ شخص بالقوة واحتجازه قسراً للحصول على فدية,خطف,اِفْتَعَلَ,roots-4662:خطف:المحكم — المعاني,roots-4662:خطف:مقاييس — المحور,roots-4662:خطف:الأساس — المجاز,اختطفَ,APPROVED,,L2_017 haiku b08
AR05018,خطفَ,فعل,122,2457;2460,أخذ شخص بعيداً بالقوة أو الخداع بطريقة غير قانونية,خطف,فَعَلَ,roots-4662:خطف:المحكم — المعاني,roots-4662:خطف:مقاييس — المحور,roots-4662:خطف:الأساس — المجاز,خطفَ,APPROVED,,L2_017 haiku b08
AR05019,اسطحَ,فعل,122,2458,إجبار شخص على الانضمام لطاقم سفينة بالقوة,سطح,اِفْتَعَلَ,roots-4662:سطح:المحكم — المعاني,roots-4662:سطح:مقاييس — المحور,,اسطحَ,APPROVED,,L2_017 haiku b08 | FLAGS: WAZN_LEMMA_MISMATCH
AR05020,اختطاف,مصدر,122,2461,أخذ شخص قسراً وعلى غير إرادته للحصول على فدية,خطف,اِفْتِعَالٌ,roots-4662:خطف:المحكم — المعاني,roots-4662:خطف:مقاييس — المحور,roots-4662:خطف:الأساس — المجاز,اختطاف,APPROVED,,L2_017 haiku b08 | FLAGS: UNVOCALIZED
AR05021,خطف,اسم جامد,122,2462,أخذ شخص بعيداً بالقوة أو الخداع بطريقة غير قانونية,خطف,فَعْلٌ,roots-4662:خطف:المحكم — المعاني,roots-4662:خطف:مقاييس — المحور,roots-4662:خطف:الأساس — المجاز,خطف,APPROVED,,L2_017 haiku b08 | FLAGS: UNVOCALIZED
AR05023,خاطف,اسم فاعل,122,2466;2467;2468,الشخص الذي يقوم باختطاف الآخرين للحصول على فدية,خطف,فَاعِلٌ,roots-4662:خطف:المحكم — المعاني,roots-4662:خطف:مقاييس — المحور,roots-4662:خطف:الأساس — المجاز,خاطف,APPROVED,,L2_017 haiku b08 | FLAGS: UNVOCALIZED
AR05024,مخطوف,اسم مفعول,122,2469;2470,الشخص الذي تم اختطافه واحتجازه قسراً,خطف,,roots-4662:خطف:المحكم — المعاني,roots-4662:خطف:مقاييس — المحور,roots-4662:خطف:الأساس — المجاز,مخطوف,APPROVED,مُفْعُول,L2_017 haiku b08 | FLAGS: UNVOCALIZED;WAZN_NOT_IN_INV
AR05025,قرصنَ,فعل,123,2471;4805,الاستيلاء غير القانوني على طائرة أو سفينة أثناء الحركة,قرصن,فَعَلَ,,,,قرصنَ,APPROVED,,L2_017 haiku b08
AR05026,قرصنة,مصدر,123,2472;2476,الاستيلاء غير القانوني على وسيلة نقل أثناء الرحلة,قرصن,فِعْلَةٌ,,,,قرصنة,APPROVED,,L2_017 haiku b08 | FLAGS: UNVOCALIZED
AR05027,قرصان,اسم جامد,123,2473,من يستولي على وسيلة نقل غير قانونياً,قرصن,فِعْلانٌ,,,,قرصان,APPROVED,,L2_017 haiku b08 | FLAGS: UNVOCALIZED
AR05028,مقرصن,اسم مفعول,123,2475,وسيلة النقل التي تم الاستيلاء عليها غير قانونياً,قرصن,مُفَعَّلٌ,,,,مقرصن,APPROVED,,L2_017 haiku b08 | FLAGS: UNVOCALIZED
AR05029,انتمى,فعل,118,2492,كون شيء ملكاً وحقاً خاصاً لشخص,نمي,اِفْتَعَلَ,roots-4662:نمي:المحكم — المعاني,roots-4662:نمي:مقاييس — المحور,roots-4662:نمي:الأساس — المجاز,انتمى,APPROVED,,L2_017 haiku b08 | FLAGS: UNVOCALIZED
AR05033,نوع,اسم جامد,128,2555,فئة من الأشياء تشترك في صفات معينة,نوع,فَعْلٌ,roots-4662:نوع:المحكم — المعاني,roots-4662:نوع:مقاييس — المحور,,نوع,APPROVED,,L2_017 haiku b08 | FLAGS: UNVOCALIZED
AR05034,فئة,اسم جامد,128,2556,مجموعة من الأشياء تشترك في خاصية واحدة,فءو,فِعْلَةٌ,roots-4662:فءو:المحكم — المعاني,roots-4662:فءو:مقاييس — المحور,,فئة,APPROVED,,L2_017 haiku b08 | FLAGS: ROOT_NORMALIZED;UNVOCALIZED
AR05036,اغتصبَ,فعل,127,2558,إجبار شخص على الجماع دون رضاه أو إرادته,غصب,اِفْتَعَلَ,roots-4662:غصب:المحكم — المعاني,,,اغتصبَ,APPROVED,,L2_017 haiku b08
AR05038,تنويعة,اسم جامد,128,2560,شيء يختلف قليلاً عن آخرين من نفس النوع,نوع,,roots-4662:نوع:المحكم — المعاني,roots-4662:نوع:مقاييس — المحور,,تنويعة,APPROVED,تَفْعيلَة,L2_017 haiku b08 | FLAGS: UNVOCALIZED;WAZN_NOT_IN_INV
AR05039,سلالة,اسم جامد,128,2561;2562,تنويعة مميزة من حيوان أو نبات,سلل,فِعَالَةٌ,roots-4662:سلل:المحكم — المعاني,roots-4662:سلل:مقاييس — المحور,,سلالة,APPROVED,,L2_017 haiku b08 | FLAGS: UNVOCALIZED
AR05042,خصلة,اسم جامد,126,2600,حزمة من شعر الرأس تتجمع معاً,خصل,فِعْلَةٌ,roots-4662:خصل:المحكم — المعاني,roots-4662:خصل:مقاييس — المحور,roots-4662:خصل:الأساس — المجاز,خصلة,APPROVED,,L2_017 haiku b08 | FLAGS: UNVOCALIZED
AR05045,دفعَ,فعل,130,2603,تقديم حجة قانونية للرد على الاتهام,دفع,فَعَلَ,roots-4662:دفع:المحكم — المعاني,roots-4662:دفع:مقاييس — المحور,roots-4662:دفع:الأساس — المجاز,دفعَ,APPROVED,,L2_017 haiku b08
AR05051,اغتصاب,مصدر,127,2620,جريمة إجبار شخص على الجماع قسراً,غصب,اِفْتِعَالٌ,roots-4662:غصب:المحكم — المعاني,,,اغتصاب,APPROVED,,L2_017 haiku b08 | FLAGS: UNVOCALIZED
AR05052,مغتصب,اسم فاعل,127,2621,الرجل الذي يرتكب جريمة الاغتصاب,غصب,مُفْتَعِلٌ,roots-4662:غصب:المحكم — المعاني,,,مغتصب,APPROVED,,L2_017 haiku b08 | FLAGS: UNVOCALIZED
AR05054,موجي,اسم منسوب,126,2628,ما يتخذ شعره شكل موجات,موج,,roots-4662:موج:المحكم — المعاني,roots-4662:موج:مقاييس — المحور,roots-4662:موج:الأساس — المجاز,موجي,APPROVED,فُعَّالِي,L2_017 haiku b08 | POS ← L2_025 | L2_025
AR05055,تسريحة,اسم جامد,126,2630,طريقة تمشيط وتنسيق الشعر,سرح,,roots-4662:سرح:المحكم — المعاني,roots-4662:سرح:مقاييس — المحور,roots-4662:سرح:الأساس — المجاز,تسريحة,APPROVED,فِعيلَة,L2_017 haiku b08 | FLAGS: UNVOCALIZED;WAZN_LEMMA_MISMATCH;WAZN_NOT_IN_INV
AR05056,ذهبي,اسم منسوب,126,2631,لون الشعر الذي يشبه لون الذهب,ذهب,,roots-4662:ذهب:المحكم — المعاني,roots-4662:ذهب:مقاييس — المحور,roots-4662:ذهب:الأساس — المجاز,ذهبي,APPROVED,فِعَّالِي,L2_017 haiku b08 | POS ← L2_025 | L2_025
AR05057,توهجَ,فعل,131,2632,إصدار ضوء هادئ ومستمر من المصدر,وهج,تَفَعَّلَ,roots-4662:وهج:المحكم — المعاني,roots-4662:وهج:مقاييس — النص,roots-4662:وهج:الأساس — المجاز,توهجَ,APPROVED,,L2_017 haiku b08
AR05058,كتاني,اسم منسوب,126,2636,لون فاتح مثل لون الكتان,كتن,,roots-4662:كتن:المحكم — المعاني,roots-4662:كتن:مقاييس — المحور,,كتاني,APPROVED,فِعَّالِي,L2_017 haiku b08 | POS ← L2_025 | L2_025
AR05060,قصة,اسم جامد,126,2640,نمط قص الشعر وتشكيله,قصص,فِعْلَةٌ,roots-4662:قصص:المحكم — المعاني,roots-4662:قصص:مقاييس — المحور,roots-4662:قصص:الأساس — المجاز,قصة,APPROVED,,L2_017 haiku b08 | FLAGS: UNVOCALIZED;WAZN_LEMMA_MISMATCH
AR05061,مقصوص,اسم مفعول,126,2642,الشعر الذي تمت معالجته بالقص,قصص,مَفْعُولٌ,roots-4662:قصص:المحكم — المعاني,roots-4662:قصص:مقاييس — المحور,roots-4662:قصص:الأساس — المجاز,مقصوص,APPROVED,,L2_017 haiku b08 | FLAGS: UNVOCALIZED
AR05063,مثال,اسم جامد,132,2653,شيء يمثل نوعه أو يوضح قاعدة عامة,متل,مِفْعَالٌ,roots-4662:متل:المحكم — المعاني,roots-4662:متل:مقاييس — النص,,مثال,APPROVED,,L2_017 haiku b08 | FLAGS: UNVOCALIZED;WAZN_LEMMA_MISMATCH
AR05066,تذكّرَ,فعل,135,2668,استدعاء حدث أو شخص من الماضي إلى الذاكرة,ذكر,تَفَعَّلَ,roots-4662:ذكر:المحكم — المعاني,roots-4662:ذكر:مقاييس — المحور,roots-4662:ذكر:الأساس — المجاز,تذكّرَ,APPROVED,,L2_017 haiku b08
AR05067,ذاكرة,اسم جامد,135,2670,القدرة على تذكر الأحداث والأشياء من الماضي,ذكر,فِعَالَةٌ,roots-4662:ذكر:المحكم — المعاني,roots-4662:ذكر:مقاييس — المحور,roots-4662:ذكر:الأساس — المجاز,ذاكرة,APPROVED,,L2_017 haiku b08 | FLAGS: UNVOCALIZED
AR05070,مغتصب,اسم مفعول,127,2714,الشخص الذي تعرض للاغتصاب,غصب,مُفْتَعَلٌ,roots-4662:غصب:المحكم — المعاني,,,مغتصب,APPROVED,,L2_017 haiku b08 | FLAGS: UNVOCALIZED
AR05072,متوافق,اسم فاعل,117,2730;14712,ما ينطبق على القواعد والمعايير المطلوبة,وفق,مُتَفَاعِلٌ,roots-4662:وفق:المحكم — المعاني,roots-4662:وفق:مقاييس — المحور,,متوافق,APPROVED,,L2_017 haiku b08 | FLAGS: UNVOCALIZED
AR05073,وليمة,اسم جامد,125,3151;3382,وجبة طعام فخمة ورسمية تقدم لعدد كبير من الناس,ولم,,v21:ولم:المحكم — المعاني,v21:ولم:مقاييس — النص,,وليمة,APPROVED,فُعيلَة,L2_017 haiku b08 | FLAGS: UNVOCALIZED;WAZN_NOT_IN_INV
AR05076,نزهة,اسم جامد,125,3240,وجبة طعام في الهواء الطلق أو حفل في الطبيعة,نزه,فِعْلَةٌ,roots-4662:نزه:المحكم — المعاني,roots-4662:نزه:مقاييس — المحور,roots-4662:نزه:الأساس — المجاز,نزهة,APPROVED,,L2_017 haiku b08 | FLAGS: UNVOCALIZED
AR05078,استقبال,مصدر,125,3242,حفل رسمي يقام لاستقبال شخص أو الاحتفاء بمناسبة,قبل,اِسْتِفْعَالٌ,roots-4662:قبل:المحكم — المعاني,roots-4662:قبل:مقاييس — المحور,roots-4662:قبل:الأساس — المجاز,استقبال,APPROVED,,L2_017 haiku b08 | FLAGS: UNVOCALIZED
AR05079,رقصة,اسم جامد,125,3247,تجمع اجتماعي يرقص فيه الحاضرون,رقص,فِعْلَةٌ,roots-4662:رقص:المحكم — المعاني,roots-4662:رقص:مقاييس — المحور,roots-4662:رقص:الأساس — المجاز,رقصة,APPROVED,,L2_017 haiku b08 | FLAGS: UNVOCALIZED
AR05080,مهرجان,اسم جامد,125,3248,احتفالية كبيرة تضم عروضاً فنية وثقافية متنوعة,هرج,مِفْعَالٌ,roots-4662:هرج:المحكم — المعاني,,,مهرجان,APPROVED,,L2_017 haiku b08 | FLAGS: UNVOCALIZED;WAZN_LEMMA_MISMATCH
AR05081,سهرة,اسم جامد,125,3392,حفل اجتماعي في المساء,سهر,,,roots-4662:سهر:مقاييس — المحور,roots-4662:سهر:الأساس — المجاز,سهرة,APPROVED,فُعيلَة,L2_017 haiku b08 | FLAGS: UNVOCALIZED;WAZN_NOT_IN_INV
AR05083,انفجرَ,فعل,133,4408,حدث مفاجئ وسريع ينطلق بشكل متفجر,فجر,اِنْفَعَلَ,roots-4662:فجر:المحكم — المعاني,roots-4662:فجر:مقاييس — المحور,roots-4662:فجر:الأساس — المجاز,انفجرَ,APPROVED,,L2_017 haiku b08
AR05084,انفجار,مصدر,133,4414,حدث انطلاق مفاجئ وقوي,فجر,اِنْفِعَالٌ,roots-4662:فجر:المحكم — المعاني,roots-4662:فجر:مقاييس — المحور,roots-4662:فجر:الأساس — المجاز,انفجار,APPROVED,,L2_017 haiku b08 | FLAGS: UNVOCALIZED
AR05087,درجة,اسم جامد,128,7820,قيمة محددة ونوع فرعي من اللون,درج,فِعْلَةٌ,roots-4662:درج:المحكم — المعاني,roots-4662:درج:مقاييس — المحور,roots-4662:درج:الأساس — المجاز,درجة,APPROVED,,L2_017 haiku b08 | FLAGS: UNVOCALIZED
AR05088,دفع,اسم جامد,130,8973,البيان الرسمي للمتهم بالتعهد بالذنب أو البراءة,دفع,فَعْلٌ,roots-4662:دفع:المحكم — المعاني,roots-4662:دفع:مقاييس — المحور,roots-4662:دفع:الأساس — المجاز,دفع,APPROVED,,L2_017 haiku b08 | FLAGS: UNVOCALIZED
AR05089,ومضَ,فعل,131,9210,إصدار ضوء متقطع ومتغير من الإضاءة,وما,فَعَلَ,,,,ومضَ,APPROVED,,L2_017 haiku b08 | FLAGS: ROOT_ALIF
AR05090,تلألأَ,فعل,131,9212,إرسال براق من الضوء بشكل مفاجئ مكرر,ءلء,تَفَاعَلَ,v21:ألأ:المحكم — المعاني,,,تلألأَ,APPROVED,,L2_017 haiku b08 | FLAGS: ROOT_NORMALIZED
AR05092,لمعَ,فعل,131,9217;9240,إصدار ضوء ناعم ورقيق ومتغير باستمرار,لمع,فَعَلَ,roots-4662:لمع:المحكم — المعاني,roots-4662:لمع:مقاييس — المحور,roots-4662:لمع:الأساس — المجاز,لمعَ,APPROVED,,L2_017 haiku b08
AR05093,نسخة,اسم جامد,128,10121,شكل محدد من شيء يختلف عن شكل آخر,نسخ,فِعْلَةٌ,roots-4662:نسخ:المحكم — المعاني,roots-4662:نسخ:مقاييس — النص,roots-4662:نسخ:الأساس — المجاز,نسخة,APPROVED,,L2_017 haiku b08 | FLAGS: UNVOCALIZED
AR05098,مخالف,اسم فاعل,117,12167,ما يتناقض مع المعايير والقواعس المتوقعة,خلف,مُفَاعِلٌ,roots-4662:خلف:المحكم — المعاني,roots-4662:خلف:مقاييس — المحور,roots-4662:خلف:الأساس — المجاز,مخالف,APPROVED,,L2_017 haiku b08 | FLAGS: UNVOCALIZED
AR05099,توافق,مصدر,117,12689,الانسجام والالتزام بالقواعس والأعراف الموضوعة,وفق,تَفَاعُلٌ,roots-4662:وفق:المحكم — المعاني,roots-4662:وفق:مقاييس — المحور,,توافق,APPROVED,,L2_017 haiku b08 | FLAGS: UNVOCALIZED
AR05100,وفّى,فعل,117,12693,إتمام الالتزام والعهد بكل أمانة,وفي,فَعَّلَ,roots-4662:وفي:المحكم — المعاني,roots-4662:وفي:مقاييس — النص,roots-4662:وفي:الأساس — المجاز,وفّى,APPROVED,,L2_017 haiku b08
AR05102,التزمَ,فعل,117,12695,الالتزام الثابت بالقواعس والأحكام,زمم,اِفْتَعَلَ,roots-4662:زمم:المحكم — المعاني,roots-4662:زمم:مقاييس — المحور,roots-4662:زمم:الأساس — المجاز,التزمَ,APPROVED,,L2_017 haiku b08 | FLAGS: WAZN_LEMMA_MISMATCH
AR05104,متدين,اسم فاعل,117,12697,من يحافظ على احترام أحكام الشريعة والدين,دين,مُتَفَعِّلٌ,roots-4662:دين:المحكم — المعاني,roots-4662:دين:مقاييس — المحور,,متدين,APPROVED,,L2_017 haiku b08 | FLAGS: UNVOCALIZED
AR05105,تحايلَ,فعل,117,12776,خرق الاتفاق بطريقة غير مباشرة مع إخفاء الانتهاك,حيل,تَفَاعَلَ,v21:حيل:المحكم — المعاني,,,تحايلَ,APPROVED,,L2_017 haiku b08
AR05106,توافق,اسم جامد,117,14632,حالة الالتزام بالقواعس والمتطلبات المعيارية,وفق,فَعَالٍ,roots-4662:وفق:المحكم — المعاني,roots-4662:وفق:مقاييس — المحور,,توافق,APPROVED,,L2_017 haiku b08 | FLAGS: UNVOCALIZED
AR05108,فرقة,اسم جامد,126,16080,خط الفصل بين الشعر عند الجبين,فرق,فِعْلَةٌ,roots-4662:فرق:المحكم — المعاني,roots-4662:فرق:مقاييس — المحور,roots-4662:فرق:الأساس — المجاز,فرقة,APPROVED,,L2_017 haiku b08 | FLAGS: UNVOCALIZED
AR05111,أَعْطَىٰ,فعل,139,4344,نَقَلَ المِلْكَ مِنْ شَخْصٍ إِلَىٰ آخَرَ,عطي,أَفْعَلَ,,,,أَعْطَىٰ,APPROVED,,L2_017 haiku b09
AR05115,فَرَضَ,فعل,139,5347,أَلْزَمَ بِشَيْءٍ غَيْرِ مَرْغُوبٍ,فرض,فَعَلَ,roots-4662:فرض:المحكم — المعاني,roots-4662:فرض:مقاييس — المحور,roots-4662:فرض:الأساس — المجاز,فَرَضَ,APPROVED,,L2_017 haiku b09
AR05116,وَقَفَ,فعل,139,5348,خَصَّصَ مَالًا أَوْ عَقَارًا لِمَقْصَدٍ خَيْرِيّ,وقف,فَعَلَ,roots-4662:وقف:المحكم — المعاني,roots-4662:وقف:مقاييس — المحور,roots-4662:وقف:الأساس — المجاز,وَقَفَ,APPROVED,,L2_017 haiku b09
AR05117,تَخَلَّصَ,فعل,139,5353,أَعْطَىٰ شَيْئًا رَدِيئًا كَبَدِيل,خلص,تَفَعَّلَ,roots-4662:خلص:المحكم — المعاني,roots-4662:خلص:مقاييس — المحور,roots-4662:خلص:الأساس — المجاز,تَخَلَّصَ,APPROVED,,L2_017 haiku b09
AR05118,وَزَّعَ,فعل,139,5361;5370;5374,قَسَّمَ وَأَعْطَىٰ لِعَدَدٍ كَبِيرٍ,وزع,فَعَّلَ,roots-4662:وزع:المحكم — المعاني,roots-4662:وزع:مقاييس — النص,roots-4662:وزع:الأساس — المجاز,وَزَّعَ,APPROVED,,L2_017 haiku b09
AR05119,سَلَّمَ,فعل,139,5369;9138,نَقَلَ إِلَىٰ آخَرَ بِالْيَدِ,سلم,فَعَّلَ,roots-4662:سلم:المحكم — المعاني,roots-4662:سلم:مقاييس — المحور,roots-4662:سلم:الأساس — المجاز,سَلَّمَ,APPROVED,,L2_017 haiku b09
AR05120,أَهْدَىٰ,فعل,139,5371,قَدَّمَ كَهَدِيَّة,هدي,أَفْعَلَ,roots-4662:هدي:المحكم — المعاني,roots-4662:هدي:مقاييس — النص,roots-4662:هدي:الأساس — المجاز,أَهْدَىٰ,APPROVED,,L2_017 haiku b09
AR05121,هَدِيَّة,اسم جامد,139,5372,شَيْءٌ يُقَدَّمُ لِآخَرَ بِطِيبَةِ نَفْسٍ,هدي,فَعِيلَةٌ,roots-4662:هدي:المحكم — المعاني,roots-4662:هدي:مقاييس — النص,roots-4662:هدي:الأساس — المجاز,هَدِيَّة,APPROVED,,L2_017 haiku b09
AR05122,أَوْصَىٰ,فعل,139,7214;15059,تَرَكَ الْمِلْكَ لِشَخْصٍ بِوَصِيَّة,وصي,أَفْعَلَ,roots-4662:وصي:المحكم — المعاني,roots-4662:وصي:مقاييس — المحور,,أَوْصَىٰ,APPROVED,,L2_017 haiku b09
AR05123,سَقَىٰ,فعل,139,8033,قَدَّمَ طَعَامًا أَوْ شَرَابًا,سقي,فَعَلَ,roots-4662:سقي:المحكم — المعاني,roots-4662:سقي:مقاييس — النص,roots-4662:سقي:الأساس — المجاز,سَقَىٰ,APPROVED,,L2_017 haiku b09
AR05124,نَاوَلَ,فعل,139,8905,أَعْطَىٰ بِالْيَدِ مُبَاشَرَة,نول,فَاعَلَ,roots-4662:نول:المحكم — المعاني,roots-4662:نول:مقاييس — المحور,,نَاوَلَ,APPROVED,,L2_017 haiku b09
AR05125,ساهَمَ,فعل,139,12046,شَارَكَ بِمَالٍ أَوْ جُهْدٍ,سهم,فَاعَلَ,roots-4662:سهم:المحكم — المعاني,roots-4662:سهم:مقاييس — المحور,roots-4662:سهم:الأساس — المجاز,ساهَمَ,APPROVED,,L2_017 haiku b09
AR05126,مُساهَمَة,مصدر,139,12047,مَا يُشَارَكُ بِهِ فِي عَمَلٍ,سهم,مُفَاعَلَةٌ,roots-4662:سهم:المحكم — المعاني,roots-4662:سهم:مقاييس — المحور,roots-4662:سهم:الأساس — المجاز,مُساهَمَة,APPROVED,,L2_017 haiku b09
AR05130,أَسْبَغَ,فعل,139,15102,أَعْطَىٰ قَبْلَ الْأَوَانِ,سبغ,أَفْعَلَ,roots-4662:سبغ:المحكم — المعاني,roots-4662:سبغ:مقاييس — المحور,roots-4662:سبغ:الأساس — المجاز,أَسْبَغَ,APPROVED,,L2_017 haiku b09
AR05131,مَنَحَ,فعل,139,18516,أَعْطَىٰ حَقًّا أَوْ مِلْكًا,منح,فَعَلَ,roots-4662:منح:المحكم — المعاني,roots-4662:منح:مقاييس — المحور,roots-4662:منح:الأساس — المجاز,مَنَحَ,APPROVED,,L2_017 haiku b09
AR05132,وَصِيَّة,اسم جامد,139,18517,مَا يُتْرَكُ بِالْوَصِيَّة,وصي,فَعِيلَةٌ,roots-4662:وصي:المحكم — المعاني,roots-4662:وصي:مقاييس — المحور,,وَصِيَّة,APPROVED,,L2_017 haiku b09
AR05135,نِصْف,اسم جامد,140,5882,أَحَدُ الْجُزْأَيْنِ الْمُتَسَاوِيَيْنِ,نصف,فِعْلٌ,roots-4662:نصف:المحكم — المعاني,roots-4662:نصف:مقاييس — المحور,,نِصْف,APPROVED,,L2_017 haiku b09
AR05136,قِطْعَة,اسم جامد,140,5883,جُزْءٌ مِنْ كُلٍّ مُقَسَّم,قطع,فِعْلَةٌ,roots-4662:قطع:المحكم — المعاني,roots-4662:قطع:مقاييس — المحور,roots-4662:قطع:الأساس — المجاز,قِطْعَة,APPROVED,,L2_017 haiku b09
AR05137,قِسْم,اسم جامد,140,5903,جُزْءٌ مُمَيَّزٌ مِنْ كُلٍّ,قسم,فِعْلٌ,roots-4662:قسم:المحكم — المعاني,roots-4662:قسم:مقاييس — المحور,roots-4662:قسم:الأساس — المجاز,قِسْم,APPROVED,,L2_017 haiku b09
AR05139,خُمُس,اسم جامد,140,10304,وَاحِدٌ مِنْ خَمْسَةِ أَجْزَاء,خمس,فُعُلٌ,roots-4662:خمس:المحكم — المعاني,roots-4662:خمس:مقاييس — المحور,roots-4662:خمس:الأساس — المجاز,خُمُس,APPROVED,,L2_017 haiku b09
AR05140,جُزْءٌ مِنْ مِائَة,تركيب,140,10305,وَاحِدٌ مِنْ مِائَةِ جُزْء,,,,,,جُزْءٌ مِنْ مِائَة,APPROVED,,L2_017 haiku b09
AR05142,رُبُع,اسم جامد,140,10307,وَاحِدٌ مِنْ أَرْبَعَةِ أَجْزَاء,ربع,فُعُلٌ,roots-4662:ربع:المحكم — المعاني,roots-4662:ربع:مقاييس — المحور,roots-4662:ربع:الأساس — المجاز,رُبُع,APPROVED,,L2_017 haiku b09
AR05147,غَيْرُ مُتَأَكِّد,تركيب,141,2746,لَيْسَ عَلَىٰ يَقِينٍ مِنْ أَمْرٍ,,,,,,غَيْرُ مُتَأَكِّد,APPROVED,,L2_017 haiku b09
AR05148,وَاثِق,صفة مشبهة,141,2747,مُطْمَئِنٌّ إِلَىٰ صِحَّةِ أَمْرٍ,وثق,فَاعِلٌ,roots-4662:وثق:المحكم — المعاني,roots-4662:وثق:مقاييس — المحور,,وَاثِق,APPROVED,,L2_017 haiku b09
AR05149,مُتَيَقِّن,اسم فاعل,141,2748,عَلَىٰ عِلْمٍ أَكِيدٍ بِأَمْرٍ,يقن,مُتَفَعِّلٌ,roots-4662:يقن:المحكم — المعاني,roots-4662:يقن:مقاييس — النص,,مُتَيَقِّن,APPROVED,,L2_017 haiku b09
AR05150,ثِقَة,اسم جامد,141,2749,الاطْمِئْنَانُ إِلَىٰ صِحَّةِ أَمْرٍ,ثقة,فِعَةٌ,,,,ثِقَة,APPROVED,,L2_017 haiku b09
AR05151,مُقْتَنِع,اسم فاعل,141,2750,عَلَىٰ إِقْنَاعٍ تَامٍّ بِأَمْرٍ,قنع,مُفْتَعِلٌ,roots-4662:قنع:المحكم — المعاني,roots-4662:قنع:مقاييس — المحور,roots-4662:قنع:الأساس — المجاز,مُقْتَنِع,APPROVED,,L2_017 haiku b09
AR05153,مُتَرَدِّد,اسم فاعل,141,2752,غَيْرُ وَاثِقٍ فِي أَمْرٍ,ردد,مُتَفَعِّلٌ,roots-4662:ردد:المحكم — المعاني,roots-4662:ردد:مقاييس — المحور,roots-4662:ردد:الأساس — المجاز,مُتَرَدِّد,APPROVED,,L2_017 haiku b09
AR05154,يَقِين,اسم جامد,141,2753,الْعِلْمُ الْأَكِيدُ بِصِحَّةِ أَمْرٍ,يقن,فَعِيلٌ,roots-4662:يقن:المحكم — المعاني,roots-4662:يقن:مقاييس — النص,,يَقِين,APPROVED,,L2_017 haiku b09
AR05159,غَيْرُ وَاثِق,تركيب,141,3285,لَا يَثِقُ فِي أَمْرٍ,,,,,,غَيْرُ وَاثِق,APPROVED,,L2_017 haiku b09
AR05164,قِصَاصَة,اسم جامد,142,2758,قِطْعَةٌ صَغِيرَةٌ متبقية,قصص,فِعَالَةٌ,roots-4662:قصص:المحكم — المعاني,roots-4662:قصص:مقاييس — المحور,roots-4662:قصص:الأساس — المجاز,قِصَاصَة,APPROVED,,L2_017 haiku b09
AR05166,خِيط,اسم جامد,142,2761,شَيْءٌ جِدًّا صَغِيرٌ,خيط,,roots-4662:خيط:المحكم — المعاني,roots-4662:خيط:مقاييس — المحور,roots-4662:خيط:الأساس — المجاز,خِيط,APPROVED,فِيعَل,L2_017 haiku b09 | FLAGS: WAZN_NOT_IN_INV
AR05167,مَقْطَع,اسم جامد,142,2762,جُزْءٌ صَغِيرٌ مِنْ نَصٍّ,قطع,مَفْعَلٌ,roots-4662:قطع:المحكم — المعاني,roots-4662:قطع:مقاييس — المحور,roots-4662:قطع:الأساس — المجاز,مَقْطَع,APPROVED,,L2_017 haiku b09
AR05168,كُتْلَة,اسم جامد,142,2763;5868;5999;6014,قِطْعَةٌ كَبِيرَةٌ وَثَقِيلَة,كتل,فُعْلَةٌ,roots-4662:كتل:المحكم — المعاني,roots-4662:كتل:مقاييس — المحور,,كُتْلَة,APPROVED,,L2_017 haiku b09
AR05169,قِطْعَة,اسم جامد,142,2764;2786,قِطْعَةٌ كَثِيفَةٌ صَلْبَة,قطع,فِعْلَةٌ,roots-4662:قطع:المحكم — المعاني,roots-4662:قطع:مقاييس — المحور,roots-4662:قطع:الأساس — المجاز,قِطْعَة,APPROVED,,L2_017 haiku b09
AR05170,مِقْدَار,اسم جامد,142,2765,كَمِيَّةٌ صَغِيرَةٌ جِدًّا,قدر,مِفْعَالٌ,roots-4662:قدر:المحكم — المعاني,roots-4662:قدر:مقاييس — المحور,roots-4662:قدر:الأساس — المجاز,مِقْدَار,APPROVED,,L2_017 haiku b09
AR05171,فُتَات,اسم جامد,142,2769,قِطْعَةٌ صَغِيرَةٌ مُتَكَسِّرَة,فتت,فُعَالٌ,roots-4662:فتت:المحكم — المعاني,roots-4662:فتت:مقاييس — المحور,,فُتَات,APPROVED,,L2_017 haiku b09
AR05172,لُقْمَة,اسم جامد,142,2771,قِطْعَةٌ صَغِيرَةٌ مِنَ الطَّعَام,لقم,فُعْلَةٌ,roots-4662:لقم:المحكم — المعاني,roots-4662:لقم:مقاييس — المحور,roots-4662:لقم:الأساس — المجاز,لُقْمَة,APPROVED,,L2_017 haiku b09
AR05174,رِقَاقَة,اسم جامد,142,5869,قِطْعَةٌ رَقِيقَةٌ جِدًّا,رقق,فِعَالَةٌ,roots-4662:رقق:المحكم — المعاني,roots-4662:رقق:مقاييس — المحور,roots-4662:رقق:الأساس — المجاز,رِقَاقَة,APPROVED,,L2_017 haiku b09
AR05175,رَقْقَة,اسم جامد,142,16599,لَوْحَةٌ سِيليكونِيَّة,رقق,فَعْلَةٌ,roots-4662:رقق:المحكم — المعاني,roots-4662:رقق:مقاييس — المحور,roots-4662:رقق:الأساس — المجاز,رَقْقَة,APPROVED,,L2_017 haiku b09
AR05177,أَسْفَل,صفة مشبهة,143,2773,الْجُزْءُ الْأَسْفَلُ,سفل,,roots-4662:سفل:المحكم — المعاني,roots-4662:سفل:مقاييس — المحور,roots-4662:سفل:الأساس — المجاز,أَسْفَل,APPROVED,أَفْعَلَ,L2_017 haiku b09 | FLAGS: WAZN_NOT_IN_INV
AR05179,خَلْف,ظرف,143,2775;5736,الْجَانِبُ الْخَلْفِيُّ,خلف,فَعْلٌ,roots-4662:خلف:المحكم — المعاني,roots-4662:خلف:مقاييس — المحور,roots-4662:خلف:الأساس — المجاز,خَلْف,APPROVED,,L2_017 haiku b09
AR05181,سُفْلَىٰ,صفة مشبهة,143,2778,السَّطْحُ الْأَسْفَلُ,سفل,,roots-4662:سفل:المحكم — المعاني,roots-4662:سفل:مقاييس — المحور,roots-4662:سفل:الأساس — المجاز,سُفْلَىٰ,APPROVED,فُعْلَىٰ,L2_017 haiku b09 | FLAGS: WAZN_NOT_IN_INV
AR05183,قِمَّة,اسم جامد,143,5729;5733;5819;5820,أَعْلَىٰ نُقْطَةٍ,قمم,,roots-4662:قمم:المحكم — المعاني,roots-4662:قمم:مقاييس — المحور,roots-4662:قمم:الأساس — المجاز,قِمَّة,APPROVED,فِعَّة,L2_017 haiku b09 | FLAGS: WAZN_NOT_IN_INV
AR05184,خَلْفِيّ,اسم منسوب,143,5730;5739;5740,الْمُتَجِّهُ لِلْخَلْفِ,خلف,فَعْلِيٌّ,roots-4662:خلف:المحكم — المعاني,roots-4662:خلف:مقاييس — المحور,roots-4662:خلف:الأساس — المجاز,خَلْفِيّ,APPROVED,,L2_017 haiku b09
AR05186,سُفْلِيّ,اسم منسوب,143,5732,الْمُتَجِّهُ لِلْأَسْفَلِ,سفل,فُعْلِيٌّ,roots-4662:سفل:المحكم — المعاني,roots-4662:سفل:مقاييس — المحور,roots-4662:سفل:الأساس — المجاز,سُفْلِيّ,APPROVED,,L2_017 haiku b09
AR05188,رَأْس,اسم جامد,143,5735,الطَّرَفُ الْمُدَبَّب,رءس,فَعْلٌ,roots-4662:رءس:المحكم — المعاني,roots-4662:رءس:مقاييس — المحور,roots-4662:رءس:الأساس — المجاز,رَأْس,APPROVED,,L2_017 haiku b09 | FLAGS: ROOT_NORMALIZED
AR05189,قَدَم,اسم جامد,143,5737,وحدة قياس طول,قدم,فَعَلٌ,roots-4662:قدم:المحكم — المعاني,roots-4662:قدم:مقاييس — المحور,roots-4662:قدم:الأساس — المجاز,قَدَم,APPROVED,,L2_017 haiku b09
AR05190,سَطْح,اسم جامد,143,5738,السَّطْحُ الظَّاهِر,سطح,فَعْلٌ,roots-4662:سطح:المحكم — المعاني,roots-4662:سطح:مقاييس — المحور,,سَطْح,APPROVED,,L2_017 haiku b09
AR05191,قَلْب,اسم جامد,143,5742,الْجُزْءُ الْمَرْكَزِيُّ,قلب,فَعْلٌ,roots-4662:قلب:المحكم — المعاني,roots-4662:قلب:مقاييس — المحور,roots-4662:قلب:الأساس — المجاز,قَلْب,APPROVED,,L2_017 haiku b09
AR05192,يَسَار,اسم جامد,143,5745,الْجَانِبُ الْأَيْسَر,يسر,فَعَالٍ,roots-4662:يسر:المحكم — المعاني,roots-4662:يسر:مقاييس — المحور,roots-4662:يسر:الأساس — المجاز,يَسَار,APPROVED,,L2_017 haiku b09
AR05193,أَيْسَر,صفة مشبهة,143,5746,عَلَىٰ جَانِبِ الْيَسَار,يسر,أَفْعَلُ,roots-4662:يسر:المحكم — المعاني,roots-4662:يسر:مقاييس — المحور,roots-4662:يسر:الأساس — المجاز,أَيْسَر,APPROVED,,L2_017 haiku b09
AR05194,أَيْمَن,صفة مشبهة,143,5747,عَلَىٰ جَانِبِ الْيَمِين,يمن,أَفْعَلُ,roots-4662:يمن:المحكم — المعاني,roots-4662:يمن:مقاييس — النص,roots-4662:يمن:الأساس — المجاز,أَيْمَن,APPROVED,,L2_017 haiku b09
AR05195,يَمِين,اسم جامد,143,5748,الْجَانِبُ الْأَيْمَن,يمن,فَعِيلٌ,roots-4662:يمن:المحكم — المعاني,roots-4662:يمن:مقاييس — النص,roots-4662:يمن:الأساس — المجاز,يَمِين,APPROVED,,L2_017 haiku b09
AR05197,غَرْبِيّ,اسم منسوب,143,5822;5877,نَحْوَ الْغَرْبِ,غرب,فَعْلِيٌّ,roots-4662:غرب:المحكم — المعاني,roots-4662:غرب:مقاييس — النص,roots-4662:غرب:الأساس — المجاز,غَرْبِيّ,APPROVED,,L2_017 haiku b09
AR05200,أَقْصَىٰ شَمَال,تركيب,143,5873,فِي أَبْعَدِ شَمَالٍ,,,,,,أَقْصَىٰ شَمَال,APPROVED,,L2_017 haiku b09
AR05201,أَقْصَىٰ جَنُوب,تركيب,143,5874,فِي أَبْعَدِ جَنُوبٍ,,,,,,أَقْصَىٰ جَنُوب,APPROVED,,L2_017 haiku b09
AR05202,أَقْصَىٰ شَرْق,تركيب,143,5876,فِي أَبْعَدِ شَرْقٍ,,,,,,أَقْصَىٰ شَرْق,APPROVED,,L2_017 haiku b09
AR05203,أَقْصَىٰ غَرْب,تركيب,143,5878,فِي أَبْعَدِ غَرْبٍ,,,,,,أَقْصَىٰ غَرْب,APPROVED,,L2_017 haiku b09
AR05206,غَرْب,اسم جامد,143,6079,الْجِهَةُ الْغَرْبِيَّة,غرب,فَعْلٌ,roots-4662:غرب:المحكم — المعاني,roots-4662:غرب:مقاييس — النص,roots-4662:غرب:الأساس — المجاز,غَرْب,APPROVED,,L2_017 haiku b09
AR05208,شَمَالُ غَرْب,تركيب,143,14363,الْجِهَةُ الشَّمَالِيَّة الْغَرْبِيَّة,,,,,,شَمَالُ غَرْب,APPROVED,,L2_017 haiku b09
AR05209,شَمَالُ جَنُوب,تركيب,143,14393,الْمِحْوَرُ بَيْنَ الشَّمَالِ وَالْجَنُوبِ,,,,,,شَمَالُ جَنُوب,APPROVED,,L2_017 haiku b09
AR05211,تَوَقَّفَ,فعل,144,2788;2789;2793,أَنْهَىٰ عَمَلًا,وقف,تَفَعَّلَ,roots-4662:وقف:المحكم — المعاني,roots-4662:وقف:مقاييس — المحور,roots-4662:وقف:الأساس — المجاز,تَوَقَّفَ,APPROVED,,L2_017 haiku b09
AR05212,أَقْلَعَ,فعل,144,2791,تَرَكَ الاسْتِمْرَار,قلع,أَفْعَلَ,roots-4662:قلع:المحكم — المعاني,roots-4662:قلع:مقاييس — المحور,,أَقْلَعَ,APPROVED,,L2_017 haiku b09
AR05214,توقُّف,مصدر,144,2794;2795;14507,حَالَةُ إِنْهَاءِ حَدَثٍ,وقف,تَفَعُّلٌ,roots-4662:وقف:المحكم — المعاني,roots-4662:وقف:مقاييس — المحور,roots-4662:وقف:الأساس — المجاز,توقُّف,APPROVED,,L2_017 haiku b09
AR05216,أَنْهَىٰ,فعل,144,16389,أَنْهَىٰ عَمَلِيَّةً قَبْلَ أَوَانِهَا,نهي,أَفْعَلَ,roots-4662:نهي:المحكم — المعاني,roots-4662:نهي:مقاييس — المحور,roots-4662:نهي:الأساس — المجاز,أَنْهَىٰ,APPROVED,,L2_017 haiku b09
AR05218,اسْتَمَرَّ,فعل,145,2799;4092;4095,ظَلَّ فِي الاسْتِمْرَارِ,سمر,,roots-4662:سمر:المحكم — المعاني,roots-4662:سمر:مقاييس — المحور,roots-4662:سمر:الأساس — المجاز,اسْتَمَرَّ,APPROVED,افْتَعَلَ,L2_017 haiku b09 | FLAGS: WAZN_NOT_IN_INV
AR05219,مُسْتَمِرّ,اسم فاعل,145,2802,لَازَالَ جَارِيًا,سمر,مُفْتَعِلٌ,roots-4662:سمر:المحكم — المعاني,roots-4662:سمر:مقاييس — المحور,roots-4662:سمر:الأساس — المجاز,مُسْتَمِرّ,APPROVED,,L2_017 haiku b09
AR05221,اسْتِمْرَار,مصدر,145,4098,حَالَةُ الاسْتِمْرَارِ المُسْتَمِرّ,سمر,,roots-4662:سمر:المحكم — المعاني,roots-4662:سمر:مقاييس — المحور,roots-4662:سمر:الأساس — المجاز,اسْتِمْرَار,APPROVED,افْتِعَال,L2_017 haiku b09 | FLAGS: WAZN_LEMMA_MISMATCH;WAZN_NOT_IN_INV
AR05224,عَلَىٰ,حرف,145,17648,حُرْفُ جَرٍّ يَدُلُّ عَلَىٰ الاسْتِمْرَارِ,,,,,,عَلَىٰ,APPROVED,,L2_017 haiku b09
AR05226,تَسَلَّمَ,فعل,146,4449,شَرَعَ فِي وَظِيفَةٍ,سلم,تَفَعَّلَ,roots-4662:سلم:المحكم — المعاني,roots-4662:سلم:مقاييس — المحور,roots-4662:سلم:الأساس — المجاز,تَسَلَّمَ,APPROVED,,L2_017 haiku b09
AR05228,انْخَرَطَ,فعل,146,9272,بَدَأَ الاشْتِغَالَ,خرط,,roots-4662:خرط:المحكم — المعاني,roots-4662:خرط:مقاييس — المحور,roots-4662:خرط:الأساس — المجاز,انْخَرَطَ,APPROVED,افْتَعَلَ,L2_017 haiku b09 | FLAGS: WAZN_LEMMA_MISMATCH;WAZN_NOT_IN_INV
AR05231,فَتَحَ,فعل,146,16542,بَدَأَ هُجُومًا,فتح,فَعَلَ,roots-4662:فتح:المحكم — المعاني,roots-4662:فتح:مقاييس — المحور,roots-4662:فتح:الأساس — المجاز,فَتَحَ,APPROVED,,L2_017 haiku b09
AR05232,كِيلُو,اسم جامد,147,2804,وحدة قياس كتلة = ألف غرام (دخيل),,,,,,كِيلُو,APPROVED,,L2_017 haiku b09 | FLAGS: ROOT_MISSING;WAZN_MISSING
AR05233,كِيلُوغْرَام,اسم جامد,147,2805,وحدة قياس الكتلة = ألف غرام (دخيل),,,,,,كِيلُوغْرَام,APPROVED,,L2_017 haiku b09 | FLAGS: ROOT_MISSING;WAZN_MISSING
AR05234,غْرَام,اسم جامد,147,2806,وحدة قياس كتلة (دخيل),,,,,,غْرَام,APPROVED,,L2_017 haiku b09 | FLAGS: ROOT_MISSING;WAZN_MISSING
AR05235,طُن,اسم جامد,147,2807,وحدة قياس الوزن الثقيل (دخيل),,,,,,طُن,APPROVED,,L2_017 haiku b09 | FLAGS: ROOT_MISSING;WAZN_MISSING
AR05236,رِطْل,اسم جامد,147,2808,وحدة قياس الوزن,رطل,فِعْلٌ,roots-4662:رطل:المحكم — المعاني,roots-4662:رطل:مقاييس — النص,,رِطْل,APPROVED,,L2_017 haiku b09
AR05237,أُونْصَة,اسم جامد,147,2810,وحدة قياس الوزن (دخيل),,,,,,أُونْصَة,APPROVED,,L2_017 haiku b09 | FLAGS: ROOT_MISSING;WAZN_MISSING
AR05238,مِيلِيغْرَام,اسم جامد,147,2811,جزء من ألف غرام (دخيل),,,,,,مِيلِيغْرَام,APPROVED,,L2_017 haiku b09 | FLAGS: ROOT_MISSING;WAZN_MISSING
AR05239,طُنّ مِتْرِيّ,تركيب,147,12406,ألف كيلوغرام (دخيل),,,,,,طُنّ مِتْرِيّ,APPROVED,,L2_017 haiku b09
AR05242,إِنْش,اسم جامد,154,2812,وحدة قياس طول (دخيل),,,,,,إِنْش,APPROVED,,L2_017 haiku b09 | FLAGS: ROOT_MISSING;WAZN_MISSING
AR05243,مِيل,اسم جامد,154,2813,وحدة قياس مسافة (دخيل),,,,,,مِيل,APPROVED,,L2_017 haiku b09 | FLAGS: ROOT_MISSING;WAZN_MISSING
AR05244,يَارْدَة,اسم جامد,154,2814,وحدة قياس طول (دخيل),,,,,,يَارْدَة,APPROVED,,L2_017 haiku b09 | FLAGS: ROOT_MISSING;WAZN_MISSING
AR05245,قَدَم,اسم جامد,154,2815,وحدة قياس طول,قدم,فَعَلٌ,roots-4662:قدم:المحكم — المعاني,roots-4662:قدم:مقاييس — المحور,roots-4662:قدم:الأساس — المجاز,قَدَم,APPROVED,,L2_017 haiku b09
AR05246,مِتْر,اسم جامد,154,2816,وحدة قياس الطول الأساسية (دخيل),,,,,,مِتْر,APPROVED,,L2_017 haiku b09 | FLAGS: ROOT_MISSING;WAZN_MISSING
AR05247,كِيلُومِتْر,اسم جامد,154,2817,ألف متر (دخيل),,,,,,كِيلُومِتْر,APPROVED,,L2_017 haiku b09 | FLAGS: ROOT_MISSING;WAZN_MISSING
AR05248,سَنْتِيمِتْر,اسم جامد,154,2818,جزء من مئة متر (دخيل),,,,,,سَنْتِيمِتْر,APPROVED,,L2_017 haiku b09 | FLAGS: ROOT_MISSING;WAZN_MISSING
AR05249,مِيلِيمِتْر,اسم جامد,154,2819,جزء من ألف متر (دخيل),,,,,,مِيلِيمِتْر,APPROVED,,L2_017 haiku b09 | FLAGS: ROOT_MISSING;WAZN_MISSING
AR05250,فَرْلُونْغ,اسم جامد,154,13486,وحدة قياس مسافة (دخيل),,,,,,فَرْلُونْغ,APPROVED,,L2_017 haiku b09 | FLAGS: ROOT_MISSING;WAZN_MISSING
AR05251,سَنَة ضَوْئِيَّة,تركيب,154,13487,وحدة قياس مسافة كونية,,,,,,سَنَة ضَوْئِيَّة,APPROVED,,L2_017 haiku b09
AR05252,كُتْلَة مَدِينَة,تركيب,154,14502,طول شارع واحد,,,,,,كُتْلَة مَدِينَة,APPROVED,,L2_017 haiku b09
AR05253,بِنْت,اسم جامد,155,2820,وحدة قياس حجم (دخيل),,,,,,بِنْت,APPROVED,,L2_017 haiku b09 | FLAGS: ROOT_MISSING;WAZN_MISSING
AR05254,كُوب,اسم جامد,155,2821;2825,وحدة قياس حجم (دخيل),,,,,,كُوب,APPROVED,,L2_017 haiku b09 | FLAGS: ROOT_MISSING;WAZN_MISSING
AR05255,زُجَاجَة,اسم جامد,155,2822,وعاء للسوائل,زجج,فُعَالَةٌ,roots-4662:زجج:المحكم — المعاني,roots-4662:زجج:مقاييس — المحور,roots-4662:زجج:الأساس — المجاز,زُجَاجَة,APPROVED,,L2_017 haiku b09
AR05256,بُوشِل,اسم جامد,155,2823,وحدة قياس حجم (دخيل),,,,,,بُوشِل,APPROVED,,L2_017 haiku b09 | FLAGS: ROOT_MISSING;WAZN_MISSING
AR05257,صُندُوق,اسم جامد,155,2824;18681,وعاء مستطيل الشكل,صندق,فُعْلُولٌ,,,,صُندُوق,APPROVED,,L2_017 haiku b09
AR05258,جَالُون,اسم جامد,155,2826,وحدة قياس حجم (دخيل),,,,,,جَالُون,APPROVED,,L2_017 haiku b09 | FLAGS: ROOT_MISSING;WAZN_MISSING
AR05259,بِرْمِيل,اسم جامد,155,2827,وعاء كبير (دخيل),,,,,,بِرْمِيل,APPROVED,,L2_017 haiku b09 | FLAGS: ROOT_MISSING;WAZN_MISSING
AR05261,وِعَاء,اسم جامد,155,2829,إناء عميق مستدير,وعي,فِعَالٌ,roots-4662:وعي:المحكم — المعاني,roots-4662:وعي:مقاييس — المحور,,وِعَاء,APPROVED,,L2_017 haiku b09
AR05262,مِلْعَقَة شَاي,تركيب,155,2832,حجم ملعقة الشاي,,,,,,مِلْعَقَة شَاي,APPROVED,,L2_017 haiku b09
AR05264,مِلْعَقَة,اسم جامد,155,2834,حجم الملعقة,لعق,فِعْلَةٌ,roots-4662:لعق:المحكم — المعاني,roots-4662:لعق:مقاييس — المحور,roots-4662:لعق:الأساس — المجاز,مِلْعَقَة,APPROVED,,L2_017 haiku b09 | FLAGS: WAZN_LEMMA_MISMATCH
AR05265,مِلْعَقَة طَعَام,تركيب,155,2835,حجم ملعقة الطعام,,,,,,مِلْعَقَة طَعَام,APPROVED,,L2_017 haiku b09
AR05266,كِيس,اسم جامد,155,2836,حجم الكيس المرن,كيس,,roots-4662:كيس:المحكم — المعاني,roots-4662:كيس:مقاييس — المحور,roots-4662:كيس:الأساس — المجاز,كِيس,APPROVED,فِيعَل,L2_017 haiku b09 | FLAGS: WAZN_NOT_IN_INV
AR05267,كْوَرْت,اسم جامد,155,2837,وحدة قياس حجم (دخيل),,,,,,كْوَرْت,APPROVED,,L2_017 haiku b09 | FLAGS: ROOT_MISSING;WAZN_MISSING
AR05268,مِلْءُ مِلْعَقَة,تركيب,155,2838,حجم ملء الملعقة,,,,,,مِلْءُ مِلْعَقَة,APPROVED,,L2_017 haiku b09
AR05269,مِلْءُ مِلْعَقَةِ شَاي,تركيب,155,2839,حجم ملء ملعقة الشاي,,,,,,مِلْءُ مِلْعَقَةِ شَاي,APPROVED,,L2_017 haiku b09
AR05270,مِلْءُ كِيس,تركيب,155,2840,حجم ملء الكيس,,,,,,مِلْءُ كِيس,APPROVED,,L2_017 haiku b09
AR05271,مِلْءُ صُندُوق,تركيب,155,2841,حجم ملء الصندوق,,,,,,مِلْءُ صُندُوق,APPROVED,,L2_017 haiku b09
AR05272,مِلْءُ دَلْو,تركيب,155,2842,حجم ملء الدلو,,,,,,مِلْءُ دَلْو,APPROVED,,L2_017 haiku b09
AR05273,مِلْءُ خَزَّان,تركيب,155,2843,حجم ملء الخزان,,,,,,مِلْءُ خَزَّان,APPROVED,,L2_017 haiku b09
AR05274,مِلْءُ جِوَال,تركيب,155,2844,حجم ملء الجوال,,,,,,مِلْءُ جِوَال,APPROVED,,L2_017 haiku b09
AR05275,إِنَاء,اسم جامد,155,3147,حجم الكوب الكبير,نوع,,roots-4662:نوع:المحكم — المعاني,roots-4662:نوع:مقاييس — المحور,,إِنَاء,APPROVED,إِفَاء,L2_017 haiku b09 | FLAGS: WAZN_NOT_IN_INV
AR05276,مِعْيَار,اسم جامد,155,3340,حجم المعيار,معر,فِعْيالٌ,roots-4662:معر:المحكم — المعاني,roots-4662:معر:مقاييس — المحور,,مِعْيَار,APPROVED,,L2_017 haiku b09
AR05277,مِلْءُ مِعْيَار,تركيب,155,3341,حجم ملء المعيار,,,,,,مِلْءُ مِعْيَار,APPROVED,,L2_017 haiku b09
AR05279,صِينِيَة,اسم جامد,155,3422,حجم ما على الصينية,صين,,v21:صين:المحكم — المعاني,,,صِينِيَة,APPROVED,فِيعِلَة,L2_017 haiku b09 | FLAGS: WAZN_NOT_IN_INV
AR05280,مِلْءُ حَافِلَة,تركيب,155,3424,حجم ملء الحافلة,,,,,,مِلْءُ حَافِلَة,APPROVED,,L2_017 haiku b09
AR05281,مِلْءُ طَائِرَة,تركيب,155,3425,حجم ملء الطائرة,,,,,,مِلْءُ طَائِرَة,APPROVED,,L2_017 haiku b09
AR05282,مِلْءُ شَاحِنَة,تركيب,155,3426,حجم ملء الشاحنة,,,,,,مِلْءُ شَاحِنَة,APPROVED,,L2_017 haiku b09
AR05283,مِلْءُ سَيَّارَة,تركيب,155,3427,حجم ملء السيارة,,,,,,مِلْءُ سَيَّارَة,APPROVED,,L2_017 haiku b09
AR05284,مِلْءُ غُرْفَة,تركيب,155,3428,حجم ملء الغرفة,,,,,,مِلْءُ غُرْفَة,APPROVED,,L2_017 haiku b09
AR05285,مِلْءُ قِطَار,تركيب,155,3434,حجم ملء القطار,,,,,,مِلْءُ قِطَار,APPROVED,,L2_017 haiku b09
AR05286,مِلْءُ قَارِب,تركيب,155,3664,حجم ملء القارب,,,,,,مِلْءُ قَارِب,APPROVED,,L2_017 haiku b09
AR05287,لِتْر,اسم جامد,155,6989,وحدة قياس حجم (دخيل),,,,,,لِتْر,APPROVED,,L2_017 haiku b09 | FLAGS: ROOT_MISSING;WAZN_MISSING
AR05288,هِكْتَار,اسم جامد,156,2857,وحدة قياس مساحة (دخيل),,,,,,هِكْتَار,APPROVED,,L2_017 haiku b09 | FLAGS: ROOT_MISSING;WAZN_MISSING
AR05290,نَحِيل,صفة مشبهة,157,2860;2931;3053;3058;3589,نحيل الجسم طويل,نحل,فَعِيلٌ,roots-4662:نحل:المحكم — المعاني,roots-4662:نحل:مقاييس — المحور,,نَحِيل,APPROVED,,L2_017 haiku b10
AR05291,ممتلئ,اسم مفعول,157,2863;3061;3595;3596,ممتلئ الجسم دائري,ملء,مُفْتَعَلٌ,roots-4662:ملء:المحكم — المعاني,,roots-4662:ملء:الأساس — المجاز,ممتلئ,APPROVED,,L2_017 haiku b10 | FLAGS: ROOT_NORMALIZED;UNVOCALIZED
AR05292,رَخْو,صفة مشبهة,157,2865,رخو اللحم غير مشدود,رخو,فَعْلٌ,roots-4662:رخو:المحكم — المعاني,roots-4662:رخو:مقاييس — المحور,,رَخْو,APPROVED,,L2_017 haiku b10
AR05293,سَمِين,صفة مشبهة,157,2921;3049,سمين الجسم كثير الشحم,سمن,فَعِيلٌ,roots-4662:سمن:المحكم — المعاني,roots-4662:سمن:مقاييس — المحور,roots-4662:سمن:الأساس — المجاز,سَمِين,APPROVED,,L2_017 haiku b10
AR05295,وَقور,صفة مشبهة,157,2923,وقور كبير الجسم,وقر,,,,roots-4662:وقر:الأساس — المجاز,وَقور,APPROVED,فَعول,L2_017 haiku b10 | FLAGS: WAZN_NOT_IN_INV
AR05296,رَشِيق,صفة مشبهة,157,2924;3052,رشيق ممشوق القوام,رشق,فَعِيلٌ,roots-4662:رشق:المحكم — المعاني,roots-4662:رشق:مقاييس — المحور,roots-4662:رشق:الأساس — المجاز,رَشِيق,APPROVED,,L2_017 haiku b10
AR05297,قَصِير,صفة مشبهة,157,2928;2934;3592,قصير القامة قوي,قصر,فَعِيلٌ,roots-4662:قصر:المحكم — المعاني,roots-4662:قصر:مقاييس — المحور,roots-4662:قصر:الأساس — المجاز,قَصِير,APPROVED,,L2_017 haiku b10
AR05298,غَلِيظ,صفة مشبهة,157,2929;3063;3065;3593,غليظ قصير ممتلئ,غلظ,فَعِيلٌ,roots-4662:غلظ:المحكم — المعاني,,roots-4662:غلظ:الأساس — المجاز,غَلِيظ,APPROVED,,L2_017 haiku b10
AR05299,أَسِير,صفة مشبهة,157,2930,أسير هزيل معذب,سير,فَعِيلٌ,roots-4662:سير:المحكم — المعاني,roots-4662:سير:مقاييس — المحور,,أَسِير,APPROVED,,L2_017 haiku b10
AR05302,رَقِيق,صفة مشبهة,157,3050;3150;3597,رقيق الجسم قليل,رقق,فَعِيلٌ,roots-4662:رقق:المحكم — المعاني,roots-4662:رقق:مقاييس — المحور,roots-4662:رقق:الأساس — المجاز,رَقِيق,APPROVED,,L2_017 haiku b10
AR05304,ضَئِيل,صفة مشبهة,157,3054,ضئيل صغير ضعيف,ضيل,فَعِيلٌ,v21:ضيل:المحكم — المعاني,v21:ضيل:مقاييس — المحور,,ضَئِيل,APPROVED,,L2_017 haiku b10
AR05306,مَرِن,صفة مشبهة,157,3594,مرن رقيق أنيق,مرن,فَعِلٌ,roots-4662:مرن:المحكم — المعاني,roots-4662:مرن:مقاييس — المحور,,مَرِن,APPROVED,,L2_017 haiku b10
AR05308,متوسط,اسم فاعل,157,9819,متوسط الحجم,وسط,مُتَفَعِّلٌ,roots-4662:وسط:المحكم — المعاني,roots-4662:وسط:مقاييس — المحور,roots-4662:وسط:الأساس — المجاز,متوسط,APPROVED,,L2_017 haiku b10 | FLAGS: UNVOCALIZED
AR05310,ذَكَر,اسم جامد,157,18670,ذكر يلد النسل,ذكر,فَعَلٌ,roots-4662:ذكر:المحكم — المعاني,roots-4662:ذكر:مقاييس — المحور,roots-4662:ذكر:الأساس — المجاز,ذَكَر,APPROVED,,L2_017 haiku b10
AR05311,أُنْثَى,اسم جامد,157,18671,أنثى تضع النسل,ءنث,فُعْلَى,v21:أنث:المحكم — المعاني,v21:أنث:مقاييس — النص,,أُنْثَى,APPROVED,,L2_017 haiku b10 | FLAGS: ROOT_NORMALIZED
AR05313,غَسَلَ,فعل,159,4734;4735;5429;5447,غسل بالماء والصابون,غسل,فَعَلَ,roots-4662:غسل:المحكم — المعاني,roots-4662:غسل:مقاييس — المحور,roots-4662:غسل:الأساس — المجاز,غَسَلَ,APPROVED,,L2_017 haiku b10
AR05315,نَتَفَ,فعل,159,5422,نتف الحاجبين,نتف,فَعَلَ,roots-4662:نتف:المحكم — المعاني,roots-4662:نتف:مقاييس — المحور,roots-4662:نتف:الأساس — المجاز,نَتَفَ,APPROVED,,L2_017 haiku b10
AR05316,تَنْظِيف,مصدر,159,5423,تنظيف بين الأسنان,نظف,تَفْعِيلٌ,roots-4662:نظف:المحكم — المعاني,roots-4662:نظف:مقاييس — النص,,تَنْظِيف,APPROVED,,L2_017 haiku b10
AR05318,إزالة,مصدر,159,5426,إزالة الشعر بالشمع,زيل,,roots-4662:زيل:المحكم — المعاني,roots-4662:زيل:مقاييس — النص,,إزالة,APPROVED,إفَالَة,L2_017 haiku b10 | FLAGS: UNVOCALIZED;WAZN_NOT_IN_INV
AR05319,مَشَطَ,فعل,159,5427,مشط الشعر,مشط,فَعَلَ,roots-4662:مشط:المحكم — المعاني,roots-4662:مشط:مقاييس — النص,roots-4662:مشط:الأساس — المجاز,مَشَطَ,APPROVED,,L2_017 haiku b10
AR05321,غُسْل,مصدر,159,5445,غسل الجسم الطقسي,غسل,فُعْلٌ,roots-4662:غسل:المحكم — المعاني,roots-4662:غسل:مقاييس — المحور,roots-4662:غسل:الأساس — المجاز,غُسْل,APPROVED,,L2_017 haiku b10
AR05322,رَطَّبَ,فعل,159,5446,رطب الجلد,رطب,فَعَّلَ,roots-4662:رطب:المحكم — المعاني,roots-4662:رطب:مقاييس — المحور,roots-4662:رطب:الأساس — المجاز,رَطَّبَ,APPROVED,,L2_017 haiku b10
AR05323,نَظَّفَ,فعل,159,5448,نظف الجسم,نظف,فَعَّلَ,roots-4662:نظف:المحكم — المعاني,roots-4662:نظف:مقاييس — النص,,نَظَّفَ,APPROVED,,L2_017 haiku b10
AR05324,عِنَاية,مصدر,159,5449;5450,عناية للوجه,عني,فِعَالَةٌ,,v21:عني:مقاييس — النص,,عِنَاية,APPROVED,,L2_017 haiku b10
AR05325,عَنَى,فعل,159,5451,عنى بالظهور,عني,فَعَلَ,,v21:عني:مقاييس — النص,,عَنَى,APPROVED,,L2_017 haiku b10
AR05326,تَفْرِيش,مصدر,159,7217,تفريش الأسنان,فرش,تَفْعِيلٌ,roots-4662:فرش:المحكم — المعاني,roots-4662:فرش:مقاييس — المحور,roots-4662:فرش:الأساس — المجاز,تَفْرِيش,APPROVED,,L2_017 haiku b10
AR05327,تَسْرِيح,مصدر,159,7219,تسريح الشعر,سرح,تَفْعِيلٌ,roots-4662:سرح:المحكم — المعاني,roots-4662:سرح:مقاييس — المحور,roots-4662:سرح:الأساس — المجاز,تَسْرِيح,APPROVED,,L2_017 haiku b10
AR05335,نَظْرَة,مصدر,161,2961,نظرة عن انفعال,نظر,فَعْلَةٌ,roots-4662:نظر:المحكم — المعاني,roots-4662:نظر:مقاييس — النص,roots-4662:نظر:الأساس — المجاز,نَظْرَة,APPROVED,,L2_017 haiku b10
AR05336,وَجْه,اسم جامد,161,2963,وجه يدل على,وجه,فَعْلٌ,roots-4662:وجه:المحكم — المعاني,roots-4662:وجه:مقاييس — المحور,roots-4662:وجه:الأساس — المجاز,وَجْه,APPROVED,,L2_017 haiku b10
AR05337,تَكْشِير,مصدر,161,2964,تكشير بأسنان,كشر,تَفْعِيلٌ,roots-4662:كشر:المحكم — المعاني,,,تَكْشِير,APPROVED,,L2_017 haiku b10
AR05338,سُخْرِيَة,مصدر,161,2965,سخرية باستهزاء,سخر,فُعْلِيَةٌ,roots-4662:سخر:المحكم — المعاني,,roots-4662:سخر:الأساس — المجاز,سُخْرِيَة,APPROVED,,L2_017 haiku b10
AR05339,تَكَشُّر,مصدر,161,3039,تكشر الشفة,كشر,تَفَعُّلٌ,roots-4662:كشر:المحكم — المعاني,,,تَكَشُّر,APPROVED,,L2_017 haiku b10
AR05340,اسْتَمَرَّ,فعل,164,4347;5435;11353;13201;13202,استمر في النشاط,مرر,اِفْتَعَلَ,roots-4662:مرر:المحكم — المعاني,roots-4662:مرر:مقاييس — المحور,roots-4662:مرر:الأساس — المجاز,اسْتَمَرَّ,APPROVED,,L2_017 haiku b10 | FLAGS: WAZN_LEMMA_MISMATCH
AR05341,صِيَانَة,مصدر,164,12166,صيانة بقاء الشيء,صين,فِعَالَةٌ,v21:صين:المحكم — المعاني,,,صِيَانَة,APPROVED,,L2_017 haiku b10
AR05342,أَنْهَى,فعل,165,4482;13181,أنهى العمل,نهي,أَفْعَلَ,roots-4662:نهي:المحكم — المعاني,roots-4662:نهي:مقاييس — المحور,roots-4662:نهي:الأساس — المجاز,أَنْهَى,APPROVED,,L2_017 haiku b10
AR05343,انْتَهَى,فعل,165,4483;11351,انتهى من العمل,نهي,اِفْتَعَلَ,roots-4662:نهي:المحكم — المعاني,roots-4662:نهي:مقاييس — المحور,roots-4662:نهي:الأساس — المجاز,انْتَهَى,APPROVED,,L2_017 haiku b10
AR05344,أَكْمَلَ,فعل,165,11352,أكمل العمل,كمل,أَفْعَلَ,roots-4662:كمل:المحكم — المعاني,roots-4662:كمل:مقاييس — المحور,,أَكْمَلَ,APPROVED,,L2_017 haiku b10
AR05345,إِكْمَال,مصدر,165,12162,إكمال العمل,كمل,إِفْعَالٌ,roots-4662:كمل:المحكم — المعاني,roots-4662:كمل:مقاييس — المحور,,إِكْمَال,APPROVED,,L2_017 haiku b10
AR05346,تَخَرَّجَ,فعل,165,17692,تخرج من المدرسة,خرج,تَفَعَّلَ,roots-4662:خرج:المحكم — المعاني,roots-4662:خرج:مقاييس — المحور,roots-4662:خرج:الأساس — المجاز,تَخَرَّجَ,APPROVED,,L2_017 haiku b10
AR05347,توَقَّفَ,فعل,166,11312;11358;11360,توقف عن العمل,وقف,تَفَعَّلَ,roots-4662:وقف:المحكم — المعاني,roots-4662:وقف:مقاييس — المحور,roots-4662:وقف:الأساس — المجاز,توَقَّفَ,APPROVED,,L2_017 haiku b10
AR05348,أَوْقَفَ,فعل,166,11359,أوقف العمل,وقف,أَفْعَلَ,roots-4662:وقف:المحكم — المعاني,roots-4662:وقف:مقاييس — المحور,roots-4662:وقف:الأساس — المجاز,أَوْقَفَ,APPROVED,,L2_017 haiku b10
AR05349,أَنْهَى,فعل,166,11856,أنهى الكامل,نهي,أَفْعَلَ,roots-4662:نهي:المحكم — المعاني,roots-4662:نهي:مقاييس — المحور,roots-4662:نهي:الأساس — المجاز,أَنْهَى,APPROVED,,L2_017 haiku b10
AR05351,توَقُّف,مصدر,167,4508,توقف مؤقت,وقف,تَفَعُّلٌ,roots-4662:وقف:المحكم — المعاني,roots-4662:وقف:مقاييس — المحور,roots-4662:وقف:الأساس — المجاز,توَقُّف,APPROVED,,L2_017 haiku b10
AR05356,وَقْفَة,مصدر,167,11452,وقفة منع,وقف,فَعْلَةٌ,roots-4662:وقف:المحكم — المعاني,roots-4662:وقف:مقاييس — المحور,roots-4662:وقف:الأساس — المجاز,وَقْفَة,APPROVED,,L2_017 haiku b10
AR05363,تَهَيَّأَ,فعل,170,17679,تهيأ نفسه,هيء,تَفَعَّلَ,roots-4662:هيء:المحكم — المعاني,roots-4662:هيء:مقاييس — النص,,تَهَيَّأَ,APPROVED,,L2_017 haiku b10 | FLAGS: ROOT_NORMALIZED
AR05364,اشْتَرَى,فعل,171,2966;2971,اشترى بالمال,شري,اِفْتَعَلَ,v21:شري:المحكم — المعاني,v21:شري:مقاييس — المحور,,اشْتَرَى,APPROVED,,L2_017 haiku b10 | FLAGS: ROOT_NORMALIZED
AR05365,شِرَاء,مصدر,171,2973,شراء البضاعة,شري,فِعَالٌ,v21:شري:المحكم — المعاني,v21:شري:مقاييس — المحور,,شِرَاء,APPROVED,,L2_017 haiku b10 | FLAGS: ROOT_NORMALIZED
AR05366,مُشْتَرٍ,اسم فاعل,171,17240;17241,مشتري يدفع,شري,مُفْتَعِلٌ,v21:شري:المحكم — المعاني,v21:شري:مقاييس — المحور,,مُشْتَرٍ,APPROVED,,L2_017 haiku b10 | FLAGS: ROOT_NORMALIZED
AR05371,مَزَاد,اسم جامد,172,14675,مزاد مزايدة,زيد,فَعَالٍ,roots-4662:زيد:المحكم — المعاني,roots-4662:زيد:مقاييس — المحور,roots-4662:زيد:الأساس — المجاز,مَزَاد,APPROVED,,L2_017 haiku b10
AR05372,هَرَّبَ,فعل,175,3041,هرب السلعة,هرب,فَعَّلَ,roots-4662:هرب:المحكم — المعاني,roots-4662:هرب:مقاييس — النص,,هَرَّبَ,APPROVED,,L2_017 haiku b10
AR05373,تَهْرِيب,مصدر,175,3042,تهريب محظورة,هرب,تَفْعِيلٌ,roots-4662:هرب:المحكم — المعاني,roots-4662:هرب:مقاييس — النص,,تَهْرِيب,APPROVED,,L2_017 haiku b10
AR05374,مُهَرِّب,اسم فاعل,175,3043,مهرب ينقل,هرب,مُفَعِّلٌ,roots-4662:هرب:المحكم — المعاني,roots-4662:هرب:مقاييس — النص,,مُهَرِّب,APPROVED,,L2_017 haiku b10
AR05378,نَقْل,مصدر,178,10813,نقل من مكان,نقل,فَعْلٌ,roots-4662:نقل:المحكم — المعاني,roots-4662:نقل:مقاييس — المحور,roots-4662:نقل:الأساس — المجاز,نَقْل,APPROVED,,L2_017 haiku b10
AR05379,نَقَلَ,فعل,178,11593,نقل لآخر,نقل,فَعَلَ,roots-4662:نقل:المحكم — المعاني,roots-4662:نقل:مقاييس — المحور,roots-4662:نقل:الأساس — المجاز,نَقَلَ,APPROVED,,L2_017 haiku b10
AR05381,امْتَلَكَ,فعل,179,7500,امتلك الشيء,ملك,اِفْتَعَلَ,roots-4662:ملك:المحكم — المعاني,roots-4662:ملك:مقاييس — المحور,roots-4662:ملك:الأساس — المجاز,امْتَلَكَ,APPROVED,,L2_017 haiku b10
AR05382,اقْتِنَاء,مصدر,179,7501,اقتناء الشيء,قني,اِفْتِعَالٌ,roots-4662:قني:المحكم — المعاني,,,اقْتِنَاء,APPROVED,,L2_017 haiku b10 | FLAGS: ROOT_NORMALIZED
AR05383,مُكْتَسَب,اسم مفعول,179,7502,مكتسب حديث,كسب,مُفْتَعَلٌ,roots-4662:كسب:المحكم — المعاني,roots-4662:كسب:مقاييس — المحور,roots-4662:كسب:الأساس — المجاز,مُكْتَسَب,APPROVED,,L2_017 haiku b10
AR05384,كَسَبَ,فعل,179,7503,كسب مواتياً,كسب,فَعَلَ,roots-4662:كسب:المحكم — المعاني,roots-4662:كسب:مقاييس — المحور,roots-4662:كسب:الأساس — المجاز,كَسَبَ,APPROVED,,L2_017 haiku b10
AR05387,نَالَ,فعل,179,13200,نال المرغوب,نول,فَعَلَ,roots-4662:نول:المحكم — المعاني,roots-4662:نول:مقاييس — المحور,,نَالَ,APPROVED,,L2_017 haiku b10
AR05388,فَازَ,فعل,179,15586,فاز بالشيء,فوز,,roots-4662:فوز:المحكم — المعاني,roots-4662:فوز:مقاييس — المحور,roots-4662:فوز:الأساس — المجاز,فَازَ,APPROVED,فَاعَ,L2_017 haiku b10 | FLAGS: WAZN_NOT_IN_INV
AR05389,دَفَعَ,فعل,180,3083;13473,دفع الثمن,دفع,فَعَلَ,roots-4662:دفع:المحكم — المعاني,roots-4662:دفع:مقاييس — المحور,roots-4662:دفع:الأساس — المجاز,دَفَعَ,APPROVED,,L2_017 haiku b10
AR05390,دَفْعَة,مصدر,180,8742,دفعة مستحقة,دفع,فَعْلَةٌ,roots-4662:دفع:المحكم — المعاني,roots-4662:دفع:مقاييس — المحور,roots-4662:دفع:الأساس — المجاز,دَفْعَة,APPROVED,,L2_017 haiku b10
AR05393,دَافِع,اسم فاعل,180,17294,دافع يدفع,دفع,فَاعِلٌ,roots-4662:دفع:المحكم — المعاني,roots-4662:دفع:مقاييس — المحور,roots-4662:دفع:الأساس — المجاز,دَافِع,APPROVED,,L2_017 haiku b10
AR05394,انْتَهَى,فعل,182,5506;5763,انتهى العمل,نهي,اِفْتَعَلَ,roots-4662:نهي:المحكم — المعاني,roots-4662:نهي:مقاييس — المحور,roots-4662:نهي:الأساس — المجاز,انْتَهَى,APPROVED,,L2_017 haiku b10
AR05401,منطقة,اسم جامد,192,3694,منطقة جغرافية,نطق,مَفْعَلَةٌ,roots-4662:نطق:المحكم — المعاني,roots-4662:نطق:مقاييس — المحور,roots-4662:نطق:الأساس — المجاز,منطقة,APPROVED,,L2_017 haiku b10 | FLAGS: UNVOCALIZED
AR05402,نِطَاق,اسم جامد,192,3695,نطاق محدد,نطق,فِعَالٌ,roots-4662:نطق:المحكم — المعاني,roots-4662:نطق:مقاييس — المحور,roots-4662:نطق:الأساس — المجاز,نِطَاق,APPROVED,,L2_017 haiku b10
AR05403,إِقْلِيم,اسم جامد,192,3696,إقليم منطقة,قلم,إِفْعِيلٌ,roots-4662:قلم:المحكم — المعاني,roots-4662:قلم:مقاييس — المحور,roots-4662:قلم:الأساس — المجاز,إِقْلِيم,APPROVED,,L2_017 haiku b10
AR05404,مَكَان,اسم جامد,192,3697,مكان موقع,مكن,مَفْعَلٌ,roots-4662:مكن:المحكم — المعاني,roots-4662:مكن:مقاييس — النص,roots-4662:مكن:الأساس — المجاز,مَكَان,APPROVED,,L2_017 haiku b10 | FLAGS: WAZN_LEMMA_MISMATCH
AR05406,موقع,اسم جامد,192,7514;13783,موقع مكان,وقع,مُفْعَلٌ,roots-4662:وقع:المحكم — المعاني,roots-4662:وقع:مقاييس — المحور,roots-4662:وقع:الأساس — المجاز,موقع,APPROVED,,L2_017 haiku b10 | FLAGS: UNVOCALIZED
AR05409,إِقْلِيمِيّ,اسم منسوب,192,13360,إقليمي متعلق,قلم,إِفْعِيلِيٌّ,roots-4662:قلم:المحكم — المعاني,roots-4662:قلم:مقاييس — المحور,roots-4662:قلم:الأساس — المجاز,إِقْلِيمِيّ,APPROVED,,L2_017 haiku b10
AR05410,نُقْطَة,اسم جامد,192,14526,نقطة موقع,نقط,فُعْلَةٌ,roots-4662:نقط:المحكم — المعاني,roots-4662:نقط:مقاييس — المحور,roots-4662:نقط:الأساس — المجاز,نُقْطَة,APPROVED,,L2_017 haiku b10
AR05412,غابة,اسم جامد,193,3464;3469;3471;3474;3495,غابة بأشجار,غيب,فَاعِلَةٌ,roots-4662:غيب:المحكم — المعاني,roots-4662:غيب:مقاييس — المحور,roots-4662:غيب:الأساس — المجاز,غابة,APPROVED,,L2_017 haiku b10 | FLAGS: UNVOCALIZED
AR05413,سِبَاخ,اسم جامد,193,3465,سباخ طينية,سبخ,فِعَالٌ,roots-4662:سبخ:المحكم — المعاني,roots-4662:سبخ:مقاييس — المحور,roots-4662:سبخ:الأساس — المجاز,سِبَاخ,APPROVED,,L2_017 haiku b10
AR05414,مُسْتَنْقَع,اسم مفعول,193,3466;3470,مستنقع أرض,نقع,مُفْتَعَلٌ,roots-4662:نقع:المحكم — المعاني,roots-4662:نقع:مقاييس — المحور,roots-4662:نقع:الأساس — المجاز,مُسْتَنْقَع,APPROVED,,L2_017 haiku b10 | FLAGS: WAZN_LEMMA_MISMATCH
AR05415,سَهْل,اسم جامد,193,3467;3475,سهل عشبية,سهل,فَعْلٌ,roots-4662:سهل:المحكم — المعاني,roots-4662:سهل:مقاييس — المحور,roots-4662:سهل:الأساس — المجاز,سَهْل,APPROVED,,L2_017 haiku b10
AR05417,غَابَة,اسم جامد,193,3472;3491,غابة ملتفة,غيب,فَاعِلَةٌ,roots-4662:غيب:المحكم — المعاني,roots-4662:غيب:مقاييس — المحور,roots-4662:غيب:الأساس — المجاز,غَابَة,APPROVED,,L2_017 haiku b10
AR05418,مَسْتَنْقَع,اسم مفعول,193,3473;3482;3483,مستنقع رطبة,نقع,,roots-4662:نقع:المحكم — المعاني,roots-4662:نقع:مقاييس — المحور,roots-4662:نقع:الأساس — المجاز,مَسْتَنْقَع,APPROVED,مَفْتَعَل,L2_017 haiku b10 | FLAGS: WAZN_LEMMA_MISMATCH;WAZN_NOT_IN_INV
AR05419,مَرْج,اسم جامد,193,3476;3487;3488,مرج عشب,مرج,فَعْلٌ,roots-4662:مرج:المحكم — المعاني,roots-4662:مرج:مقاييس — المحور,roots-4662:مرج:الأساس — المجاز,مَرْج,APPROVED,,L2_017 haiku b10
AR05420,غيضة,اسم جامد,193,3478,غيضة مجموعة,غيض,,roots-4662:غيض:المحكم — المعاني,roots-4662:غيض:مقاييس — المحور,roots-4662:غيض:الأساس — المجاز,غيضة,APPROVED,فَيْعَة,L2_017 haiku b10 | FLAGS: UNVOCALIZED;WAZN_NOT_IN_INV
AR05421,فَسْحَة,اسم جامد,193,3479,فسحة مفتوحة,فسح,فَعْلَةٌ,roots-4662:فسح:المحكم — المعاني,roots-4662:فسح:مقاييس — المحور,,فَسْحَة,APPROVED,,L2_017 haiku b10
AR05422,تُندْرَا,اسم جامد,193,3480,تندرا متجمدة,تندر,,,,,تُندْرَا,APPROVED,فُنْدْرَا,L2_017 haiku b10 | FLAGS: WAZN_NOT_IN_INV
AR05423,تَيغَا,اسم جامد,193,3481,التيغا غابة,تيغ,فِعَالَةٌ,,,,تَيغَا,APPROVED,,L2_017 haiku b10 | FLAGS: AL_STRIPPED
AR05424,فِين,اسم جامد,193,3484,فين موحلة,فين,فِعْلٌ,roots-4662:فين:المحكم — المعاني,roots-4662:فين:مقاييس — النص,,فِين,APPROVED,,L2_017 haiku b10
AR05427,سَافَنَّا,اسم جامد,193,3489;3492,سافنا عشبي,سافن,,,,,سَافَنَّا,APPROVED,فَاعَلَّا,L2_017 haiku b10 | FLAGS: ROOT_ALIF;WAZN_NOT_IN_INV
AR05428,هَضْبَة,اسم جامد,193,3490,هضبة مرتفعة,هضب,فَعْلَةٌ,roots-4662:هضب:المحكم — المعاني,roots-4662:هضب:مقاييس — المحور,roots-4662:هضب:الأساس — المجاز,هَضْبَة,APPROVED,,L2_017 haiku b10
AR05429,رُطوبة,اسم جامد,193,3493,رطوبة موحلة,رطب,,roots-4662:رطب:المحكم — المعاني,roots-4662:رطب:مقاييس — المحور,roots-4662:رطب:الأساس — المجاز,رُطوبة,APPROVED,فُعولَة,L2_017 haiku b10 | FLAGS: WAZN_NOT_IN_INV
AR05431,بُستَان,اسم جامد,193,3704,بستان صغير,بست,فُعْلانٌ,v21:بست:المحكم — المعاني,,,بُستَان,APPROVED,,L2_017 haiku b10
AR05432,رَوْشَنَة,اسم جامد,193,14498,روشنة طبيعية,روشن,فَعْلَنَةٌ,,,,رَوْشَنَة,APPROVED,,L2_017 haiku b10
AR05433,واحة,اسم جامد,193,14627,واحة خضراء,وحي,فَاعِلَةٌ,roots-4662:وحي:المحكم — المعاني,roots-4662:وحي:مقاييس — المحور,,واحة,APPROVED,,L2_017 haiku b10 | FLAGS: UNVOCALIZED
AR05435,سِيْر,اسم جامد,194,3709;3717;3731,حبل أو جديلة لربط الحذاء,سير,فِعْلٌ,roots-4662:سير:المحكم — المعاني,roots-4662:سير:مقاييس — المحور,,سِيْر,APPROVED,,L2_017 haiku b11 | FLAGS: ROOT_NORMALIZED
AR05437,رِبَاط,اسم جامد,194,3711,حبل أو شريط لربط الحذاء,ربط,فِعَالٌ,roots-4662:ربط:المحكم — المعاني,roots-4662:ربط:مقاييس — المحور,roots-4662:ربط:الأساس — المجاز,رِبَاط,APPROVED,,L2_017 haiku b11 | FLAGS: ROOT_NORMALIZED
AR05438,زِرّ,اسم جامد,194,3712;3716;3984,قطعة صغيرة مخيطة على الملبس,زرر,فِعْلٌ,roots-4662:زرر:المحكم — المعاني,roots-4662:زرر:مقاييس — المحور,roots-4662:زرر:الأساس — المجاز,زِرّ,APPROVED,,L2_017 haiku b11 | FLAGS: ROOT_NORMALIZED;WAZN_LEMMA_MISMATCH
AR05440,إِبْزِيم,اسم جامد,194,3715;3767,مشبك بإبرة للحزام,بزم,إِفْعِيلٌ,v21:بزم:المحكم — المعاني,v21:بزم:مقاييس — المحور,,إِبْزِيم,APPROVED,,L2_017 haiku b11 | FLAGS: ROOT_NORMALIZED
AR05441,يَقَة,اسم جامد,194,3718,شريط حول عنق الملبس,يقي,فَعَةٌ,,,,يَقَة,APPROVED,,L2_017 haiku b11 | FLAGS: ROOT_NORMALIZED
AR05443,كُمّ,اسم جامد,194,3720,الجزء الذي يغطي الذراع,كمم,فُعْلٌ,roots-4662:كمم:المحكم — المعاني,roots-4662:كمم:مقاييس — المحور,,كُمّ,APPROVED,,L2_017 haiku b11 | FLAGS: ROOT_NORMALIZED;WAZN_LEMMA_MISMATCH
AR05444,رِسْغ,اسم جامد,194,3721,نهاية الكم عند المعصم,رسغ,فِعْلٌ,roots-4662:رسغ:المحكم — المعاني,roots-4662:رسغ:مقاييس — النص,roots-4662:رسغ:الأساس — المجاز,رِسْغ,APPROVED,,L2_017 haiku b11 | FLAGS: ROOT_NORMALIZED
AR05445,خَصْر,اسم جامد,194,3722;3998,جزء الملبس عند الخصر,خصر,فَعْلٌ,roots-4662:خصر:المحكم — المعاني,roots-4662:خصر:مقاييس — المحور,roots-4662:خصر:الأساس — المجاز,خَصْر,APPROVED,,L2_017 haiku b11 | FLAGS: ROOT_NORMALIZED
AR05450,مَقْعَد,اسم مكان,194,3727,جزء الملبس على الأرداف,قعد,مَفْعَلٌ,roots-4662:قعد:المحكم — المعاني,roots-4662:قعد:مقاييس — المحور,roots-4662:قعد:الأساس — المجاز,مَقْعَد,APPROVED,,L2_017 haiku b11 | FLAGS: ROOT_NORMALIZED
AR05451,سَاق,اسم جامد,194,3729,جزء الملبس على الرجل,سوق,فَاعِلٌ,roots-4662:سوق:المحكم — المعاني,roots-4662:سوق:مقاييس — المحور,roots-4662:سوق:الأساس — المجاز,سَاق,APPROVED,,L2_017 haiku b11 | FLAGS: ROOT_NORMALIZED
AR05453,قُنَّة,اسم جامد,194,3732,غطاء رأس متصل,قنن,,roots-4662:قنن:المحكم — المعاني,roots-4662:قنن:مقاييس — النص,roots-4662:قنن:الأساس — المجاز,قُنَّة,APPROVED,فُعَّة,L2_017 haiku b11 | FLAGS: ROOT_NORMALIZED;WAZN_NOT_IN_INV
AR05455,تَنُّورَة,اسم جامد,194,3734,جزء الثوب تحت الخصر,نور,,roots-4662:نور:المحكم — المعاني,roots-4662:نور:مقاييس — المحور,,تَنُّورَة,APPROVED,تَفَعِّلَة,L2_017 haiku b11 | FLAGS: ROOT_NORMALIZED;WAZN_NOT_IN_INV
AR05456,دِرْع,اسم جامد,194,3735,قطعة حماية معدنية,درع,فِعْلٌ,roots-4662:درع:المحكم — المعاني,roots-4662:درع:مقاييس — المحور,,دِرْع,APPROVED,,L2_017 haiku b11 | FLAGS: ROOT_NORMALIZED
AR05458,خِيَاطَة,اسم جامد,194,3909,خط بين قطع القماش,خيط,فِعَالَةٌ,roots-4662:خيط:المحكم — المعاني,roots-4662:خيط:مقاييس — المحور,roots-4662:خيط:الأساس — المجاز,خِيَاطَة,APPROVED,,L2_017 haiku b11 | FLAGS: ROOT_NORMALIZED
AR05459,فَتْحَة,اسم مرة,194,3910,فتحة صغيرة في الملبس,فتح,فَعْلَةٌ,roots-4662:فتح:المحكم — المعاني,roots-4662:فتح:مقاييس — المحور,roots-4662:فتح:الأساس — المجاز,فَتْحَة,APPROVED,,L2_017 haiku b11 | FLAGS: ROOT_NORMALIZED
AR05460,وَسْم,اسم جامد,194,3982,علامة حروف متشابكة,وسم,فَعْلٌ,roots-4662:وسم:المحكم — المعاني,roots-4662:وسم:مقاييس — المحور,roots-4662:وسم:الأساس — المجاز,وَسْم,APPROVED,,L2_017 haiku b11 | FLAGS: ROOT_NORMALIZED
AR05461,فَتْحَة,اسم جامد,194,3983,فتحة عنق منخفضة,فتح,فَعْلَةٌ,roots-4662:فتح:المحكم — المعاني,roots-4662:فتح:مقاييس — المحور,roots-4662:فتح:الأساس — المجاز,فَتْحَة,APPROVED,,L2_017 haiku b11 | FLAGS: ROOT_NORMALIZED
AR05462,حاشِيَة,اسم جامد,194,3985,حافة الملبس المطوية,حشي,,,,,حاشِيَة,APPROVED,فاعِيَة,L2_017 haiku b11 | FLAGS: ROOT_NORMALIZED;WAZN_NOT_IN_INV
AR05463,نِعْل,اسم جامد,194,3991,قطعة ناعمة داخل الحذاء,نعل,فِعْلٌ,roots-4662:نعل:المحكم — المعاني,roots-4662:نعل:مقاييس — المحور,roots-4662:نعل:الأساس — المجاز,نِعْل,APPROVED,,L2_017 haiku b11 | FLAGS: ROOT_NORMALIZED
AR05464,نَعْل,اسم جامد,194,4001,جزء الحذاء السفلي,نعل,فَعْلٌ,roots-4662:نعل:المحكم — المعاني,roots-4662:نعل:مقاييس — المحور,roots-4662:نعل:الأساس — المجاز,نَعْل,APPROVED,,L2_017 haiku b11 | FLAGS: ROOT_NORMALIZED
AR05466,رِبْطَة,اسم جامد,194,4057,شريط حول العنق,ربط,فِعْلَةٌ,roots-4662:ربط:المحكم — المعاني,roots-4662:ربط:مقاييس — المحور,roots-4662:ربط:الأساس — المجاز,رِبْطَة,APPROVED,,L2_017 haiku b11 | FLAGS: ROOT_NORMALIZED
AR05467,إِمَارَة,اسم جامد,195,3681;3689,إقليم يحكمه أمير,مرا,إِفَالَةٌ,,,,إِمَارَة,APPROVED,,L2_017 haiku b11 | FLAGS: ROOT_ALIF;ROOT_NORMALIZED
AR05468,إِقْلِيم,اسم جامد,195,3682,منطقة تحت سلطة واحدة,قلم,إِفْعِيلٌ,roots-4662:قلم:المحكم — المعاني,roots-4662:قلم:مقاييس — المحور,roots-4662:قلم:الأساس — المجاز,إِقْلِيم,APPROVED,,L2_017 haiku b11 | FLAGS: ROOT_NORMALIZED
AR05469,دَوْلَة,اسم جامد,195,3683;3688,جماعة منظمة تحت حكومة,دول,فَعْلَةٌ,roots-4662:دول:المحكم — المعاني,roots-4662:دول:مقاييس — المحور,,دَوْلَة,APPROVED,,L2_017 haiku b11 | FLAGS: ROOT_NORMALIZED
AR05470,وِلَايَة,اسم جامد,195,3684;16339,قسم إداري من دولة,ولي,فِعَالَةٌ,roots-4662:ولي:المحكم — المعاني,roots-4662:ولي:مقاييس — المحور,roots-4662:ولي:الأساس — المجاز,وِلَايَة,APPROVED,,L2_017 haiku b11 | FLAGS: ROOT_NORMALIZED
AR05471,دوقِيَّة,اسم جامد,195,3685,إقليم يحكمه دوق,دوق,فُعْلِيَّةٌ,roots-4662:دوق:المحكم — المعاني,roots-4662:دوق:مقاييس — النص,,دوقِيَّة,APPROVED,,L2_017 haiku b11 | FLAGS: ROOT_NORMALIZED
AR05472,كُنْتِيَّة,اسم جامد,195,3686,حكم نائب الكونت,كنت,فُعْتِيَّةٌ,,roots-4662:كنت:مقاييس — النص,,كُنْتِيَّة,APPROVED,,L2_017 haiku b11 | FLAGS: ROOT_NORMALIZED
AR05474,مَدِينَة,اسم جامد,195,3690;3691;3764,مدينة بحكومة محلية,دين,مَفْعَلَةٌ,roots-4662:دين:المحكم — المعاني,roots-4662:دين:مقاييس — المحور,,مَدِينَة,APPROVED,,L2_017 haiku b11 | FLAGS: ROOT_NORMALIZED
AR05475,مَمْلَكَة,اسم جامد,195,3692;3693,دولة يحكمها ملك,ملك,مَفْعَلَةٌ,roots-4662:ملك:المحكم — المعاني,roots-4662:ملك:مقاييس — المحور,roots-4662:ملك:الأساس — المجاز,مَمْلَكَة,APPROVED,,L2_017 haiku b11 | FLAGS: ROOT_NORMALIZED
AR05479,فِدْرَالِي,اسم منسوب,195,10234,متعلق بنظام فيدرالي,,,,,,فِدْرَالِي,APPROVED,,L2_017 haiku b11 | FLAGS: ROOT_MISSING;WAZN_MISSING
AR05481,أَسْقُفِيَّة,اسم جامد,195,10237,إقليم تحت أسقف,سقف,,roots-4662:سقف:المحكم — المعاني,roots-4662:سقف:مقاييس — المحور,roots-4662:سقف:الأساس — المجاز,أَسْقُفِيَّة,APPROVED,أَفْعُلِيَّة,L2_017 haiku b11 | FLAGS: ROOT_NORMALIZED;WAZN_NOT_IN_INV
AR05482,دَوْلِي,اسم منسوب,195,10238;13543,متعلق بدول متعددة,دول,,roots-4662:دول:المحكم — المعاني,roots-4662:دول:مقاييس — المحور,,دَوْلِي,APPROVED,فَعَلِي,L2_017 haiku b11 | FLAGS: ROOT_NORMALIZED;WAZN_NOT_IN_INV
AR05483,مَحَلِّي,اسم منسوب,195,10239,متعلق بمنطقة محدودة,محل,,roots-4662:محل:المحكم — المعاني,roots-4662:محل:مقاييس — النص,roots-4662:محل:الأساس — المجاز,مَحَلِّي,APPROVED,مَفْعَلِي,L2_017 haiku b11 | FLAGS: ROOT_NORMALIZED;WAZN_LEMMA_MISMATCH;WAZN_NOT_IN_INV
AR05484,مِنْطَقَة,اسم جامد,195,10240,منطقة جغرافية,نطق,فِعْلَةٌ,roots-4662:نطق:المحكم — المعاني,roots-4662:نطق:مقاييس — المحور,roots-4662:نطق:الأساس — المجاز,مِنْطَقَة,APPROVED,,L2_017 haiku b11 | FLAGS: ROOT_NORMALIZED;WAZN_LEMMA_MISMATCH
AR05486,وَطَنِي,اسم منسوب,195,10243,تابع للحكومة,وطن,,roots-4662:وطن:المحكم — المعاني,roots-4662:وطن:مقاييس — النص,roots-4662:وطن:الأساس — المجاز,وَطَنِي,APPROVED,فَاعَلِي,L2_017 haiku b11 | FLAGS: ROOT_NORMALIZED;WAZN_NOT_IN_INV
AR05487,إِمْبِرَاطُورِيَّة,اسم جامد,195,11051,مجموعة دول تحت إمبراطور,مبر,,,,,إِمْبِرَاطُورِيَّة,APPROVED,إِفْعَالُورِيَّة,L2_017 haiku b11 | FLAGS: ROOT_NORMALIZED;WAZN_LEMMA_MISMATCH;WAZN_NOT_IN_INV
AR05488,قَرْيَة,اسم جامد,195,11299,تجمع سكني صغير,قري,فَعْلَةٌ,roots-4662:قري:المحكم — المعاني,roots-4662:قري:مقاييس — المحور,,قَرْيَة,APPROVED,,L2_017 haiku b11 | FLAGS: ROOT_NORMALIZED
AR05490,مِحَافِظ,اسم جامد,195,14551,منطقة محددة من المدينة,محف,,,,,مِحَافِظ,APPROVED,فِعَالِل,L2_017 haiku b11 | FLAGS: ROOT_NORMALIZED;WAZN_LEMMA_MISMATCH;WAZN_NOT_IN_INV
AR05491,إِقْطَاعَة,اسم جامد,195,14834,أرض لشخص موال,قطع,إِفْعَالَةٌ,roots-4662:قطع:المحكم — المعاني,roots-4662:قطع:مقاييس — المحور,roots-4662:قطع:الأساس — المجاز,إِقْطَاعَة,APPROVED,,L2_017 haiku b11 | FLAGS: ROOT_NORMALIZED
AR05493,وِلَائِي,اسم منسوب,195,16445,متعلق بولاية,ولي,,roots-4662:ولي:المحكم — المعاني,roots-4662:ولي:مقاييس — المحور,roots-4662:ولي:الأساس — المجاز,وِلَائِي,APPROVED,فِعَائِي,L2_017 haiku b11 | FLAGS: ROOT_NORMALIZED;WAZN_NOT_IN_INV
AR05494,إِقْلِيمِي,اسم منسوب,195,16771,متعلق بإقليم,قلم,,roots-4662:قلم:المحكم — المعاني,roots-4662:قلم:مقاييس — المحور,roots-4662:قلم:الأساس — المجاز,إِقْلِيمِي,APPROVED,إِفْعِيلِي,L2_017 haiku b11 | FLAGS: ROOT_NORMALIZED;WAZN_NOT_IN_INV
AR05495,نَاحِيَة,اسم جامد,195,17639,منطقة قروية,نيح,,roots-4662:نيح:المحكم — المعاني,roots-4662:نيح:مقاييس — النص,,نَاحِيَة,APPROVED,فاعِيَة,L2_017 haiku b11 | FLAGS: ROOT_NORMALIZED;WAZN_NOT_IN_INV
AR05496,فِعْل,اسم جامد,198,10611;13488,شيء منفذ أو إجراء,فعل,فِعْلٌ,roots-4662:فعل:المحكم — المعاني,roots-4662:فعل:مقاييس — المحور,,فِعْل,APPROVED,,L2_017 haiku b11 | FLAGS: ROOT_NORMALIZED
AR05497,فَعَلَ,فعل,198,10612,قام بتنفيذ عمل,فعل,فَعَلَ,roots-4662:فعل:المحكم — المعاني,roots-4662:فعل:مقاييس — المحور,,فَعَلَ,APPROVED,,L2_017 haiku b11 | FLAGS: ROOT_NORMALIZED
AR05498,خُطْوَة,اسم جامد,198,10613;14600,إجراء في سلسلة,خطو,فُعْلَةٌ,roots-4662:خطو:المحكم — المعاني,roots-4662:خطو:مقاييس — المحور,roots-4662:خطو:الأساس — المجاز,خُطْوَة,APPROVED,,L2_017 haiku b11 | FLAGS: ROOT_NORMALIZED
AR05500,نَشَاط,اسم جامد,198,10615;10616,أنشطة وأعمال,نشط,فَعَالٍ,roots-4662:نشط:المحكم — المعاني,roots-4662:نشط:مقاييس — المحور,roots-4662:نشط:الأساس — المجاز,نَشَاط,APPROVED,,L2_017 haiku b11 | FLAGS: ROOT_NORMALIZED
AR05502,نَفَّذَ,فعل,198,11705,قام بتنفيذ مهمة,نفذ,فَعَّلَ,roots-4662:نفذ:المحكم — المعاني,roots-4662:نفذ:مقاييس — المحور,roots-4662:نفذ:الأساس — المجاز,نَفَّذَ,APPROVED,,L2_017 haiku b11 | FLAGS: ROOT_NORMALIZED
AR05507,فاعِل,اسم فاعل,198,14863,الشخص الذي يعمل,فعل,فَاعِلٌ,roots-4662:فعل:المحكم — المعاني,roots-4662:فعل:مقاييس — المحور,,فاعِل,APPROVED,,L2_017 haiku b11 | FLAGS: ROOT_NORMALIZED
AR05510,عِنْد,حرف,199,6735,يعبر عن موقع ما,,,,,,عِنْد,APPROVED,,L2_017 haiku b11
AR05511,عَبْرَ,حرف,199,6752;15334,من جانب إلى آخر,,,,,,عَبْرَ,APPROVED,,L2_017 haiku b11 | FLAGS: ROOT_NORMALIZED;ROOT_WAZN_CLEARED_NO_ROOT_POS
AR05512,فَوْق,حرف,199,6758,في مستوى أعلى,,,,,,فَوْق,APPROVED,,L2_017 haiku b11 | FLAGS: ROOT_NORMALIZED;ROOT_WAZN_CLEARED_NO_ROOT_POS
AR05513,وَرَاء,حرف,199,6761,في الجانب الآخر,,,,,,وَرَاء,APPROVED,,L2_017 haiku b11 | FLAGS: ROOT_NORMALIZED;ROOT_WAZN_CLEARED_NO_ROOT_POS
AR05514,عَلَى,حرف,199,6765,ممتد على خط,,,,,,عَلَى,APPROVED,,L2_017 haiku b11 | FLAGS: ROOT_NORMALIZED;ROOT_WAZN_CLEARED_NO_ROOT_POS
AR05515,إِلَى أَعْلَى,حرف,199,6767,من نقطة منخفضة,,,,,,إِلَى أَعْلَى,APPROVED,,L2_017 haiku b11 | FLAGS: ROOT_NORMALIZED;ROOT_WAZN_CLEARED_NO_ROOT_POS
AR05516,لِأَسْفَل,حرف,199,6768,نحو مكان منخفض,,,,,,لِأَسْفَل,APPROVED,,L2_017 haiku b11
AR05517,فَارِسِي,اسم فاعل,199,7714,بساق على كل جانب,فرس,فَاعِلٌ,,roots-4662:فرس:مقاييس — المحور,,فَارِسِي,APPROVED,,L2_017 haiku b11 | FLAGS: ROOT_NORMALIZED
AR05518,فِي كُل مَكَان,ظرف,199,10883;14102,على المساحة كاملة,,,,,,فِي كُل مَكَان,APPROVED,,L2_017 haiku b11 | FLAGS: ROOT_MISSING;WAZN_MISSING
AR05521,بِقُرْب,حرف,199,13764,على مسافة قصيرة,,,,,,بِقُرْب,APPROVED,,L2_017 haiku b11 | FLAGS: ROOT_NORMALIZED;ROOT_WAZN_CLEARED_NO_ROOT_POS
AR05522,تَحْتَانِي,اسم منسوب,199,13961,أسفل سطح الأرض,,,,,,تَحْتَانِي,APPROVED,,L2_017 haiku b11 | FLAGS: ROOT_MISSING;WAZN_MISSING
AR05523,فَوْقَانِي,اسم منسوب,199,13962,فوق سطح الأرض,,,,,,فَوْقَانِي,APPROVED,,L2_017 haiku b11 | FLAGS: ROOT_MISSING;WAZN_MISSING
AR05524,تَحْتَ الأَرْض,ظرف,199,14061,نحو مكان تحت,,,,,,تَحْتَ الأَرْض,APPROVED,,L2_017 haiku b11 | FLAGS: ROOT_MISSING;WAZN_MISSING
AR05525,فِي مَكَان آخَر,ظرف,199,14172,في مكان مختلف,,,,,,فِي مَكَان آخَر,APPROVED,,L2_017 haiku b11 | FLAGS: ROOT_MISSING;WAZN_MISSING
AR05526,هُنَا,ظرف,199,14175,في هذا الموقع,,,,,,هُنَا,APPROVED,,L2_017 haiku b11 | FLAGS: ROOT_MISSING;WAZN_MISSING
AR05527,مُحِيط,اسم فاعل,199,14302,يحيط بمنطقة,حيط,,,v21:حيط:مقاييس — النص,,مُحِيط,APPROVED,مُفِعِل,L2_017 haiku b11 | FLAGS: ROOT_NORMALIZED;WAZN_NOT_IN_INV
AR05529,نَائِي,اسم فاعل,199,14374,بعيد ومعزول,نوي,فَاعِلٌ,,roots-4662:نوي:مقاييس — المحور,roots-4662:نوي:الأساس — المجاز,نَائِي,APPROVED,,L2_017 haiku b11 | FLAGS: ROOT_NORMALIZED
AR05530,شِمَال,حرف,199,14396,نحو الشمال,,,,,,شِمَال,APPROVED,,L2_017 haiku b11 | FLAGS: ROOT_NORMALIZED;ROOT_WAZN_CLEARED_NO_ROOT_POS
AR05531,جَنُوب,حرف,199,14397,نحو الجنوب,,,,,,جَنُوب,APPROVED,,L2_017 haiku b11 | FLAGS: ROOT_NORMALIZED;ROOT_WAZN_CLEARED_NO_ROOT_POS
AR05532,خَارِج,حرف,199,14398,بعيداً عن المقر,,,,,,خَارِج,APPROVED,,L2_017 haiku b11 | FLAGS: ROOT_NORMALIZED;ROOT_WAZN_CLEARED_NO_ROOT_POS
AR05533,غَرْب,حرف,199,14415,نحو الغرب,,,,,,غَرْب,APPROVED,,L2_017 haiku b11 | FLAGS: ROOT_NORMALIZED;ROOT_WAZN_CLEARED_NO_ROOT_POS
AR05534,مَوْجُود فِي كُل مَكَان,صفة مشبهة,199,14473,موجود في كل الأماكن,,,,,,مَوْجُود فِي كُل مَكَان,APPROVED,,L2_017 haiku b11 | FLAGS: ROOT_MISSING;WAZN_MISSING
AR05535,هُنَاك,ظرف,199,14589,في مكان بعيد,,,,,,هُنَاك,APPROVED,,L2_017 haiku b11 | FLAGS: ROOT_MISSING;WAZN_MISSING
AR05536,سَاحِلِي,اسم منسوب,199,14619,قريب من شاطئ,سحل,,roots-4662:سحل:المحكم — المعاني,roots-4662:سحل:مقاييس — المحور,roots-4662:سحل:الأساس — المجاز,سَاحِلِي,APPROVED,فاعِلِي,L2_017 haiku b11 | FLAGS: ROOT_NORMALIZED;WAZN_NOT_IN_INV
AR05537,دَاخِلِي,اسم منسوب,199,14620,في الداخل عن ساحل,دخل,,roots-4662:دخل:المحكم — المعاني,roots-4662:دخل:مقاييس — المحور,,دَاخِلِي,APPROVED,فاعِلِي,L2_017 haiku b11 | FLAGS: ROOT_NORMALIZED;WAZN_NOT_IN_INV
AR05538,بَعْد,حرف,199,14634,بعد الحدث,,,,,,بَعْد,APPROVED,,L2_017 haiku b11 | FLAGS: ROOT_NORMALIZED;ROOT_WAZN_CLEARED_NO_ROOT_POS
AR05539,إِلَى,حرف,199,14798,في اتجاه ما,,,,,,إِلَى,APPROVED,,L2_017 haiku b11
AR05540,جَنُوب شَرْق,ظرف,199,14814,نحو الجهة الجنوبية الشرقية,,,,,,جَنُوب شَرْق,APPROVED,,L2_017 haiku b11 | FLAGS: ROOT_MISSING;WAZN_MISSING
AR05541,قارّة,اسم جامد,199,15076,الجزء الرئيسي,قار,,,,,قارّة,APPROVED,فاعِيَة,L2_017 haiku b11 | FLAGS: ROOT_ALIF;ROOT_NORMALIZED;WAZN_NOT_IN_INV
AR05542,لَامَسَ,فعل,199,15622,يكون متماساً جسدياً,لمس,فَعَلَ,roots-4662:لمس:المحكم — المعاني,roots-4662:لمس:مقاييس — المحور,roots-4662:لمس:الأساس — المجاز,لَامَسَ,APPROVED,,L2_017 haiku b11 | FLAGS: ROOT_NORMALIZED
AR05543,أَحَاطَ,فعل,199,15673,يحيط من الجوانب,حيط,أَفْعَلَ,,v21:حيط:مقاييس — النص,,أَحَاطَ,APPROVED,,L2_017 haiku b11 | FLAGS: ROOT_NORMALIZED
AR05544,جَنُوب غَرْب,ظرف,199,17881,نحو الجهة الجنوبية الغربية,,,,,,جَنُوب غَرْب,APPROVED,,L2_017 haiku b11 | FLAGS: ROOT_MISSING;WAZN_MISSING
AR05545,شَمَال شَرْق,ظرف,199,17882,نحو الجهة الشمالية الشرقية,,,,,,شَمَال شَرْق,APPROVED,,L2_017 haiku b11 | FLAGS: ROOT_MISSING;WAZN_MISSING
AR05546,شَمَال غَرْب,ظرف,199,17883,نحو الجهة الشمالية الغربية,,,,,,شَمَال غَرْب,APPROVED,,L2_017 haiku b11 | FLAGS: ROOT_MISSING;WAZN_MISSING
AR05547,مُحَاكَمَة,اسم جامد,201,8820,فحص للأدلة,محك,مُفَاعَلَةٌ,roots-4662:محك:المحكم — المعاني,roots-4662:محك:مقاييس — النص,,مُحَاكَمَة,APPROVED,,L2_017 haiku b11 | FLAGS: ROOT_NORMALIZED;WAZN_LEMMA_MISMATCH
AR05548,قَضِيَّة,اسم جامد,201,8830,حادثة تحت التحقيق,قضي,فَعِيلَةٌ,roots-4662:قضي:المحكم — المعاني,roots-4662:قضي:مقاييس — المحور,roots-4662:قضي:الأساس — المجاز,قَضِيَّة,APPROVED,,L2_017 haiku b11 | FLAGS: ROOT_NORMALIZED
AR05550,اِلْتَقَطَ,فعل,202,5673,أمسك أثناء عمل,لقط,اِفْتَعَلَ,roots-4662:لقط:المحكم — المعاني,roots-4662:لقط:مقاييس — المحور,roots-4662:لقط:الأساس — المجاز,اِلْتَقَطَ,APPROVED,,L2_017 haiku b11 | FLAGS: ROOT_NORMALIZED
AR05551,قَبَضَ,فعل,202,5675;5677,أمسك بمجرم,قبض,فَعَلَ,roots-4662:قبض:المحكم — المعاني,roots-4662:قبض:مقاييس — المحور,roots-4662:قبض:الأساس — المجاز,قَبَضَ,APPROVED,,L2_017 haiku b11 | FLAGS: ROOT_NORMALIZED
AR05553,مَداهَمَة,اسم جامد,202,5679,عملية بحث,مده,,roots-4662:مده:المحكم — المعاني,roots-4662:مده:مقاييس — النص,,مَداهَمَة,APPROVED,مَفَاعَلَة,L2_017 haiku b11 | FLAGS: ROOT_NORMALIZED;WAZN_LEMMA_MISMATCH;WAZN_NOT_IN_INV
AR05554,دَوَّنَ,فعل,202,7900,سجل رسمياً,دون,فَعَّلَ,roots-4662:دون:المحكم — المعاني,roots-4662:دون:مقاييس — المحور,,دَوَّنَ,APPROVED,,L2_017 haiku b11 | REDRAFT sonnet L2_027 (root) | L2_028
AR05557,مَسَار,اسم جامد,203,3773;3787;3795;3796;3798;3801,ممر للمشي,مسر,,roots-4662:مسر:المحكم — المعاني,,,مَسَار,APPROVED,مَفْعَال,L2_017 haiku b11 | FLAGS: ROOT_NORMALIZED;WAZN_LEMMA_MISMATCH;WAZN_NOT_IN_INV
AR05559,شَارِع عَرِيض,تركيب,203,3776,مسار عريض بأشجار,,,,,,شَارِع عَرِيض,APPROVED,,L2_017 haiku b11
AR05560,طَرِيق رَئِيسِيَّة,تركيب,203,3777,مسار مهم,,,,,,طَرِيق رَئِيسِيَّة,APPROVED,,L2_017 haiku b11
AR05561,طَرِيق سَرِيعَة,تركيب,203,3778;3793,طريق للنقل السريع,,,,,,طَرِيق سَرِيعَة,APPROVED,,L2_017 haiku b11
AR05562,طَرِيق سِريعَة حَضَرِيَّة,تركيب,203,3779,طريق سريعة,,,,,,طَرِيق سِريعَة حَضَرِيَّة,APPROVED,,L2_017 haiku b11
AR05563,طَرِيق سِريعَة,تركيب,203,3780,طريق متعدد الممرات,,,,,,طَرِيق سِريعَة,APPROVED,,L2_017 haiku b11
AR05564,رَصِيف,اسم جامد,203,3781;3782,ممر للمشاة,رصف,فَعِيلٌ,roots-4662:رصف:المحكم — المعاني,roots-4662:رصف:مقاييس — المحور,roots-4662:رصف:الأساس — المجاز,رَصِيف,APPROVED,,L2_017 haiku b11 | FLAGS: ROOT_NORMALIZED
AR05565,مَمَرّ,اسم جامد,203,3783,ممر تحت الأرض,ممر,مَفْعَلٌ,,,,مَمَرّ,APPROVED,,L2_017 haiku b11 | FLAGS: ROOT_NORMALIZED;WAZN_LEMMA_MISMATCH
AR05567,سِكَّة,اسم جامد,203,3785;3786;14493,مسار للقطارات,سكك,,roots-4662:سكك:المحكم — المعاني,roots-4662:سكك:مقاييس — المحور,roots-4662:سكك:الأساس — المجاز,سِكَّة,APPROVED,فِعَّة,L2_017 haiku b11 | REDRAFT sonnet L2_027 (root) | L2_028
AR05568,خَط,اسم جامد,203,3788,مسار الخط,خطط,فَعْلٌ,roots-4662:خطط:المحكم — المعاني,roots-4662:خطط:مقاييس — المحور,roots-4662:خطط:الأساس — المجاز,خَط,APPROVED,,L2_017 haiku b11 | FLAGS: ROOT_NORMALIZED;WAZN_LEMMA_MISMATCH
AR05570,نَفَق,اسم جامد,203,3791,ممر تحت الأرض,نفق,فَعَلٌ,roots-4662:نفق:المحكم — المعاني,roots-4662:نفق:مقاييس — المحور,roots-4662:نفق:الأساس — المجاز,نَفَق,APPROVED,,L2_017 haiku b11 | FLAGS: ROOT_NORMALIZED
AR05571,زُقَاق,اسم جامد,203,3794;7134,طريق ضيقة,زقق,فُعَالٌ,roots-4662:زقق:المحكم — المعاني,roots-4662:زقق:مقاييس — المحور,roots-4662:زقق:الأساس — المجاز,زُقَاق,APPROVED,,L2_017 haiku b11 | FLAGS: ROOT_NORMALIZED
AR05572,مَمْشَى,اسم جامد,203,3800,ممر المشي,مشي,مَفْعَلٌ,roots-4662:مشي:المحكم — المعاني,roots-4662:مشي:مقاييس — المحور,roots-4662:مشي:الأساس — المجاز,مَمْشَى,APPROVED,,L2_017 haiku b11 | FLAGS: ROOT_NORMALIZED
AR05573,مَدْخَل,اسم جامد,203,7135,طريق خاصة,دخل,مَفْعَلٌ,roots-4662:دخل:المحكم — المعاني,roots-4662:دخل:مقاييس — المحور,,مَدْخَل,APPROVED,,L2_017 haiku b11 | FLAGS: ROOT_NORMALIZED
AR05574,مَدْرَج,اسم مكان,203,7137,ممر للطائرات,درج,مَفْعَلٌ,roots-4662:درج:المحكم — المعاني,roots-4662:درج:مقاييس — المحور,roots-4662:درج:الأساس — المجاز,مَدْرَج,APPROVED,,L2_017 haiku b11 | REDRAFT sonnet L2_027 (root) | L2_028
AR05577,مُدْمِن,اسم فاعل,213,3810;3811;3814;3817;13509,شخص مدمن,دمن,مُفْعِلٌ,roots-4662:دمن:المحكم — المعاني,roots-4662:دمن:مقاييس — المحور,roots-4662:دمن:الأساس — المجاز,مُدْمِن,APPROVED,,L2_017 haiku b11 | REDRAFT sonnet L2_027 (root) | L2_028
AR05578,إِدْمَان,مصدر,213,3812,الاعتماد الشديد,دمن,إِفْعَالٌ,roots-4662:دمن:المحكم — المعاني,roots-4662:دمن:مقاييس — المحور,roots-4662:دمن:الأساس — المجاز,إِدْمَان,APPROVED,,"L2_017 haiku b11 | REDRAFT sonnet L2_027 (pos,root) | L2_028"
AR05579,قَهْرِيّ,اسم منسوب,213,3813,ناتج عن دافع,قهر,فَعْلِيٌّ,roots-4662:قهر:المحكم — المعاني,roots-4662:قهر:مقاييس — النص,roots-4662:قهر:الأساس — المجاز,قَهْرِيّ,APPROVED,,"L2_017 haiku b11 | REDRAFT sonnet L2_027 (lemma,pos,wazn,root) | L2_028"
AR05581,مَخْمُور,اسم مفعول,214,3820;3821;12947,تحت تأثير مادة,خمر,مَفْعُولٌ,roots-4662:خمر:المحكم — المعاني,roots-4662:خمر:مقاييس — المحور,roots-4662:خمر:الأساس — المجاز,مَخْمُور,APPROVED,,L2_017 haiku b11 | REDRAFT sonnet L2_027 (root) | L2_028
AR05582,سَكْرَان,صفة مشبهة,214,3822;3827;3829;3922;12945;12946,فاقد التحكم,سكر,فَعْلانُ,roots-4662:سكر:المحكم — المعاني,roots-4662:سكر:مقاييس — المحور,,سَكْرَان,APPROVED,,L2_017 haiku b11 | REDRAFT sonnet L2_027 (root) | L2_028
AR05583,ثَمِل,صفة مشبهة,214,3824,متأثر بالشراب فقد اتزانه,ثمل,فَعِلٌ,v21:ثمل:المحكم — المعاني,v21:ثمل:مقاييس — المحور,v21:ثمل:الأساس — المجاز,ثَمِل,APPROVED,,"L2_017 haiku b11 | REDRAFT sonnet L2_027 (lemma,pos,root,wazn,definition) | L2_028"
AR05585,نَشْوَان,صفة مشبهة,214,3828,في سكر خفيف,نشو,فَعْلانُ,roots-4662:نشو:المحكم — المعاني,,roots-4662:نشو:الأساس — المجاز,نَشْوَان,APPROVED,,L2_017 haiku b11 | REDRAFT sonnet L2_027 (root) | L2_028
AR05586,هَلْوَسَة,مصدر,214,7038,تجربة هلوسية,هلوس,فَعْلَلَةٌ,,,,هَلْوَسَة,APPROVED,,"L2_017 haiku b11 | REDRAFT sonnet L2_027 (pos,root) | L2_028"
AR05588,لِأَعْلَى,ظرف,215,7360,نحو مرتفع,,,,,,لِأَعْلَى,APPROVED,,L2_017 haiku b11 | FLAGS: ROOT_MISSING;WAZN_MISSING
AR05589,إِلَى الأَمَام,ظرف,215,11164,في اتجاه الحركة,,,,,,إِلَى الأَمَام,APPROVED,,L2_017 haiku b11 | FLAGS: ROOT_MISSING;WAZN_MISSING
AR05590,يَسَار,ظرف,215,12496,الجانب الأيسر,يسر,فَعَالٍ,roots-4662:يسر:المحكم — المعاني,roots-4662:يسر:مقاييس — المحور,roots-4662:يسر:الأساس — المجاز,يَسَار,APPROVED,,L2_017 haiku b11 | REDRAFT sonnet L2_027 (root) | L2_028
AR05591,يَمِين,ظرف,215,12497,الجانب الأيمن,يمن,فَعِيلٌ,roots-4662:يمن:المحكم — المعاني,roots-4662:يمن:مقاييس — النص,roots-4662:يمن:الأساس — المجاز,يَمِين,APPROVED,,L2_017 haiku b11 | REDRAFT sonnet L2_027 (root) | L2_028
AR05596,لِأَسْفَل,ظرف,215,14495,نحو منخفض,,,,,,لِأَسْفَل,APPROVED,,L2_017 haiku b11 | FLAGS: ROOT_MISSING;WAZN_MISSING
AR05597,خَارِج,ظرف,215,14964,بعيداً عن مكان,خرج,فَاعِلٌ,roots-4662:خرج:المحكم — المعاني,roots-4662:خرج:مقاييس — المحور,roots-4662:خرج:الأساس — المجاز,خَارِج,APPROVED,,"L2_017 haiku b11 | REDRAFT sonnet L2_027 (lemma,wazn,root) | L2_028"
AR05599,غَرْب,ظرف,215,16201,نحو الغروب,غرب,فَعْلٌ,roots-4662:غرب:المحكم — المعاني,roots-4662:غرب:مقاييس — النص,roots-4662:غرب:الأساس — المجاز,غَرْب,APPROVED,,L2_017 haiku b11 | REDRAFT sonnet L2_027 (root) | L2_028
AR05600,شِمَال حَقِيقِي,تركيب,215,17051,الشمال الجغرافي,,,,,,شِمَال حَقِيقِي,APPROVED,,L2_017 haiku b11
AR05601,اتِّجَاه,مصدر,215,18565,اتجاه محدد,وجه,اِفْتِعَالٌ,roots-4662:وجه:المحكم — المعاني,roots-4662:وجه:مقاييس — المحور,roots-4662:وجه:الأساس — المجاز,اتِّجَاه,APPROVED,,"L2_017 haiku b11 | REDRAFT sonnet L2_027 (pos,root) | L2_028"
AR05603,مُكَافَأَة,مصدر,216,3847,شيء يُعطى تقديراً,كفء,مُفَاعَلَةٌ,roots-4662:كفء:المحكم — المعاني,roots-4662:كفء:مقاييس — المحور,roots-4662:كفء:الأساس — المجاز,مُكَافَأَة,APPROVED,,"L2_017 haiku b11 | REDRAFT sonnet L2_027 (pos,root) | L2_028"
AR05604,كَافَأَ,فعل,216,3849,أعطى مكافأة,كفء,فَاعَلَ,roots-4662:كفء:المحكم — المعاني,roots-4662:كفء:مقاييس — المحور,roots-4662:كفء:الأساس — المجاز,كَافَأَ,APPROVED,,L2_017 haiku b11 | REDRAFT sonnet L2_027 (root) | L2_028
AR05611,واحِد,اسم جامد,218,3843,أَصْغَرُ عَدَد,وحد,فَاعِلٌ,roots-4662:وحد:المحكم — المعاني,roots-4662:وحد:مقاييس — المحور,,واحِد,APPROVED,,L2_017 haiku b12
AR05614,مِليون,اسم جامد,218,5605,عَدَدٌ كَبِيرٌ,,,,,,مِليون,APPROVED,,L2_017 haiku b12 | FLAGS: ROOT_MISSING;WAZN_MISSING
AR05616,زَوْج,اسم جامد,218,8077;8079,اِثْنَانِ,زوج,فَعْلٌ,roots-4662:زوج:المحكم — المعاني,roots-4662:زوج:مقاييس — المحور,roots-4662:زوج:الأساس — المجاز,زَوْج,APPROVED,,L2_017 haiku b12
AR05619,خَمْسَة,اسم جامد,218,10285,الخَمْسُ,خمس,فَعْلَةٌ,roots-4662:خمس:المحكم — المعاني,roots-4662:خمس:مقاييس — المحور,roots-4662:خمس:الأساس — المجاز,خَمْسَة,APPROVED,,L2_017 haiku b12
AR05620,سَبْعَة,اسم جامد,218,10716,السَّبْعُ,سبع,فَعْلَةٌ,roots-4662:سبع:المحكم — المعاني,roots-4662:سبع:مقاييس — المحور,roots-4662:سبع:الأساس — المجاز,سَبْعَة,APPROVED,,L2_017 haiku b12
AR05622,مائَة,اسم جامد,218,11330,المِئَة,ماء,فَاعَلَةٌ,,,,مائَة,APPROVED,,L2_017 haiku b12 | FLAGS: ROOT_ALIF;ROOT_NORMALIZED
AR05623,مِليار,اسم جامد,218,11331,أَلْفُ مِليونٍ,,,,,,مِليار,APPROVED,,L2_017 haiku b12 | FLAGS: ROOT_MISSING;WAZN_MISSING
AR05626,أَرْبَعَةَ عَشَرَ,تركيب,218,13753,الرَّابِعَ عَشَرَ,,,,,,أَرْبَعَةَ عَشَرَ,APPROVED,,L2_017 haiku b12
AR05627,خَمْسُ مائَة,تركيب,218,13757,خَمْسُ مِئَاتٍ,,,,,,خَمْسُ مائَة,APPROVED,,L2_017 haiku b12
AR05628,خَمْسَة وَعِشْرُون,تركيب,218,14171,خَمْسَةٌ وَعِشْرُونَ,,,,,,خَمْسَة وَعِشْرُون,APPROVED,,L2_017 haiku b12
AR05629,مائَتَان,اسم جامد,218,14184,مِئَتَانِ,ماء,,,,,مائَتَان,APPROVED,فاعَلان,L2_017 haiku b12 | FLAGS: ROOT_ALIF;ROOT_NORMALIZED;WAZN_NOT_IN_INV
AR05630,خَمْسَةَ عَشَرَ,تركيب,218,14339,خَمْسَةَ عَشَرَ,,,,,,خَمْسَةَ عَشَرَ,APPROVED,,L2_017 haiku b12
AR05631,خَمْسُون,اسم جامد,218,14345,خَمْسُونَ,خمس,,roots-4662:خمس:المحكم — المعاني,roots-4662:خمس:مقاييس — المحور,roots-4662:خمس:الأساس — المجاز,خَمْسُون,APPROVED,فِعْلُون,L2_017 haiku b12 | FLAGS: WAZN_NOT_IN_INV
AR05632,أَرْبَعُون,اسم جامد,218,14497,أَرْبَعُونَ,ربع,,roots-4662:ربع:المحكم — المعاني,roots-4662:ربع:مقاييس — المحور,roots-4662:ربع:الأساس — المجاز,أَرْبَعُون,APPROVED,فِعْلُون,L2_017 haiku b12 | FLAGS: WAZN_LEMMA_MISMATCH;WAZN_NOT_IN_INV
AR05634,أَرْبَعَة,اسم جامد,218,14531,أَرْبَعَة,ربع,فَعْلَةٌ,roots-4662:ربع:المحكم — المعاني,roots-4662:ربع:مقاييس — المحور,roots-4662:ربع:الأساس — المجاز,أَرْبَعَة,APPROVED,,L2_017 haiku b12 | FLAGS: WAZN_LEMMA_MISMATCH
AR05635,سِتَّة,اسم جامد,218,14578,سِتَّة,ستت,,,v21:ستت:مقاييس — النص,,سِتَّة,APPROVED,فِتْلَة,L2_017 haiku b12 | FLAGS: WAZN_LEMMA_MISMATCH;WAZN_NOT_IN_INV
AR05636,سِتُّون,اسم جامد,218,14581,سِتُّونَ,ستت,,,v21:ستت:مقاييس — النص,,سِتُّون,APPROVED,فِعْلُون,L2_017 haiku b12 | FLAGS: WAZN_LEMMA_MISMATCH;WAZN_NOT_IN_INV
AR05637,سَبْعُون,اسم جامد,218,14582,سَبْعُونَ,سبع,,roots-4662:سبع:المحكم — المعاني,roots-4662:سبع:مقاييس — المحور,roots-4662:سبع:الأساس — المجاز,سَبْعُون,APPROVED,فِعْلُون,L2_017 haiku b12 | FLAGS: WAZN_NOT_IN_INV
AR05638,واحِد وَعِشْرُون,تركيب,218,14591,وَاحِدٌ وَعِشْرُونَ,,,,,,واحِد وَعِشْرُون,APPROVED,,L2_017 haiku b12
AR05640,اثنَان وَخَمْسُون,تركيب,218,14682,اثْنَانِ وَخَمْسُونَ,,,,,,اثنَان وَخَمْسُون,APPROVED,,L2_017 haiku b12
AR05641,اثنَا عَشَرَ,تركيب,218,14684,اثْنَا عَشَرَ,,,,,,اثنَا عَشَرَ,APPROVED,,L2_017 haiku b12
AR05642,أَرْبَعَة وَسَبْعُون,تركيب,218,15221,أَرْبَعَةٌ وَسَبْعُونَ,,,,,,أَرْبَعَة وَسَبْعُون,APPROVED,,L2_017 haiku b12
AR05645,سَبْعَة وَعِشْرُون,تركيب,218,17651,سَبْعَةٌ وَعِشْرُونَ,,,,,,سَبْعَة وَعِشْرُون,APPROVED,,L2_017 haiku b12
AR05647,دَعَاهُ,فعل,221,3858;17566,أَطْلَقَ اسْماً,دعو,فَعَلَ,roots-4662:دعو:المحكم — المعاني,roots-4662:دعو:مقاييس — النص,roots-4662:دعو:الأساس — المجاز,دَعَاهُ,APPROVED,,L2_017 haiku b12
AR05649,سَمَّاهُ,فعل,221,3860;15346,سَمَّى,سمو,فَعَّلَ,roots-4662:سمو:المحكم — المعاني,roots-4662:سمو:مقاييس — المحور,roots-4662:سمو:الأساس — المجاز,سَمَّاهُ,APPROVED,,L2_017 haiku b12
AR05650,أَعَادَ التَّسْمِيَة,تركيب,221,14617,غَيَّرَ الاسْمَ,,,,,,أَعَادَ التَّسْمِيَة,APPROVED,,L2_017 haiku b12
AR05653,ضَرَبَ بِالعَصَا,تركيب,222,3867,ضَرَبَ,,,,,,ضَرَبَ بِالعَصَا,APPROVED,,L2_017 haiku b12
AR05654,ضَرْبٌ بِالعَصَا,تركيب,222,3868,ضَرْبٌ,,,,,,ضَرْبٌ بِالعَصَا,APPROVED,,L2_017 haiku b12
AR05657,ضَرَبَ الأَرْدَاف,تركيب,222,15070,أَوْجَعَ,,,,,,ضَرَبَ الأَرْدَاف,APPROVED,,L2_017 haiku b12
AR05658,غَرَّمَ,فعل,223,3882;10562;15778,فَرَضَ غَرَامَةً,غرم,فَعَّلَ,roots-4662:غرم:المحكم — المعاني,roots-4662:غرم:مقاييس — المحور,,غَرَّمَ,APPROVED,,L2_017 haiku b12
AR05659,غَرَامَة,اسم جامد,223,3883,غَرَامَةٌ,غرم,فَعَالَةٌ,roots-4662:غرم:المحكم — المعاني,roots-4662:غرم:مقاييس — المحور,,غَرَامَة,APPROVED,,L2_017 haiku b12
AR05661,إِنْذَار,اسم جامد,223,10961,إِنْذَارٌ,نذر,إِفْعَالٌ,roots-4662:نذر:المحكم — المعاني,roots-4662:نذر:مقاييس — المحور,,إِنْذَار,APPROVED,,L2_017 haiku b12
AR05662,أَصْدَرَ إِنْذَاراً,تركيب,223,10962,أَصْدَرَ,,,,,,أَصْدَرَ إِنْذَاراً,APPROVED,,L2_017 haiku b12
AR05663,سَاعَة,اسم جامد,224,3872,سَاعَةٌ,سعو,فَاعَلَةٌ,v21:سعو:المحكم — المعاني,v21:سعو:مقاييس — النص,,سَاعَة,APPROVED,,L2_017 haiku b12
AR05664,دَقِيقَة,اسم جامد,224,3873,دَقِيقَةٌ,دقق,فَعِيلَةٌ,roots-4662:دقق:المحكم — المعاني,roots-4662:دقق:مقاييس — المحور,roots-4662:دقق:الأساس — المجاز,دَقِيقَة,APPROVED,,L2_017 haiku b12
AR05667,أُسْبُوع,اسم جامد,224,3876,أُسْبُوعٌ,سبع,فُعْلُولٌ,roots-4662:سبع:المحكم — المعاني,roots-4662:سبع:مقاييس — المحور,roots-4662:سبع:الأساس — المجاز,أُسْبُوع,APPROVED,,L2_017 haiku b12 | FLAGS: WAZN_LEMMA_MISMATCH
AR05669,سَنَة,اسم جامد,224,3878,سَنَةٌ,سنن,فَعْلَةٌ,roots-4662:سنن:المحكم — المعاني,roots-4662:سنن:مقاييس — المحور,roots-4662:سنن:الأساس — المجاز,سَنَة,APPROVED,,L2_017 haiku b12 | FLAGS: WAZN_LEMMA_MISMATCH
AR05671,قَرْن,اسم جامد,224,3880,قَرْنٌ,قرن,فَعْلٌ,roots-4662:قرن:المحكم — المعاني,roots-4662:قرن:مقاييس — المحور,,قَرْن,APPROVED,,L2_017 haiku b12
AR05673,أُسْبُوعَان,اسم جامد,224,13485,أُسْبُوعَانِ,سبع,فُعْلانٌ,roots-4662:سبع:المحكم — المعاني,roots-4662:سبع:مقاييس — المحور,roots-4662:سبع:الأساس — المجاز,أُسْبُوعَان,APPROVED,,L2_017 haiku b12 | FLAGS: WAZN_LEMMA_MISMATCH
AR05674,وَقْت,اسم جامد,224,14571;15397,وَقْتٌ,وقت,فَعْلٌ,roots-4662:وقت:المحكم — المعاني,roots-4662:وقت:مقاييس — المحور,,وَقْت,APPROVED,,L2_017 haiku b12
AR05675,نَانُوثَانِيَة,اسم جامد,224,14969,نَانُوثَانِيَةٌ,,,,,,نَانُوثَانِيَة,APPROVED,,L2_017 haiku b12 | FLAGS: ROOT_MISSING;WAZN_MISSING
AR05680,فِرْقَةُ الإِعْدَامِ,تركيب,225,3892,فِرْقَةٌ,,,,,,فِرْقَةُ الإِعْدَامِ,APPROVED,,L2_017 haiku b12
AR05682,قَطَعَ الرَّأْسَ,تركيب,225,9095,قَطَعَ,,,,,,قَطَعَ الرَّأْسَ,APPROVED,,L2_017 haiku b12
AR05683,قَطْعُ الرَّأْسِ,تركيب,225,9096,قَطْعٌ,,,,,,قَطْعُ الرَّأْسِ,APPROVED,,L2_017 haiku b12
AR05685,اسْمٌ مُسْتَعَار,تركيب,228,3930;3938;3942;5240;7462,اسْمٌ,,,,,,اسْمٌ مُسْتَعَار,APPROVED,,L2_017 haiku b12
AR05686,اسْم,اسم جامد,228,3931,اسْمٌ,سمو,فَعْلٌ,roots-4662:سمو:المحكم — المعاني,roots-4662:سمو:مقاييس — المحور,roots-4662:سمو:الأساس — المجاز,اسْم,APPROVED,,L2_017 haiku b12
AR05688,اسْمُ العَائِلَة,تركيب,228,3933;3937,اسْمٌ,,,,,,اسْمُ العَائِلَة,APPROVED,,L2_017 haiku b12
AR05689,الاسْمُ الأَوَّلُ,تركيب,228,3934;3943,اسْمٌ,,,,,,الاسْمُ الأَوَّلُ,APPROVED,,L2_017 haiku b12
AR05690,الاسْمُ الأَسْلَفِيّ,تركيب,228,3935,اسْمٌ,,,,,,الاسْمُ الأَسْلَفِيّ,APPROVED,,L2_017 haiku b12
AR05691,الاسْمُ المَسِيحِيّ,تركيب,228,3936,اسْمٌ,,,,,,الاسْمُ المَسِيحِيّ,APPROVED,,L2_017 haiku b12
AR05692,اسْمٌ حَرْبِيّ,تركيب,228,3939,اسْمٌ,,,,,,اسْمٌ حَرْبِيّ,APPROVED,,L2_017 haiku b12
AR05693,الاسْمُ العَائِلِيّ,تركيب,228,3944,اسْمٌ,,,,,,الاسْمُ العَائِلِيّ,APPROVED,,L2_017 haiku b12
AR05694,الاسْمُ الأَوْسَطُ,تركيب,228,3945,اسْمٌ,,,,,,الاسْمُ الأَوْسَطُ,APPROVED,,L2_017 haiku b12
AR05695,اسْمٌ فَنِّيّ,تركيب,228,5239,اسْمٌ,,,,,,اسْمٌ فَنِّيّ,APPROVED,,L2_017 haiku b12
AR05696,الاسْمُ المُعْطَىً,تركيب,228,5241,اسْمٌ,,,,,,الاسْمُ المُعْطَىً,APPROVED,,L2_017 haiku b12
AR05697,مُسَمًّى,اسم مفعول,228,5474;5544,مُسَمًّى,سمو,مُفَعَّلٌ,roots-4662:سمو:المحكم — المعاني,roots-4662:سمو:مقاييس — المحور,roots-4662:سمو:الأساس — المجاز,مُسَمًّى,APPROVED,,L2_017 haiku b12
AR05698,اسْمٌ رَمْزِيّ,تركيب,228,5549,اسْمٌ,,,,,,اسْمٌ رَمْزِيّ,APPROVED,,L2_017 haiku b12
AR05699,مُرَمَّز,اسم مفعول,228,5550,مُرَمَّزٌ,رمز,مُفَعَّلٌ,roots-4662:رمز:المحكم — المعاني,roots-4662:رمز:مقاييس — المحور,,مُرَمَّز,APPROVED,,L2_017 haiku b12
AR05700,اسْمٌ دَاخِلِيّ,تركيب,228,7452,اسْمٌ,,,,,,اسْمٌ دَاخِلِيّ,APPROVED,,L2_017 haiku b12
AR05701,اسْمٌ إِضَافِيّ,تركيب,228,7453;7454,اسْمٌ,,,,,,اسْمٌ إِضَافِيّ,APPROVED,,L2_017 haiku b12
AR05702,اسْمٌ خَاطِئ,تركيب,228,7456;7459,اسْمٌ,,,,,,اسْمٌ خَاطِئ,APPROVED,,L2_017 haiku b12
AR05703,الاسْمُ الشَّخْصِيّ,تركيب,228,7457,اسْمٌ,,,,,,الاسْمُ الشَّخْصِيّ,APPROVED,,L2_017 haiku b12
AR05704,الاسْمُ الزَّوْجِيّ,تركيب,228,7460,اسْمٌ,,,,,,الاسْمُ الزَّوْجِيّ,APPROVED,,L2_017 haiku b12
AR05705,مِنْ قَبْلِ,حرف,228,7464,حَرْفٌ,,,,,,مِنْ قَبْلِ,APPROVED,,L2_017 haiku b12
AR05706,اسْمٌ تِجَارِيّ,تركيب,228,7467,اسْمٌ,,,,,,اسْمٌ تِجَارِيّ,APPROVED,,L2_017 haiku b12
AR05707,اسْمٌ أَبَوِيّ,تركيب,228,7468,اسْمٌ,,,,,,اسْمٌ أَبَوِيّ,APPROVED,,L2_017 haiku b12
AR05708,اسْمٌ أُمَّوِيّ,تركيب,228,7469,اسْمٌ,,,,,,اسْمٌ أُمَّوِيّ,APPROVED,,L2_017 haiku b12
AR05709,الاسْمُ الشَّعْبِيّ,تركيب,228,7470,اسْمٌ,,,,,,الاسْمُ الشَّعْبِيّ,APPROVED,,L2_017 haiku b12
AR05710,اسْمٌ مُشْتَقّ,تركيب,228,7472,اسْمٌ,,,,,,اسْمٌ مُشْتَقّ,APPROVED,,L2_017 haiku b12
AR05711,يُعْرَفُ أَيْضاً بـ,حرف,228,7478;7479,حَرْفٌ,,,,,,يُعْرَفُ أَيْضاً بـ,APPROVED,,L2_017 haiku b12
AR05712,ذَهَبَ,فعل,228,7830,عُرِفَ,ذهب,فَعَلَ,roots-4662:ذهب:المحكم — المعاني,roots-4662:ذهب:مقاييس — المحور,roots-4662:ذهب:الأساس — المجاز,ذَهَبَ,APPROVED,,L2_017 haiku b12
AR05713,بِلا اسْم,تركيب,228,8900,بِلا,,,,,,بِلا اسْم,APPROVED,,L2_017 haiku b12
AR05714,مَعْرُوفٌ بـ,حرف,228,11461,حَرْفٌ,,,,,,مَعْرُوفٌ بـ,APPROVED,,L2_017 haiku b12
AR05715,يُدْعَى,فعل,228,12279,يُدْعَى,دعو,,roots-4662:دعو:المحكم — المعاني,roots-4662:دعو:مقاييس — النص,roots-4662:دعو:الأساس — المجاز,يُدْعَى,APPROVED,يُفْعَل,L2_017 haiku b12 | FLAGS: WAZN_NOT_IN_INV
AR05717,الاسْمُ الكَامِل,تركيب,228,16641,اسْمٌ,,,,,,الاسْمُ الكَامِل,APPROVED,,L2_017 haiku b12
AR05718,فَعَلَ,فعل,230,4348,فَعَلَ,فعل,فَعَلَ,roots-4662:فعل:المحكم — المعاني,roots-4662:فعل:مقاييس — المحور,,فَعَلَ,APPROVED,,L2_017 haiku b12
AR05720,انْتَهَى,فعل,232,4426;4427;4428;4429;4430;4431,انْتَهَى,نهو,,v21:نهو:المحكم — المعاني,,,انْتَهَى,APPROVED,انْفَعَلَ,L2_017 haiku b12 | FLAGS: WAZN_NOT_IN_INV
AR05721,نِهَايَة,اسم جامد,232,4432;4433;4439;13280,نِهَايَةٌ,نهو,فِعَالَةٌ,v21:نهو:المحكم — المعاني,,,نِهَايَة,APPROVED,,L2_017 haiku b12
AR05723,مَضَى,فعل,232,10865,مَضَى,مضو,فَعَلَ,roots-4662:مضو:المحكم — المعاني,,,مَضَى,APPROVED,,L2_017 haiku b12
AR05725,مُنْتَهٍ,اسم مفعول,234,5764;5765,مُنْتَهٍ,نهو,مُفْتَعِلٌ,v21:نهو:المحكم — المعاني,,,مُنْتَهٍ,APPROVED,,L2_017 haiku b12
AR05726,مُكْتَمِل,اسم مفعول,234,5766,مُكْتَمِلٌ,كمل,مُفْتَعِلٌ,roots-4662:كمل:المحكم — المعاني,roots-4662:كمل:مقاييس — المحور,,مُكْتَمِل,APPROVED,,L2_017 haiku b12
AR05727,انْتَهَى,فعل,234,5767,انْتَهَى,نهو,,v21:نهو:المحكم — المعاني,,,انْتَهَى,APPROVED,انْفَعَلَ,L2_017 haiku b12 | FLAGS: WAZN_NOT_IN_INV
AR05729,أَسْمَرُ,صفة مشبهة,235,5650,أَسْمَرُ,سمر,أَفْعَلُ,roots-4662:سمر:المحكم — المعاني,roots-4662:سمر:مقاييس — المحور,roots-4662:سمر:الأساس — المجاز,أَسْمَرُ,APPROVED,,L2_017 haiku b12
AR05730,أَزْرَقُ العَيْنَيْنِ,تركيب,235,5651,أَزْرَقُ,,,,,,أَزْرَقُ العَيْنَيْنِ,APPROVED,,L2_017 haiku b12
AR05731,أَحْمَرُ الشَّعْرِ,تركيب,235,5652;11111,أَحْمَرُ,,,,,,أَحْمَرُ الشَّعْرِ,APPROVED,,L2_017 haiku b12
AR05732,أَفْلَطِحُ القَدَمَيْنِ,تركيب,235,5653,أَفْلَطِحُ,,,,,,أَفْلَطِحُ القَدَمَيْنِ,APPROVED,,L2_017 haiku b12
AR05734,أَقْوَسُ السَّاقَيْنِ,تركيب,235,5656;5657,أَقْوَسُ,,,,,,أَقْوَسُ السَّاقَيْنِ,APPROVED,,L2_017 haiku b12
AR05736,أَسْوَدُ الشَّعْرِ,تركيب,235,5660,أَسْوَدُ,,,,,,أَسْوَدُ الشَّعْرِ,APPROVED,,L2_017 haiku b12
AR05738,مُلْتَحٍ,اسم مفعول,235,5662,مُلْتَحٍ,لحي,مُفْتَعِلٌ,roots-4662:لحي:المحكم — المعاني,roots-4662:لحي:مقاييس — النص,,مُلْتَحٍ,APPROVED,,L2_017 haiku b12
AR05739,ذُو شَارِب,تركيب,235,5663,ذُو,,,,,,ذُو شَارِب,APPROVED,,L2_017 haiku b12
AR05741,خَشَبِيّ السَّاق,تركيب,235,12843,خَشَبِيّ,,,,,,خَشَبِيّ السَّاق,APPROVED,,L2_017 haiku b12
AR05742,طَهَى,فعل,236,4169;4174;4176;4259;4727;15776,طَهَى,طهو,فَعَلَ,v21:طهو:المحكم — المعاني,,v21:طهو:الأساس — المجاز,طَهَى,APPROVED,,L2_017 haiku b12
AR05743,سَلَقَ,فعل,236,4170;4178;4258,سَلَقَ,سلق,فَعَلَ,roots-4662:سلق:المحكم — المعاني,roots-4662:سلق:مقاييس — النص,roots-4662:سلق:الأساس — المجاز,سَلَقَ,APPROVED,,L2_017 haiku b12
AR05745,شَوَى,فعل,236,4172;4256;4257;11861,شَوَى,شوو,فَعَلَ,,,,شَوَى,APPROVED,,L2_017 haiku b12
AR05746,سَلَقَ جُزْئِيّاً,تركيب,236,4173,سَلَقَ,,,,,,سَلَقَ جُزْئِيّاً,APPROVED,,L2_017 haiku b12
AR05747,سَخَّنَ,فعل,236,4175,سَخَّنَ,سخن,فَعَّلَ,roots-4662:سخن:المحكم — المعاني,roots-4662:سخن:مقاييس — المحور,roots-4662:سخن:الأساس — المجاز,سَخَّنَ,APPROVED,,L2_017 haiku b12
AR05748,فَحَّمَ,فعل,236,4177,فَحَّمَ,فحم,فَعَّلَ,roots-4662:فحم:المحكم — المعاني,roots-4662:فحم:مقاييس — المحور,,فَحَّمَ,APPROVED,,L2_017 haiku b12
AR05750,قَلَى,فعل,236,4181;4255;11862,قَلَى,قلو,فَعَلَ,roots-4662:قلو:المحكم — المعاني,roots-4662:قلو:مقاييس — المحور,roots-4662:قلو:الأساس — المجاز,قَلَى,APPROVED,,L2_017 haiku b12
AR05751,طَهَى بِالمِيكْرَوِيف,تركيب,236,4182,طَهَى,,,,,,طَهَى بِالمِيكْرَوِيف,APPROVED,,L2_017 haiku b12
AR05755,كَوَى,فعل,236,11885;17558,كَوَى,كوو,فَعَلَ,v21:كوو:المحكم — المعاني,,,كَوَى,APPROVED,,L2_017 haiku b12
AR05756,قَلْي,مصدر,236,17909,قَلْيٌ,قلو,فَعْلٌ,roots-4662:قلو:المحكم — المعاني,roots-4662:قلو:مقاييس — المحور,roots-4662:قلو:الأساس — المجاز,قَلْي,APPROVED,,L2_017 haiku b12
AR05757,شَيّ,مصدر,236,17911;17913;17916,شَيٌّ,شوو,فَعْلٌ,,,,شَيّ,APPROVED,,L2_017 haiku b12
AR05758,سَلْق,مصدر,236,17912,سَلْقٌ,سلق,فَعْلٌ,roots-4662:سلق:المحكم — المعاني,roots-4662:سلق:مقاييس — النص,roots-4662:سلق:الأساس — المجاز,سَلْق,APPROVED,,L2_017 haiku b12
AR05759,ذَوْبَان,مصدر,236,17914,ذَوْبَانٌ,ذوب,فَعْلانُ,roots-4662:ذوب:المحكم — المعاني,roots-4662:ذوب:مقاييس — المحور,roots-4662:ذوب:الأساس — المجاز,ذَوْبَان,APPROVED,,L2_017 haiku b12
AR05760,ذَابَ,فعل,236,17915,ذَابَ,ذوب,فَعَلَ,roots-4662:ذوب:المحكم — المعاني,roots-4662:ذوب:مقاييس — المحور,roots-4662:ذوب:الأساس — المجاز,ذَابَ,APPROVED,,L2_017 haiku b12
AR05762,طَهْي,مصدر,236,17918;17920;17922,طَهْيٌ,طهو,فَعْلٌ,v21:طهو:المحكم — المعاني,,v21:طهو:الأساس — المجاز,طَهْي,APPROVED,,L2_017 haiku b12
AR05766,دَحْرَجَ,فعل,240,4458;8739,نَقْل شَيْء عَلَى عَجَل,درج,فَعْلَلَ,roots-4662:درج:المحكم — المعاني,roots-4662:درج:مقاييس — المحور,roots-4662:درج:الأساس — المجاز,دَحْرَجَ,APPROVED,,L2_017 haiku b13 | FLAGS: WAZN_LEMMA_MISMATCH
AR05767,نَقَلَ,فعل,240,4459;8731;8735;9175;14508,نَقْل شَيْء فِي عَرَبَة,نقل,فَعَلَ,roots-4662:نقل:المحكم — المعاني,roots-4662:نقل:مقاييس — المحور,roots-4662:نقل:الأساس — المجاز,نَقَلَ,APPROVED,,L2_017 haiku b13
AR05770,أَخَذَ,فعل,240,8732,إِحْضَار شَيْء أَو شَخْص مَعَك,خذذ,أَفْعَلَ,,,,أَخَذَ,APPROVED,,L2_017 haiku b13 | FLAGS: WAZN_LEMMA_MISMATCH
AR05771,قَادَ,فعل,240,8733;8870,نَقْل شَخْص فِي السَّيَّارَة,قود,فَعَلَ,roots-4662:قود:المحكم — المعاني,roots-4662:قود:مقاييس — المحور,roots-4662:قود:الأساس — المجاز,قَادَ,APPROVED,,L2_017 haiku b13
AR05774,رَكِبَ,فعل,240,9176,نَقْل شَيْء بِالدَّرَّاجَة,ركب,فَعِلَ,roots-4662:ركب:المحكم — المعاني,roots-4662:ركب:مقاييس — المحور,,رَكِبَ,APPROVED,,L2_017 haiku b13
AR05776,جَاءَ,فعل,240,12027,الذِّهَاب وَإِحْضَار شَيْء,جيي,,,,,جَاءَ,APPROVED,فَاعَ,L2_017 haiku b13 | FLAGS: WAZN_NOT_IN_INV
AR05780,مُنَافَسَة,مصدر,241,4467;13799,كلمة تدل على معنى في هذا الإطار,نفس,مُفَاعَلَةٌ,roots-4662:نفس:المحكم — المعاني,roots-4662:نفس:مقاييس — المحور,roots-4662:نفس:الأساس — المجاز,مُنَافَسَة,APPROVED,,L2_017 haiku b13
AR05781,مُنَافِس,صفة مشبهة,241,4468;4469,كلمة تدل على معنى في هذا الإطار,نفس,مُفَاعِلٌ,roots-4662:نفس:المحكم — المعاني,roots-4662:نفس:مقاييس — المحور,roots-4662:نفس:الأساس — المجاز,مُنَافِس,APPROVED,,L2_017 haiku b13
AR05782,نَافَسَ,فعل,241,9837,كلمة تدل على معنى في هذا الإطار,نفس,فَاعَلَ,roots-4662:نفس:المحكم — المعاني,roots-4662:نفس:مقاييس — المحور,roots-4662:نفس:الأساس — المجاز,نَافَسَ,APPROVED,,L2_017 haiku b13
AR05783,لَعِبَ,فعل,241,9838,كلمة تدل على معنى في هذا الإطار,لعب,فَعِلَ,roots-4662:لعب:المحكم — المعاني,roots-4662:لعب:مقاييس — المحور,roots-4662:لعب:الأساس — المجاز,لَعِبَ,APPROVED,,L2_017 haiku b13
AR05784,تَحَدٍّ,مصدر,241,12501,كلمة تدل على معنى في هذا الإطار,حدي,تَفَعُّلٌ,,,,تَحَدٍّ,APPROVED,,L2_017 haiku b13
AR05785,مُنَافِس,اسم فاعل,241,13800,كلمة تدل على معنى في هذا الإطار,نفس,مُفَاعِلٌ,roots-4662:نفس:المحكم — المعاني,roots-4662:نفس:مقاييس — المحور,roots-4662:نفس:الأساس — المجاز,مُنَافِس,APPROVED,,L2_017 haiku b13
AR05786,لَاعِب,اسم فاعل,241,16012,كلمة تدل على معنى في هذا الإطار,لعب,فَاعِلٌ,roots-4662:لعب:المحكم — المعاني,roots-4662:لعب:مقاييس — المحور,roots-4662:لعب:الأساس — المجاز,لَاعِب,APPROVED,,L2_017 haiku b13
AR05787,أَرْسَلَ,فعل,242,4485;4486;4489;4490;11146;17822,كلمة تدل على معنى في هذا الإطار,رسل,أَفْعَلَ,roots-4662:رسل:المحكم — المعاني,roots-4662:رسل:مقاييس — المحور,roots-4662:رسل:الأساس — المجاز,أَرْسَلَ,APPROVED,,L2_017 haiku b13
AR05788,اتَّصَلَ,فعل,242,4487;7206;17196,كلمة تدل على معنى في هذا الإطار,وصل,اِفْتَعَلَ,roots-4662:وصل:المحكم — المعاني,roots-4662:وصل:مقاييس — المحور,,اتَّصَلَ,APPROVED,,L2_017 haiku b13
AR05791,أَرْسَلَ,فعل,243,4491;4606;4608;4657;9000;9001;14835;15085,كلمة تدل على معنى في هذا الإطار,رسل,أَفْعَلَ,roots-4662:رسل:المحكم — المعاني,roots-4662:رسل:مقاييس — المحور,roots-4662:رسل:الأساس — المجاز,أَرْسَلَ,APPROVED,,L2_017 haiku b13
AR05795,وَجَّهَ,فعل,243,4609,كلمة تدل على معنى في هذا الإطار,وجه,فَعَّلَ,roots-4662:وجه:المحكم — المعاني,roots-4662:وجه:مقاييس — المحور,roots-4662:وجه:الأساس — المجاز,وَجَّهَ,APPROVED,,L2_017 haiku b13
AR05798,مَلِيء,صفة مشبهة,244,4497,كلمة تدل على معنى في هذا الإطار,ملي,فَعِيلٌ,,,,مَلِيء,APPROVED,,L2_017 haiku b13
AR05799,فَارِغ,صفة مشبهة,244,4498,كلمة تدل على معنى في هذا الإطار,فرغ,فَاعِلٌ,roots-4662:فرغ:المحكم — المعاني,roots-4662:فرغ:مقاييس — المحور,roots-4662:فرغ:الأساس — المجاز,فَارِغ,APPROVED,,L2_017 haiku b13
AR05800,فَرَاغ,مصدر,244,4499,كلمة تدل على معنى في هذا الإطار,فرغ,فِعَالٌ,roots-4662:فرغ:المحكم — المعاني,roots-4662:فرغ:مقاييس — المحور,roots-4662:فرغ:الأساس — المجاز,فَرَاغ,APPROVED,,L2_017 haiku b13
AR05801,امْتِلَاء,مصدر,244,4501,كلمة تدل على معنى في هذا الإطار,ملي,اِفْتِعَالٌ,,,,امْتِلَاء,APPROVED,,L2_017 haiku b13
AR05802,قَيَّدَ,فعل,245,4506;4759;18548,كلمة تدل على معنى في هذا الإطار,قيد,فَعَّلَ,roots-4662:قيد:المحكم — المعاني,roots-4662:قيد:مقاييس — النص,,قَيَّدَ,APPROVED,,L2_017 haiku b13
AR05803,أَغْلَقَ,فعل,245,4513;4758,كلمة تدل على معنى في هذا الإطار,غلق,أَفْعَلَ,roots-4662:غلق:المحكم — المعاني,roots-4662:غلق:مقاييس — المحور,roots-4662:غلق:الأساس — المجاز,أَغْلَقَ,APPROVED,,L2_017 haiku b13
AR05804,رَبَطَ,فعل,245,4514,كلمة تدل على معنى في هذا الإطار,ربط,فَعَلَ,roots-4662:ربط:المحكم — المعاني,roots-4662:ربط:مقاييس — المحور,roots-4662:ربط:الأساس — المجاز,رَبَطَ,APPROVED,,L2_017 haiku b13
AR05805,سَجَنَ,فعل,245,7654;13490,كلمة تدل على معنى في هذا الإطار,سجن,فَعَلَ,roots-4662:سجن:المحكم — المعاني,roots-4662:سجن:مقاييس — المحور,roots-4662:سجن:الأساس — المجاز,سَجَنَ,APPROVED,,L2_017 haiku b13
AR05806,سَجْن,مصدر,245,7655,كلمة تدل على معنى في هذا الإطار,سجن,فَعْلٌ,roots-4662:سجن:المحكم — المعاني,roots-4662:سجن:مقاييس — المحور,roots-4662:سجن:الأساس — المجاز,سَجْن,APPROVED,,L2_017 haiku b13
AR05808,أَمْسَكَ,فعل,245,13132,كلمة تدل على معنى في هذا الإطار,مسك,أَفْعَلَ,roots-4662:مسك:المحكم — المعاني,roots-4662:مسك:مقاييس — المحور,roots-4662:مسك:الأساس — المجاز,أَمْسَكَ,APPROVED,,L2_017 haiku b13
AR05809,قَيْد,مصدر,245,18547,كلمة تدل على معنى في هذا الإطار,قيد,فَعْلٌ,roots-4662:قيد:المحكم — المعاني,roots-4662:قيد:مقاييس — النص,,قَيْد,APPROVED,,L2_017 haiku b13
AR05810,رَبَطَ,فعل,246,4507,كلمة تدل على معنى في هذا الإطار,ربط,فَعَلَ,roots-4662:ربط:المحكم — المعاني,roots-4662:ربط:مقاييس — المحور,roots-4662:ربط:الأساس — المجاز,رَبَطَ,APPROVED,,L2_017 haiku b13
AR05814,رَبَطَ,فعل,247,4509,كلمة تدل على معنى في هذا الإطار,ربط,فَعَلَ,roots-4662:ربط:المحكم — المعاني,roots-4662:ربط:مقاييس — المحور,roots-4662:ربط:الأساس — المجاز,رَبَطَ,APPROVED,,L2_017 haiku b13
AR05816,قَيَّدَ,فعل,250,4512;5669;15611,كلمة تدل على معنى في هذا الإطار,قيد,فَعَّلَ,roots-4662:قيد:المحكم — المعاني,roots-4662:قيد:مقاييس — النص,,قَيَّدَ,APPROVED,,L2_017 haiku b13
AR05817,أَغْلَقَ,فعل,250,4760,كلمة تدل على معنى في هذا الإطار,غلق,أَفْعَلَ,roots-4662:غلق:المحكم — المعاني,roots-4662:غلق:مقاييس — المحور,roots-4662:غلق:الأساس — المجاز,أَغْلَقَ,APPROVED,,L2_017 haiku b13
AR05818,كَبَّلَ,فعل,250,4761,كلمة تدل على معنى في هذا الإطار,كبل,فَعَّلَ,roots-4662:كبل:المحكم — المعاني,roots-4662:كبل:مقاييس — المحور,roots-4662:كبل:الأساس — المجاز,كَبَّلَ,APPROVED,,L2_017 haiku b13
AR05819,شَيْء,اسم جامد,251,13137;16928,كلمة تدل على معنى في هذا الإطار,شيي,,v21:شيي:المحكم — المعاني,,,شَيْء,APPROVED,,L2_017 haiku b13 | FLAGS: WAZN_MISSING
AR05820,كِيَان,مصدر,251,13412,كلمة تدل على معنى في هذا الإطار,كون,,roots-4662:كون:المحكم — المعاني,roots-4662:كون:مقاييس — المحور,,كِيَان,APPROVED,فِيَال,L2_017 haiku b13 | FLAGS: WAZN_NOT_IN_INV
AR05822,فَرْد,اسم جامد,251,16996,كلمة تدل على معنى في هذا الإطار,فرد,,roots-4662:فرد:المحكم — المعاني,roots-4662:فرد:مقاييس — المحور,,فَرْد,APPROVED,,L2_017 haiku b13 | FLAGS: WAZN_MISSING
AR05823,مَا,مبني,251,18440,كلمة تدل على معنى في هذا الإطار,,,,,,مَا,APPROVED,,L2_017 haiku b13
AR05824,رَبَطَ,فعل,252,4516;4518;4519;4520;4521,كلمة تدل على معنى في هذا الإطار,ربط,فَعَلَ,roots-4662:ربط:المحكم — المعاني,roots-4662:ربط:مقاييس — المحور,roots-4662:ربط:الأساس — المجاز,رَبَطَ,APPROVED,,L2_017 haiku b13
AR05826,مَرْبُوط,صفة مشبهة,252,13216,كلمة تدل على معنى في هذا الإطار,ربط,مَفْعُولٌ,roots-4662:ربط:المحكم — المعاني,roots-4662:ربط:مقاييس — المحور,roots-4662:ربط:الأساس — المجاز,مَرْبُوط,APPROVED,,L2_017 haiku b13
AR05827,رَبَطَ,فعل,253,4524;17289,كلمة تدل على معنى في هذا الإطار,ربط,فَعَلَ,roots-4662:ربط:المحكم — المعاني,roots-4662:ربط:مقاييس — المحور,roots-4662:ربط:الأساس — المجاز,رَبَطَ,APPROVED,,L2_017 haiku b13
AR05829,رَابِط,اسم فاعل,253,7339,كلمة تدل على معنى في هذا الإطار,ربط,فَاعِلٌ,roots-4662:ربط:المحكم — المعاني,roots-4662:ربط:مقاييس — المحور,roots-4662:ربط:الأساس — المجاز,رَابِط,APPROVED,,L2_017 haiku b13
AR05830,أَغْلَقَ,فعل,253,7340,كلمة تدل على معنى في هذا الإطار,غلق,أَفْعَلَ,roots-4662:غلق:المحكم — المعاني,roots-4662:غلق:مقاييس — المحور,roots-4662:غلق:الأساس — المجاز,أَغْلَقَ,APPROVED,,L2_017 haiku b13
AR05831,قُرْب,مصدر,253,7341,كلمة تدل على معنى في هذا الإطار,قرب,فِعْلٌ,roots-4662:قرب:المحكم — المعاني,roots-4662:قرب:مقاييس — المحور,roots-4662:قرب:الأساس — المجاز,قُرْب,APPROVED,,L2_017 haiku b13
AR05832,مَرْبُوط,صفة مشبهة,253,13230,كلمة تدل على معنى في هذا الإطار,ربط,مَفْعُولٌ,roots-4662:ربط:المحكم — المعاني,roots-4662:ربط:مقاييس — المحور,roots-4662:ربط:الأساس — المجاز,مَرْبُوط,APPROVED,,L2_017 haiku b13
AR05834,أَزَرَّ,فعل,254,4544,كلمة تدل على معنى في هذا الإطار,زرر,أَفْعَلَ,roots-4662:زرر:المحكم — المعاني,roots-4662:زرر:مقاييس — المحور,roots-4662:زرر:الأساس — المجاز,أَزَرَّ,APPROVED,,L2_017 haiku b13 | FLAGS: WAZN_LEMMA_MISMATCH
AR05835,فَتَحَ,فعل,254,4545;4553,كلمة تدل على معنى في هذا الإطار,فتح,فَعَلَ,roots-4662:فتح:المحكم — المعاني,roots-4662:فتح:مقاييس — المحور,roots-4662:فتح:الأساس — المجاز,فَتَحَ,APPROVED,,L2_017 haiku b13
AR05836,أَغْلَقَ,فعل,254,4546;4551;4625,كلمة تدل على معنى في هذا الإطار,غلق,أَفْعَلَ,roots-4662:غلق:المحكم — المعاني,roots-4662:غلق:مقاييس — المحور,roots-4662:غلق:الأساس — المجاز,أَغْلَقَ,APPROVED,,L2_017 haiku b13
AR05838,غَطَّى,فعل,254,4550,كلمة تدل على معنى في هذا الإطار,غطي,فَعَّلَ,,,,غَطَّى,APPROVED,,L2_017 haiku b13
AR05839,رَبَطَ,فعل,254,4552;4757,كلمة تدل على معنى في هذا الإطار,ربط,فَعَلَ,roots-4662:ربط:المحكم — المعاني,roots-4662:ربط:مقاييس — المحور,roots-4662:ربط:الأساس — المجاز,رَبَطَ,APPROVED,,L2_017 haiku b13
AR05840,فَكَّ,فعل,254,4555;4556;4557;4711,كلمة تدل على معنى في هذا الإطار,فكك,فَعَّلَ,roots-4662:فكك:المحكم — المعاني,roots-4662:فكك:مقاييس — المحور,roots-4662:فكك:الأساس — المجاز,فَكَّ,APPROVED,,L2_017 haiku b13 | FLAGS: WAZN_LEMMA_MISMATCH
AR05843,طَبِيب الْحَسَاسِيَّة,تركيب,255,4563,كلمة تدل على معنى في هذا الإطار,,,,,,طَبِيب الْحَسَاسِيَّة,APPROVED,,L2_017 haiku b13
AR05844,طَبِيب الْقَلْب,تركيب,255,4566,كلمة تدل على معنى في هذا الإطار,,,,,,طَبِيب الْقَلْب,APPROVED,,L2_017 haiku b13
AR05845,طَبِيب التَّخْدِير,تركيب,255,4567,كلمة تدل على معنى في هذا الإطار,,,,,,طَبِيب التَّخْدِير,APPROVED,,L2_017 haiku b13
AR05846,مُعَالِج الْعَمُود,تركيب,255,4568,كلمة تدل على معنى في هذا الإطار,,,,,,مُعَالِج الْعَمُود,APPROVED,,L2_017 haiku b13
AR05847,طَبِيب الْجِلْد,تركيب,255,4569,كلمة تدل على معنى في هذا الإطار,,,,,,طَبِيب الْجِلْد,APPROVED,,L2_017 haiku b13
AR05848,طَبِيب الْغُدَد,تركيب,255,4570,كلمة تدل على معنى في هذا الإطار,,,,,,طَبِيب الْغُدَد,APPROVED,,L2_017 haiku b13
AR05849,طَبِيب الْجِهَاز الْهَضْمِي,تركيب,255,4571,كلمة تدل على معنى في هذا الإطار,,,,,,طَبِيب الْجِهَاز الْهَضْمِي,APPROVED,,L2_017 haiku b13
AR05850,طَبِيب الشَّيْخُوخَة,تركيب,255,4572,كلمة تدل على معنى في هذا الإطار,,,,,,طَبِيب الشَّيْخُوخَة,APPROVED,,L2_017 haiku b13
AR05851,مُعَالِج بِالْمِثْلِيَّة,تركيب,255,4573,كلمة تدل على معنى في هذا الإطار,,,,,,مُعَالِج بِالْمِثْلِيَّة,APPROVED,,L2_017 haiku b13
AR05852,طَبِيب الْمَنَاعَة,تركيب,255,4574,كلمة تدل على معنى في هذا الإطار,,,,,,طَبِيب الْمَنَاعَة,APPROVED,,L2_017 haiku b13
AR05853,طَبِيب أَطْفَال الْوِلَادَة,تركيب,255,4575,كلمة تدل على معنى في هذا الإطار,,,,,,طَبِيب أَطْفَال الْوِلَادَة,APPROVED,,L2_017 haiku b13
AR05854,طَبِيب الْكُلَى,تركيب,255,4576,كلمة تدل على معنى في هذا الإطار,,,,,,طَبِيب الْكُلَى,APPROVED,,L2_017 haiku b13
AR05855,طَبِيب الأَعْصَاب,تركيب,255,4577,كلمة تدل على معنى في هذا الإطار,,,,,,طَبِيب الأَعْصَاب,APPROVED,,L2_017 haiku b13
AR05856,طَبِيب التَّوْلِيد,تركيب,255,4578,كلمة تدل على معنى في هذا الإطار,,,,,,طَبِيب التَّوْلِيد,APPROVED,,L2_017 haiku b13
AR05857,طَبِيب النِّسَائِيَّة,تركيب,255,4579,كلمة تدل على معنى في هذا الإطار,,,,,,طَبِيب النِّسَائِيَّة,APPROVED,,L2_017 haiku b13
AR05858,طَبِيب الأَوْرَام,تركيب,255,4580,كلمة تدل على معنى في هذا الإطار,,,,,,طَبِيب الأَوْرَام,APPROVED,,L2_017 haiku b13
AR05859,طَبِيب الْعِظَام,تركيب,255,4581,كلمة تدل على معنى في هذا الإطار,,,,,,طَبِيب الْعِظَام,APPROVED,,L2_017 haiku b13
AR05860,طَبِيب الأَطْفَال,تركيب,255,4582,كلمة تدل على معنى في هذا الإطار,,,,,,طَبِيب الأَطْفَال,APPROVED,,L2_017 haiku b13
AR05861,طَبِيب الشَّرْج,تركيب,255,4583,كلمة تدل على معنى في هذا الإطار,,,,,,طَبِيب الشَّرْج,APPROVED,,L2_017 haiku b13
AR05862,طَبِيب نَفْسِي,تركيب,255,4584,كلمة تدل على معنى في هذا الإطار,,,,,,طَبِيب نَفْسِي,APPROVED,,L2_017 haiku b13
AR05863,مُحَلِّل نَفْسِي,تركيب,255,4585,كلمة تدل على معنى في هذا الإطار,,,,,,مُحَلِّل نَفْسِي,APPROVED,,L2_017 haiku b13
AR05864,طَبِيب الأَشْعَات,تركيب,255,4586,كلمة تدل على معنى في هذا الإطار,,,,,,طَبِيب الأَشْعَات,APPROVED,,L2_017 haiku b13
AR05865,طَبِيب الرُّومَاتِيزْم,تركيب,255,4587,كلمة تدل على معنى في هذا الإطار,,,,,,طَبِيب الرُّومَاتِيزْم,APPROVED,,L2_017 haiku b13
AR05866,طَبِيب الْعَائِلَة,تركيب,255,4589,كلمة تدل على معنى في هذا الإطار,,,,,,طَبِيب الْعَائِلَة,APPROVED,,L2_017 haiku b13
AR05868,طَبِيب الْعُيُون,تركيب,255,4641,كلمة تدل على معنى في هذا الإطار,,,,,,طَبِيب الْعُيُون,APPROVED,,L2_017 haiku b13
AR05869,طَبِيب أَوْرَام الأَشْعَات,تركيب,255,4668,كلمة تدل على معنى في هذا الإطار,,,,,,طَبِيب أَوْرَام الأَشْعَات,APPROVED,,L2_017 haiku b13
AR05870,قَابِلَة,اسم فاعل,255,5206,كلمة تدل على معنى في هذا الإطار,قبل,فَاعِلَةٌ,roots-4662:قبل:المحكم — المعاني,roots-4662:قبل:مقاييس — المحور,roots-4662:قبل:الأساس — المجاز,قَابِلَة,APPROVED,,L2_017 haiku b13
AR05871,عَالِم نَفْس,تركيب,255,5207,كلمة تدل على معنى في هذا الإطار,,,,,,عَالِم نَفْس,APPROVED,,L2_017 haiku b13
AR05872,مُعَالِج نَفْسِي,تركيب,255,5208,كلمة تدل على معنى في هذا الإطار,,,,,,مُعَالِج نَفْسِي,APPROVED,,L2_017 haiku b13
AR05873,سَاحِر,صفة مشبهة,255,5209,كلمة تدل على معنى في هذا الإطار,سحر,فَاعِلٌ,roots-4662:سحر:المحكم — المعاني,roots-4662:سحر:مقاييس — المحور,roots-4662:سحر:الأساس — المجاز,سَاحِر,APPROVED,,L2_017 haiku b13
AR05874,طَبِيب الْمَسَالِك الْبَوْلِيَّة,تركيب,255,7717,كلمة تدل على معنى في هذا الإطار,,,,,,طَبِيب الْمَسَالِك الْبَوْلِيَّة,APPROVED,,L2_017 haiku b13
AR05875,مُعَالِج النُّطْق,تركيب,255,9851,كلمة تدل على معنى في هذا الإطار,,,,,,مُعَالِج النُّطْق,APPROVED,,L2_017 haiku b13
AR05876,مُمَرِّضَة,اسم فاعل,255,13342,كلمة تدل على معنى في هذا الإطار,مرض,مُفَعِّلَةٌ,roots-4662:مرض:المحكم — المعاني,,roots-4662:مرض:الأساس — المجاز,مُمَرِّضَة,APPROVED,,L2_017 haiku b13
AR05877,أَمْرَاض الْقَلْب,تركيب,256,4590,كلمة تدل على معنى في هذا الإطار,,,,,,أَمْرَاض الْقَلْب,APPROVED,,L2_017 haiku b13
AR05878,طِب الأَسْنَان,تركيب,256,4591,كلمة تدل على معنى في هذا الإطار,,,,,,طِب الأَسْنَان,APPROVED,,L2_017 haiku b13
AR05879,أَمْرَاض الْجِلْد,تركيب,256,4592,كلمة تدل على معنى في هذا الإطار,,,,,,أَمْرَاض الْجِلْد,APPROVED,,L2_017 haiku b13
AR05880,أَمْرَاض الْغُدَد,تركيب,256,4593,كلمة تدل على معنى في هذا الإطار,,,,,,أَمْرَاض الْغُدَد,APPROVED,,L2_017 haiku b13
AR05881,عِلْم الأَوْبِئَة,تركيب,256,4594,كلمة تدل على معنى في هذا الإطار,,,,,,عِلْم الأَوْبِئَة,APPROVED,,L2_017 haiku b13
AR05882,أَمْرَاض الْجِهَاز الْهَضْمِي,تركيب,256,4595,كلمة تدل على معنى في هذا الإطار,,,,,,أَمْرَاض الْجِهَاز الْهَضْمِي,APPROVED,,L2_017 haiku b13
AR05883,أَمْرَاض النِّسَائِيَّة,تركيب,256,4596,كلمة تدل على معنى في هذا الإطار,,,,,,أَمْرَاض النِّسَائِيَّة,APPROVED,,L2_017 haiku b13
AR05884,أَمْرَاض الدَّم,تركيب,256,4597,كلمة تدل على معنى في هذا الإطار,,,,,,أَمْرَاض الدَّم,APPROVED,,L2_017 haiku b13
AR05885,تَقْوِيم الْعَمُود الْفِقْرِي,تركيب,256,4598,كلمة تدل على معنى في هذا الإطار,,,,,,تَقْوِيم الْعَمُود الْفِقْرِي,APPROVED,,L2_017 haiku b13
AR05886,عِلْم الأَنْسِجَة,تركيب,256,4599,كلمة تدل على معنى في هذا الإطار,,,,,,عِلْم الأَنْسِجَة,APPROVED,,L2_017 haiku b13
AR05887,مِثْلِيَّة,مصدر,256,4600,كلمة تدل على معنى في هذا الإطار,ثلي,,,,,مِثْلِيَّة,APPROVED,,L2_017 haiku b13 | FLAGS: AL_STRIPPED;WAZN_MISSING
AR05888,الطِّب التَّقْلِيدِي,تركيب,256,4601,كلمة تدل على معنى في هذا الإطار,,,,,,الطِّب التَّقْلِيدِي,APPROVED,,L2_017 haiku b13
AR05889,تَوْلِيد,مصدر,256,4602;4613,كلمة تدل على معنى في هذا الإطار,ولد,فِعَالَةٌ,roots-4662:ولد:المحكم — المعاني,roots-4662:ولد:مقاييس — المحور,roots-4662:ولد:الأساس — المجاز,تَوْلِيد,APPROVED,,L2_017 haiku b13 | FLAGS: AL_STRIPPED
AR05890,الْعِلَاج النَّفْسِي,تركيب,256,4603,كلمة تدل على معنى في هذا الإطار,,,,,,الْعِلَاج النَّفْسِي,APPROVED,,L2_017 haiku b13
AR05891,التَّحْلِيل النَّفْسِي,تركيب,256,4604,كلمة تدل على معنى في هذا الإطار,,,,,,التَّحْلِيل النَّفْسِي,APPROVED,,L2_017 haiku b13
AR05892,عِلْم الْمَنَاعَة,تركيب,256,4605,كلمة تدل على معنى في هذا الإطار,,,,,,عِلْم الْمَنَاعَة,APPROVED,,L2_017 haiku b13
AR05893,طِب أَطْفَال الْوِلَادَة,تركيب,256,4610,كلمة تدل على معنى في هذا الإطار,,,,,,طِب أَطْفَال الْوِلَادَة,APPROVED,,L2_017 haiku b13
AR05894,أَمْرَاض الْكُلَى,تركيب,256,4611,كلمة تدل على معنى في هذا الإطار,,,,,,أَمْرَاض الْكُلَى,APPROVED,,L2_017 haiku b13
AR05895,أَمْرَاض الأَعْصَاب,تركيب,256,4612,كلمة تدل على معنى في هذا الإطار,,,,,,أَمْرَاض الأَعْصَاب,APPROVED,,L2_017 haiku b13
AR05896,أَمْرَاض الأَوْرَام,تركيب,256,4614,كلمة تدل على معنى في هذا الإطار,,,,,,أَمْرَاض الأَوْرَام,APPROVED,,L2_017 haiku b13
AR05897,أَمْرَاض الْعِظَام,تركيب,256,4615,كلمة تدل على معنى في هذا الإطار,,,,,,أَمْرَاض الْعِظَام,APPROVED,,L2_017 haiku b13
AR05898,طِب الأَطْفَال,تركيب,256,4616,كلمة تدل على معنى في هذا الإطار,,,,,,طِب الأَطْفَال,APPROVED,,L2_017 haiku b13
AR05899,أَمْرَاض الْقَدَم,تركيب,256,4617,كلمة تدل على معنى في هذا الإطار,,,,,,أَمْرَاض الْقَدَم,APPROVED,,L2_017 haiku b13
AR05900,عِلْم الأَشْعَات,تركيب,256,4618,كلمة تدل على معنى في هذا الإطار,,,,,,عِلْم الأَشْعَات,APPROVED,,L2_017 haiku b13
AR05901,أَمْرَاض الرُّومَاتِيزْم,تركيب,256,4619,كلمة تدل على معنى في هذا الإطار,,,,,,أَمْرَاض الرُّومَاتِيزْم,APPROVED,,L2_017 haiku b13
AR05904,عِلَاج النُّطْق,تركيب,256,4632,كلمة تدل على معنى في هذا الإطار,,,,,,عِلَاج النُّطْق,APPROVED,,L2_017 haiku b13
AR05905,سَمَّاعَة طَبِيب,تركيب,257,4637,كلمة تدل على معنى في هذا الإطار,,,,,,سَمَّاعَة طَبِيب,APPROVED,,L2_017 haiku b13
AR05906,مِنْظَار الشُّعَب,تركيب,257,4638,كلمة تدل على معنى في هذا الإطار,,,,,,مِنْظَار الشُّعَب,APPROVED,,L2_017 haiku b13
AR05907,مِنْظَار الْقُولُون,تركيب,257,4639,كلمة تدل على معنى في هذا الإطار,,,,,,مِنْظَار الْقُولُون,APPROVED,,L2_017 haiku b13
AR05908,مِنْظَار,اسم جامد,257,4640;4674,كلمة تدل على معنى في هذا الإطار,نظر,,roots-4662:نظر:المحكم — المعاني,roots-4662:نظر:مقاييس — النص,roots-4662:نظر:الأساس — المجاز,مِنْظَار,APPROVED,,L2_017 haiku b13 | FLAGS: WAZN_MISSING
AR05909,أُنْبُوب طِبِّي,تركيب,257,4659,كلمة تدل على معنى في هذا الإطار,,,,,,أُنْبُوب طِبِّي,APPROVED,,L2_017 haiku b13
AR05910,مِلْقَط,اسم جامد,257,4661,كلمة تدل على معنى في هذا الإطار,لقط,,roots-4662:لقط:المحكم — المعاني,roots-4662:لقط:مقاييس — المحور,roots-4662:لقط:الأساس — المجاز,مِلْقَط,APPROVED,,L2_017 haiku b13 | FLAGS: WAZN_MISSING
AR05911,مِنْظَار الْمَرَارَة,تركيب,257,4662,كلمة تدل على معنى في هذا الإطار,,,,,,مِنْظَار الْمَرَارَة,APPROVED,,L2_017 haiku b13
AR05912,جِهَاز الْفُلُورُو,تركيب,257,4665,كلمة تدل على معنى في هذا الإطار,,,,,,جِهَاز الْفُلُورُو,APPROVED,,L2_017 haiku b13
AR05913,مِنْظَار الْمَعِدَة,تركيب,257,4666,كلمة تدل على معنى في هذا الإطار,,,,,,مِنْظَار الْمَعِدَة,APPROVED,,L2_017 haiku b13
AR05914,مِنْظَار الْبَطْن,تركيب,257,4667,كلمة تدل على معنى في هذا الإطار,,,,,,مِنْظَار الْبَطْن,APPROVED,,L2_017 haiku b13
AR05915,مِنْظَار الْعَيْن,تركيب,257,4669,كلمة تدل على معنى في هذا الإطار,,,,,,مِنْظَار الْعَيْن,APPROVED,,L2_017 haiku b13
AR05916,رَاسِم ذَبْذَبَات,تركيب,257,4670,كلمة تدل على معنى في هذا الإطار,,,,,,رَاسِم ذَبْذَبَات,APPROVED,,L2_017 haiku b13
AR05917,مِنْظَار السِّينِي,تركيب,257,4671,كلمة تدل على معنى في هذا الإطار,,,,,,مِنْظَار السِّينِي,APPROVED,,L2_017 haiku b13
AR05921,مِنْظَار الأُذُن,تركيب,257,4680,كلمة تدل على معنى في هذا الإطار,,,,,,مِنْظَار الأُذُن,APPROVED,,L2_017 haiku b13
AR05922,جِهَاز قِيَاس ضَغْط الدَّم,تركيب,257,9850,كلمة تدل على معنى في هذا الإطار,,,,,,جِهَاز قِيَاس ضَغْط الدَّم,APPROVED,,L2_017 haiku b13
AR05923,مَع,حرف,258,4685;4704,كلمة تدل على معنى في هذا الإطار,,,,,,مَع,APPROVED,,L2_017 haiku b13
AR05924,وَحْدَه,ظرف,258,17130;17131,كلمة تدل على معنى في هذا الإطار,وحد,,roots-4662:وحد:المحكم — المعاني,roots-4662:وحد:مقاييس — المحور,,وَحْدَه,APPROVED,,L2_017 haiku b13 | FLAGS: WAZN_MISSING
AR05927,لَصَقَ,فعل,259,4737,كلمة تدل على معنى في هذا الإطار,لصق,فَعَلَ,roots-4662:لصق:المحكم — المعاني,roots-4662:لصق:مقاييس — المحور,roots-4662:لصق:الأساس — المجاز,لَصَقَ,APPROVED,,L2_017 haiku b13
AR05929,لَحَمَ,فعل,259,4739,كلمة تدل على معنى في هذا الإطار,لحم,فَعَلَ,roots-4662:لحم:المحكم — المعاني,roots-4662:لحم:مقاييس — المحور,roots-4662:لحم:الأساس — المجاز,لَحَمَ,APPROVED,,L2_017 haiku b13
AR05934,أَقَامَ,فعل,259,11990,كلمة تدل على معنى في هذا الإطار,قوم,أَفْعَلَ,roots-4662:قوم:المحكم — المعاني,roots-4662:قوم:مقاييس — المحور,roots-4662:قوم:الأساس — المجاز,أَقَامَ,APPROVED,,L2_017 haiku b13
AR05935,رَفَعَ,فعل,259,11991,كلمة تدل على معنى في هذا الإطار,رفع,فَعَلَ,roots-4662:رفع:المحكم — المعاني,roots-4662:رفع:مقاييس — المحور,roots-4662:رفع:الأساس — المجاز,رَفَعَ,APPROVED,,L2_017 haiku b13
AR05939,دَعَا,فعل,260,4755,استدعى الناس للاجتماع لغرض معين,دعو,فَعَلَ,roots-4662:دعو:المحكم — المعاني,roots-4662:دعو:مقاييس — النص,roots-4662:دعو:الأساس — المجاز,دَعَا,APPROVED,,L2_017 haiku b14
AR05940,يَوْمُ الهِدْنَةِ,تركيب,261,4763,الذكرى السنوية للهدنة في الحادي عشر من نوفمبر,,,,,,يَوْمُ الهِدْنَةِ,APPROVED,,L2_017 haiku b14
AR05941,لَحِسَ,فعل,263,4780,لعق الحيوان السائل بلسانه,لحس,فَعِلَ,roots-4662:لحس:المحكم — المعاني,roots-4662:لحس:مقاييس — المحور,roots-4662:لحس:الأساس — المجاز,لَحِسَ,APPROVED,,L2_017 haiku b14
AR05942,رَشَفَ,فعل,263,4781;4786,شرب الشراب مع صوت مسموع,رشف,فَعَلَ,roots-4662:رشف:المحكم — المعاني,roots-4662:رشف:مقاييس — المحور,,رَشَفَ,APPROVED,,L2_017 haiku b14
AR05947,مَضَغَ,فعل,263,4788,أكل الطعام مضغاً مستمراً,مضغ,فَعَلَ,roots-4662:مضغ:المحكم — المعاني,roots-4662:مضغ:مقاييس — المحور,,مَضَغَ,APPROVED,,L2_017 haiku b14
AR05948,تَنَاوَلَ,فعل,263,4790;5171,أكل وجبة خفيفة,نول,تَفَاعَلَ,roots-4662:نول:المحكم — المعاني,roots-4662:نول:مقاييس — المحور,,تَنَاوَلَ,APPROVED,,L2_017 haiku b14
AR05949,أَقَامَ وَلِيمَة,تركيب,263,4791,أكل وشرب بإسراف فخم,,,,,,أَقَامَ وَلِيمَة,APPROVED,,L2_017 haiku b14
AR05951,تَنَاوَلَ وَجْبَة خَفِيفَة,تركيب,263,4793,أكل وجبة خفيفة بين الوجبات الرئيسية,,,,,,تَنَاوَلَ وَجْبَة خَفِيفَة,APPROVED,,L2_017 haiku b14
AR05952,تَنَاوَلَ الفِطُور,تركيب,263,4794,أكل أول وجبة في اليوم,,,,,,تَنَاوَلَ الفِطُور,APPROVED,,L2_017 haiku b14
AR05953,تَنَاوَلَ الغَدَاء,تركيب,263,4795,أكل وجبة الظهيرة,,,,,,تَنَاوَلَ الغَدَاء,APPROVED,,L2_017 haiku b14
AR05954,تَنَاوَلَ العَشَاء,تركيب,263,4796,أكل وجبة المساء,,,,,,تَنَاوَلَ العَشَاء,APPROVED,,L2_017 haiku b14
AR05956,قَضَمَ,فعل,263,4806,أكل بعض الشيء بكميات صغيرة,قضم,فَعَلَ,roots-4662:قضم:المحكم — المعاني,roots-4662:قضم:مقاييس — المحور,roots-4662:قضم:الأساس — المجاز,قَضَمَ,APPROVED,,L2_017 haiku b14
AR05957,نَعَسَ,فعل,264,4814;4815;4817,نام الإنسان نوماً خفيفاً قصيراً,نعس,فَعَلَ,roots-4662:نعس:المحكم — المعاني,roots-4662:نعس:مقاييس — المحور,roots-4662:نعس:الأساس — المجاز,نَعَسَ,APPROVED,,L2_017 haiku b14
AR05958,غَفَا,فعل,264,4816,نام قيلولة قصيرة خفيفة,غفو,فَعَلَ,roots-4662:غفو:المحكم — المعاني,roots-4662:غفو:مقاييس — المحور,,غَفَا,APPROVED,,L2_017 haiku b14
AR05959,نَامَ,فعل,264,4818;4825;4827,استرخى في نوم عميق,نوم,فَعَلَ,roots-4662:نوم:المحكم — المعاني,roots-4662:نوم:مقاييس — المحور,roots-4662:نوم:الأساس — المجاز,نَامَ,APPROVED,,L2_017 haiku b14
AR05960,سَبَاتَ,فعل,264,4819,قضت الحيوانات فصل الشتاء في حالة سكون,سبت,فَاعَلَ,roots-4662:سبت:المحكم — المعاني,roots-4662:سبت:مقاييس — المحور,,سَبَاتَ,APPROVED,,L2_017 haiku b14
AR05961,قَطَّعَ,فعل,265,4820;4821;4823,قسّم الشيء إلى أجزاء رقيقة عريضة,قطع,فَعَّلَ,roots-4662:قطع:المحكم — المعاني,roots-4662:قطع:مقاييس — المحور,roots-4662:قطع:الأساس — المجاز,قَطَّعَ,APPROVED,,L2_017 haiku b14
AR05962,فَرَّمَ,فعل,265,4822;4824,قطّع اللحم إلى قطع صغيرة جداً,فرم,فَعَّلَ,roots-4662:فرم:المحكم — المعاني,roots-4662:فرم:مقاييس — النص,,فَرَّمَ,APPROVED,,L2_017 haiku b14
AR05963,سَبَعَ,فعل,264,4826,بقي في حالة بين النوم واليقظة,سبع,فَعَلَ,roots-4662:سبع:المحكم — المعاني,roots-4662:سبع:مقاييس — المحور,roots-4662:سبع:الأساس — المجاز,سَبَعَ,APPROVED,,L2_017 haiku b14
AR05964,نَزَعَ الشَّوْكَ,تركيب,265,4828,قطّع السمك أو اللحم إلى أجزاء خالية من العظم,,,,,,نَزَعَ الشَّوْكَ,APPROVED,,L2_017 haiku b14
AR05965,الْتَهَمَ,فعل,263,4830,أكل الفريسة بجشع وسرعة,لهم,اِفْتَعَلَ,roots-4662:لهم:المحكم — المعاني,roots-4662:لهم:مقاييس — المحور,roots-4662:لهم:الأساس — المجاز,الْتَهَمَ,APPROVED,,L2_017 haiku b14
AR05966,اسْتَهْلَكَ,فعل,263,4831,أكل أو شرب أو امتص شيئاً,هلك,اِسْتَفْعَلَ,roots-4662:هلك:المحكم — المعاني,roots-4662:هلك:مقاييس — المحور,roots-4662:هلك:الأساس — المجاز,اسْتَهْلَكَ,APPROVED,,L2_017 haiku b14
AR05967,تَفَرَّقَ,فعل,267,4837;4840,ذهب أو توزّع في اتجاهات مختلفة,فرق,تَفَعَّلَ,roots-4662:فرق:المحكم — المعاني,roots-4662:فرق:مقاييس — المحور,roots-4662:فرق:الأساس — المجاز,تَفَرَّقَ,APPROVED,,L2_017 haiku b14
AR05968,تَفَكَّكَ,فعل,267,4839,انحلّ الشيء الصلب في السائل,فكك,تَفَعَّلَ,roots-4662:فكك:المحكم — المعاني,roots-4662:فكك:مقاييس — المحور,roots-4662:فكك:الأساس — المجاز,تَفَكَّكَ,APPROVED,,L2_017 haiku b14
AR05969,تَفَكُّكٌ,مصدر,267,4841,عملية الانحلال أو الاختفاء,فكك,تَفَعُّلٌ,roots-4662:فكك:المحكم — المعاني,roots-4662:فكك:مقاييس — المحور,roots-4662:فكك:الأساس — المجاز,تَفَكُّكٌ,APPROVED,,L2_017 haiku b14
AR05971,وَزَّعَ,فعل,267,4844,أعطى أو قسّم بين عدة متلقين,وزع,فَعَّلَ,roots-4662:وزع:المحكم — المعاني,roots-4662:وزع:مقاييس — النص,roots-4662:وزع:الأساس — المجاز,وَزَّعَ,APPROVED,,L2_017 haiku b14
AR05972,توزيع,مصدر,267,4845,فعل تقسيم بين متعددين,وزع,تَفْعِيلٌ,roots-4662:وزع:المحكم — المعاني,roots-4662:وزع:مقاييس — النص,roots-4662:وزع:الأساس — المجاز,توزيع,APPROVED,,L2_017 haiku b14 | FLAGS: UNVOCALIZED
AR05973,نَشَرَ,فعل,267,4846;11707,وسّع المساحة أو أعداداً على سطح,نشر,فَعَلَ,roots-4662:نشر:المحكم — المعاني,roots-4662:نشر:مقاييس — المحور,roots-4662:نشر:الأساس — المجاز,نَشَرَ,APPROVED,,L2_017 haiku b14
AR05975,فَضِيحَةٌ,اسم جامد,266,4848,فشل مخزٍ ومُضحك,فضح,فَعِيلَةٌ,roots-4662:فضح:المحكم — المعاني,roots-4662:فضح:مقاييس — المحور,roots-4662:فضح:الأساس — المجاز,فَضِيحَةٌ,APPROVED,,L2_017 haiku b14
AR05976,فَشِلَ تَمَاماً,تركيب,266,4849,أفسد الفرصة تماماً,,,,,,فَشِلَ تَمَاماً,APPROVED,,L2_017 haiku b14
AR05978,أَفْسَدَ,فعل,266,4851;11999;12001,أدّى المهمة بإهمال وسوء,فسد,أَفْعَلَ,roots-4662:فسد:المحكم — المعاني,roots-4662:فسد:مقاييس — النص,,أَفْسَدَ,APPROVED,,L2_017 haiku b14
AR05979,خَرَّبَ,فعل,266,4853;4856;11993;12002,فسد الشيء بشكل لا يمكن إصلاحه,خرب,فَعَّلَ,roots-4662:خرب:المحكم — المعاني,roots-4662:خرب:مقاييس — المحور,roots-4662:خرب:الأساس — المجاز,خَرَّبَ,APPROVED,,L2_017 haiku b14
AR05980,فَسَدَ,فعل,266,4855;4857;4864;11995,أساء التعامل مع الموقف,فسد,فَعَلَ,roots-4662:فسد:المحكم — المعاني,roots-4662:فسد:مقاييس — النص,,فَسَدَ,APPROVED,,L2_017 haiku b14
AR05983,غَبِيٌّ,صفة مشبهة,266,4861;4867,شخص يرتكب أخطاء بشكل متكرر,غبي,فَعِيلٌ,v21:غبي:المحكم — المعاني,v21:غبي:مقاييس — المحور,,غَبِيٌّ,APPROVED,,L2_017 haiku b14 | POS ← L2_025 | L2_025
AR05984,فَسَدَ تَمَاماً,تركيب,266,4865,أدار الموقف بسوء تام,,,,,,فَسَدَ تَمَاماً,APPROVED,,L2_017 haiku b14
AR05985,رَشْفَة,اسم جامد,263,4869;4871;4874,كمية صغيرة من السائل تُشرب دفعة واحدة,رشف,فَعْلَةٌ,roots-4662:رشف:المحكم — المعاني,roots-4662:رشف:مقاييس — المحور,,رَشْفَة,APPROVED,,L2_017 haiku b14
AR05987,غَرِقَ,فعل,266,4879,سقط أو انهار تماماً,غرق,فَعِلَ,roots-4662:غرق:المحكم — المعاني,roots-4662:غرق:مقاييس — المحور,roots-4662:غرق:الأساس — المجاز,غَرِقَ,APPROVED,,L2_017 haiku b14
AR05988,قَشَّرَ,فعل,265,4889,أزال الطبقة الخارجية بالقطع,قشر,فَعَّلَ,roots-4662:قشر:المحكم — المعاني,roots-4662:قشر:مقاييس — المحور,roots-4662:قشر:الأساس — المجاز,قَشَّرَ,APPROVED,,L2_017 haiku b14
AR05990,طَهَا,فعل,268,4891;4893,صنع وجبة طعام,طهي,فَعَلَ,v21:طهي:المحكم — المعاني,v21:طهي:مقاييس — المحور,,طَهَا,APPROVED,,L2_017 haiku b14
AR05991,حَضَّرَ بسرعة,تركيب,268,4892,أعدّ أو صنع الطعام بسرعة,,,,,,حَضَّرَ بسرعة,APPROVED,,L2_017 haiku b14
AR05996,اسْتَمَعَ,فعل,269,4899,بذل جهداً للسماع,سمع,اِسْتَفْعَلَ,roots-4662:سمع:المحكم — المعاني,roots-4662:سمع:مقاييس — المحور,roots-4662:سمع:الأساس — المجاز,اسْتَمَعَ,APPROVED,,L2_017 haiku b14 | FLAGS: WAZN_LEMMA_MISMATCH
AR05997,رَاقَبَ,فعل,269,4900,ظلّ منتبهاً للبحث عن شيء,رقب,فَاعَلَ,roots-4662:رقب:المحكم — المعاني,roots-4662:رقب:مقاييس — المحور,roots-4662:رقب:الأساس — المجاز,رَاقَبَ,APPROVED,,L2_017 haiku b14
AR05999,لَمَسَ,فعل,269,4904,ادرك أو افحص بواسطة اللمس,لمس,فَعَلَ,roots-4662:لمس:المحكم — المعاني,roots-4662:لمس:مقاييس — المحور,roots-4662:لمس:الأساس — المجاز,لَمَسَ,APPROVED,,L2_017 haiku b14
AR06001,غَسَلَ الرَّمْل,تركيب,269,4912,اغسل الحصى في حوض لاستخلاص الذهب,,,,,,غَسَلَ الرَّمْل,APPROVED,,L2_017 haiku b14
AR06002,فَتَّشَ,فعل,269,4913,استخدم يديك للبحث عن المحظورات,فتش,فَعَّلَ,roots-4662:فتش:المحكم — المعاني,roots-4662:فتش:مقاييس — المحور,,فَتَّشَ,APPROVED,,L2_017 haiku b14
AR06006,تَغَوَّطَ,فعل,270,4920;4921,افرز البراز من الجسم,غوط,تَفَعَّلَ,roots-4662:غوط:المحكم — المعاني,roots-4662:غوط:مقاييس — المحور,roots-4662:غوط:الأساس — المجاز,تَغَوَّطَ,APPROVED,,L2_017 haiku b14
AR06007,أَفْرَغَ,فعل,270,4922;9472,صرف أو ابعد شيئاً,فرغ,أَفْعَلَ,roots-4662:فرغ:المحكم — المعاني,roots-4662:فرغ:مقاييس — المحور,roots-4662:فرغ:الأساس — المجاز,أَفْرَغَ,APPROVED,,L2_017 haiku b14
AR06008,تَجَشَّأَ,فعل,270,4923;4924,أفرج غاز من المعدة,جشء,تَفَعَّلَ,v21:جشأ:المحكم — المعاني,v21:جشأ:مقاييس — المحور,v21:جشأ:الأساس — المجاز,تَجَشَّأَ,APPROVED,,L2_017 haiku b14 | FLAGS: ROOT_NORMALIZED
AR06009,أَطْلَقَ رِيحاً,تركيب,270,4925,افرز الغاز من الشرج,,,,,,أَطْلَقَ رِيحاً,APPROVED,,L2_017 haiku b14
AR06010,لَذِيذٌ,صفة مشبهة,271,4927;4930;4935,طعم الطعام لطيف ومميز,لذذ,فَعِيلٌ,roots-4662:لذذ:المحكم — المعاني,roots-4662:لذذ:مقاييس — المحور,,لَذِيذٌ,APPROVED,,L2_017 haiku b14 | POS ← L2_025 | L2_025
AR06011,لَاذِعٌ,اسم فاعل,271,4929;4972,طعم حاد لاذع وشهي,لذع,فَاعِلٌ,roots-4662:لذع:المحكم — المعاني,roots-4662:لذع:مقاييس — المحور,,لَاذِعٌ,APPROVED,,L2_017 haiku b14 | POS ← L2_024 | L2_025
AR06012,غَنِيٌّ بالطَّعْم,تركيب,271,4932,يتمتع بطعم قوي ملموس,,,,,,غَنِيٌّ بالطَّعْم,APPROVED,,L2_017 haiku b14
AR06013,شَهِيٌّ,صفة مشبهة,271,4933;4937,طعم الطعام لذيذ جداً,شهي,فَعِيلٌ,,,,شَهِيٌّ,APPROVED,,L2_017 haiku b14 | POS ← L2_025 | L2_025
AR06014,مُرْضٍ,اسم فاعل,271,4934,لطيف الطعم,رضي,مُفْعِلٌ,,v21:رضي:مقاييس — المحور,,مُرْضٍ,APPROVED,,L2_017 haiku b14
AR06015,غَنِيٌّ,صفة مشبهة,271,4936,كامل الطعم,غني,فَعِيلٌ,roots-4662:غني:المحكم — المعاني,roots-4662:غني:مقاييس — المحور,roots-4662:غني:الأساس — المجاز,غَنِيٌّ,APPROVED,,L2_017 haiku b14 | POS ← L2_025 | L2_025
AR06016,إلَهِيٌّ,اسم منسوب,271,4938,طعم فائق اللذاذة,ءله,فِعَالِيٌّ,v21:أله:المحكم — المعاني,v21:أله:مقاييس — المحور,,إلَهِيٌّ,APPROVED,,L2_017 haiku b14 | POS ← L2_025 (ياء النسبة; mark order ٌّ missed by 22 regex) | L2_025
AR06017,ذُو طَعْم,تركيب,271,4939,له طعم واضح مميز,,,,,,ذُو طَعْم,APPROVED,,L2_017 haiku b14
AR06018,مَالِحٌ,اسم فاعل,271,4940,ذو طعم الملح,ملح,فَاعِلٌ,roots-4662:ملح:المحكم — المعاني,roots-4662:ملح:مقاييس — النص,roots-4662:ملح:الأساس — المجاز,مَالِحٌ,APPROVED,,L2_017 haiku b14 | POS ← L2_024 | L2_025
AR06020,مُرٌّ,صفة مشبهة,271,4942,ذو طعم حاد قاسٍ ليس حلو,مرر,فُعْلٌ,roots-4662:مرر:المحكم — المعاني,roots-4662:مرر:مقاييس — المحور,roots-4662:مرر:الأساس — المجاز,مُرٌّ,APPROVED,,L2_017 haiku b14 | POS ← L2_025 | L2_025
AR06023,تَقَيَّأَ,فعل,270,4946;4949;5471;9913;13547,أفرج المواد من المعدة عبر الفم,قيء,تَفَعَّلَ,roots-4662:قيء:المحكم — المعاني,roots-4662:قيء:مقاييس — النص,,تَقَيَّأَ,APPROVED,,L2_017 haiku b14
AR06024,أَرْجَعَ,فعل,270,4950,أعاد الطعام المبلوع إلى الفم,رجع,أَفْعَلَ,roots-4662:رجع:المحكم — المعاني,roots-4662:رجع:مقاييس — المحور,roots-4662:رجع:الأساس — المجاز,أَرْجَعَ,APPROVED,,L2_017 haiku b14
AR06025,مالح,اسم فاعل,271,4954,ذو طعم مملح أو بهاري,ملح,فَاعِلٌ,roots-4662:ملح:المحكم — المعاني,roots-4662:ملح:مقاييس — النص,roots-4662:ملح:الأساس — المجاز,مالح,APPROVED,,L2_017 haiku b14 | POS ← L2_024 | L2_025
AR06026,لَذِيذٌ جِدّاً,تركيب,271,4956,طعم الطعام لطيف جداً,,,,,,لَذِيذٌ جِدّاً,APPROVED,,L2_017 haiku b14
AR06027,بِلاَ طَعْم,تركيب,271,4974;6052,خالي من الطعم,,,,,,بِلاَ طَعْم,APPROVED,,L2_017 haiku b14
AR06028,فَاتِرٌ,اسم فاعل,271,4975;4976,طعم الطعام ضعيف أو بلا مذاق,فتر,فَاعِلٌ,roots-4662:فتر:المحكم — المعاني,roots-4662:فتر:مقاييس — المحور,roots-4662:فتر:الأساس — المجاز,فَاتِرٌ,APPROVED,,L2_017 haiku b14 | POS ← L2_024 | L2_025
AR06029,غَيْرُ لَذِيذ,تركيب,271,4977,غير لطيف الطعم,,,,,,غَيْرُ لَذِيذ,APPROVED,,L2_017 haiku b14
AR06030,رَائِحَةٌ,اسم جامد,271,4978;4979;4980;4982;4984;4985;4986;4987;4988,رائحة قوية جداً غير مريحة,روح,فَاعِلَةٌ,roots-4662:روح:المحكم — المعاني,roots-4662:روح:مقاييس — المحور,roots-4662:روح:الأساس — المجاز,رَائِحَةٌ,APPROVED,,L2_017 haiku b14
AR06031,نَتَنَ,فعل,271,4981;4983;8920,رائحة الشيء كريهة,نتن,فَعَلَ,roots-4662:نتن:المحكم — المعاني,,,نَتَنَ,APPROVED,,L2_017 haiku b14
AR06033,عِيدُ الملَاكِمَة,تركيب,261,4994,عطلة عامة في أول يوم بعد عيد الميلاد,,,,,,عِيدُ الملَاكِمَة,APPROVED,,L2_017 haiku b14
AR06034,عِيدُ العُمَّال,تركيب,261,4995,عطلة عامة تكريماً للعمال في الأول من مايو,,,,,,عِيدُ العُمَّال,APPROVED,,L2_017 haiku b14
AR06035,يَوْمُ كِذْبَة نِيسَان,تركيب,261,5147,يوم تقليدي للمزح والخدع في شهر نيسان,,,,,,يَوْمُ كِذْبَة نِيسَان,APPROVED,,L2_017 haiku b14
AR06036,عِيدُ الميلاد المجيد,تركيب,261,5148,العطلة المسيحية السنوية في خمسة وعشرين ديسمبر,,,,,,عِيدُ الميلاد المجيد,APPROVED,,L2_017 haiku b14
AR06037,سَاقَ,فعل,260,5313,جمع القطيع أو المجموعة من الناس,سوق,فَعَلَ,roots-4662:سوق:المحكم — المعاني,roots-4662:سوق:مقاييس — المحور,roots-4662:سوق:الأساس — المجاز,سَاقَ,APPROVED,,L2_017 haiku b14
AR06038,نَوْمٌ,اسم جامد,264,5316;5322;5324;5325,الاستسلام للنوم,نوم,فَعْلٌ,roots-4662:نوم:المحكم — المعاني,roots-4662:نوم:مقاييس — المحور,roots-4662:نوم:الأساس — المجاز,نَوْمٌ,APPROVED,,L2_017 haiku b14
AR06039,غَفْوَة,اسم جامد,264,5317;5326,كمية صغيرة من النوم,غفو,فَعْلَةٌ,roots-4662:غفو:المحكم — المعاني,roots-4662:غفو:مقاييس — المحور,,غَفْوَة,APPROVED,,L2_017 haiku b14
AR06040,نُعَاسٌ,اسم جامد,264,5318,نوم قصير خفيف,نعس,فُعَالٌ,roots-4662:نعس:المحكم — المعاني,roots-4662:نعس:مقاييس — المحور,roots-4662:نعس:الأساس — المجاز,نُعَاسٌ,APPROVED,,L2_017 haiku b14
AR06041,قَيْلُولَة,اسم جامد,264,5319;5323,نوم قصير أثناء النهار,قيل,فَيْعُولَةٌ,roots-4662:قيل:المحكم — المعاني,roots-4662:قيل:مقاييس — النص,roots-4662:قيل:الأساس — المجاز,قَيْلُولَة,APPROVED,,L2_017 haiku b14
AR06042,سُبَاتٌ,اسم جامد,264,5320;5321,حالة من النعاس والتثاؤب,سبت,فُعَالٌ,roots-4662:سبت:المحكم — المعاني,roots-4662:سبت:مقاييس — المحور,,سُبَاتٌ,APPROVED,,L2_017 haiku b14
AR06043,نَائِمٌ,اسم فاعل,264,5327;15504,في حالة النوم,نوم,فَاعِلٌ,roots-4662:نوم:المحكم — المعاني,roots-4662:نوم:مقاييس — المحور,roots-4662:نوم:الأساس — المجاز,نَائِمٌ,APPROVED,,L2_017 haiku b14
AR06044,فَاقِدٌ الوَعْيِ,تركيب,264,5381,غائب عن الوعي أو فاقد للإدراك,,,,,,فَاقِدٌ الوَعْيِ,APPROVED,,L2_017 haiku b14
AR06046,تَقَزَّزَ,فعل,270,5472,أصدر صوت القيء دون قيء فعلي,قزز,تَفَعَّلَ,,roots-4662:قزز:مقاييس — النص,,تَقَزَّزَ,APPROVED,,L2_017 haiku b14
AR06047,لَيْلَةُ الفِصْح,تركيب,261,6686,عطلة يهودية ربيعية تذكر تحرير بني إسرائيل من العبودية,,,,,,لَيْلَةُ الفِصْح,APPROVED,,L2_017 haiku b14
AR06048,كَرِيهُ الرَّائِحَة,تركيب,271,6906,رائحة غير سارة جداً,,,,,,كَرِيهُ الرَّائِحَة,APPROVED,,L2_017 haiku b14
AR06049,شَرِبَ بنهم,تركيب,263,7723,شرب السائل بحماس وسرور,,,,,,شَرِبَ بنهم,APPROVED,,L2_017 haiku b14
AR06051,رَشَّ,فعل,267,9971,ألقى قطرات أو جزيئات على سطح,رشش,فَعَّلَ,roots-4662:رشش:المحكم — المعاني,roots-4662:رشش:مقاييس — المحور,roots-4662:رشش:الأساس — المجاز,رَشَّ,APPROVED,,L2_017 haiku b14 | FLAGS: WAZN_LEMMA_MISMATCH
AR06054,مُدَّةُ النَّوْم,تركيب,264,11053,كمية الوقت المستغرق في النوم,,,,,,مُدَّةُ النَّوْم,APPROVED,,L2_017 haiku b14
AR06055,خَرَّبَ تَمَاماً,تركيب,266,11994,تسبب بوضع سيء جداً بالخطأ,,,,,,خَرَّبَ تَمَاماً,APPROVED,,L2_017 haiku b14
AR06056,فَشِلَ,فعل,266,11996;11998;12000,فشل تماماً في تحقيق الهدف,فشل,فَعِلَ,roots-4662:فشل:المحكم — المعاني,roots-4662:فشل:مقاييس — النص,,فَشِلَ,APPROVED,,L2_017 haiku b14
AR06057,لَخْبَطَ,فعل,266,11997,خبط في سلسلة من الإجراءات,لخبط,فَعَلَ,,,,لَخْبَطَ,APPROVED,,L2_017 haiku b14
AR06059,شَرِبَ بسرعة,تركيب,263,12710,شرب السائل بسرعة لافتة,,,,,,شَرِبَ بسرعة,APPROVED,,L2_017 haiku b14
AR06060,تَنَاوَلَ بنهم,تركيب,263,12711,أكل الطعام بشهية وحماس,,,,,,تَنَاوَلَ بنهم,APPROVED,,L2_017 haiku b14
AR06061,قَطَعَ,فعل,265,12848,قسّم الشيء إلى أجزاء بسكين أو آلة حادة,قطع,فَعَلَ,roots-4662:قطع:المحكم — المعاني,roots-4662:قطع:مقاييس — المحور,roots-4662:قطع:الأساس — المجاز,قَطَعَ,APPROVED,,L2_017 haiku b14
AR06062,رَاكَمَ,فعل,260,12852,تجميع شيء تدريجياً عبر الزمن,ركم,فَاعَلَ,roots-4662:ركم:المحكم — المعاني,roots-4662:ركم:مقاييس — المحور,roots-4662:ركم:الأساس — المجاز,رَاكَمَ,APPROVED,,L2_017 haiku b14
AR06063,نَحَتَ,فعل,265,13439,قطع المادة الصلبة بأداة حادة,نحت,فَعَلَ,roots-4662:نحت:المحكم — المعاني,roots-4662:نحت:مقاييس — المحور,roots-4662:نحت:الأساس — المجاز,نَحَتَ,APPROVED,,L2_017 haiku b14
AR06064,عِيدُ المِيلاد,تركيب,261,14520,يوم السنة الموافق لتاريخ الولادة,,,,,,عِيدُ المِيلاد,APPROVED,,L2_017 haiku b14
AR06065,فَاقِدُ الوَعْيِ,اسم فاعل,264,15505,غافل عن المحيط بسبب الضربة أو التسمم,فقد,فَاعِلٌ,roots-4662:فقد:المحكم — المعاني,roots-4662:فقد:مقاييس — المحور,,فَاقِدُ الوَعْيِ,APPROVED,,L2_017 haiku b14 | FLAGS: WAZN_LEMMA_MISMATCH
AR06066,نَقَلَ,فعل,267,15567,أرسل شيئاً لآخر دون فقدان الملكية,نقل,فَعَلَ,roots-4662:نقل:المحكم — المعاني,roots-4662:نقل:مقاييس — المحور,roots-4662:نقل:الأساس — المجاز,نَقَلَ,APPROVED,,L2_017 haiku b14
AR06067,طَاهٍ,اسم فاعل,268,16786,شخص طهى وجبة أو يطهي عموماً,طهي,فَاعِلٌ,v21:طهي:المحكم — المعاني,v21:طهي:مقاييس — المحور,,طَاهٍ,APPROVED,,L2_017 haiku b14
AR06073,طَهْيٌ,مصدر,268,17900,عملية تحضير الطعام بالحرارة,طهي,فَعْلٌ,v21:طهي:المحكم — المعاني,v21:طهي:مقاييس — المحور,,طَهْيٌ,APPROVED,,L2_017 haiku b14
AR06078,قَلَىٰ,فعل,268,17905,طهي الطعام في دهن ساخن,قلي,فَعَلَ,roots-4662:قلي:المحكم — المعاني,,,قَلَىٰ,APPROVED,,L2_017 haiku b14
AR06079,قَلْيٌ,مصدر,268,17907,عملية الطهي بالدهن الساخن,قلي,فَعْلٌ,roots-4662:قلي:المحكم — المعاني,,,قَلْيٌ,APPROVED,,L2_017 haiku b14
AR06080,أَعَدَّ,فعل,268,17923,صنع وجبة أو جزءاً من وجبة,ءعد,أَفْعَلَ,,,,أَعَدَّ,APPROVED,,L2_017 haiku b14 | FLAGS: ROOT_NORMALIZED
AR06082,تَنَفَّسَ,فعل,272,4957;11969,إخراج وإدخال الهواء بانتظام من الرئتين,نفس,تَفَعَّلَ,roots-4662:نفس:المحكم — المعاني,roots-4662:نفس:مقاييس — المحور,roots-4662:نفس:الأساس — المجاز,تَنَفَّسَ,APPROVED,,L2_017 haiku b15
AR06084,نَفَس,اسم جامد,272,4959,الهواء المسحوب والمخرج من الرئتين,نفس,فَعَلٌ,roots-4662:نفس:المحكم — المعاني,roots-4662:نفس:مقاييس — المحور,roots-4662:نفس:الأساس — المجاز,نَفَس,APPROVED,,L2_017 haiku b15
AR06085,زَفَرَ,فعل,272,4960;11964,إخراج الهواء من الرئتين,زفر,فَعَلَ,roots-4662:زفر:المحكم — المعاني,roots-4662:زفر:مقاييس — المحور,roots-4662:زفر:الأساس — المجاز,زَفَرَ,APPROVED,,L2_017 haiku b15
AR06086,لَهَثَ,فعل,272,4961;4968;11968,التقاط النفس بسرعة من إرهاق أو فزع,لهث,فَعِلَ,roots-4662:لهث:المحكم — المعاني,roots-4662:لهث:مقاييس — النص,roots-4662:لهث:الأساس — المجاز,لَهَثَ,APPROVED,,L2_017 haiku b15
AR06087,تَنَهُّد,مصدر,272,4962,إخراج الهواء بعمق يعبر عن حزن أو تعب,نهد,تَفَعُّلٌ,roots-4662:نهد:المحكم — المعاني,roots-4662:نهد:مقاييس — المحور,,تَنَهُّد,APPROVED,,L2_017 haiku b15
AR06088,زَفِير,اسم جامد,272,4963,الهواء المُخرَج من الرئتين,زفر,فَعِيلٌ,roots-4662:زفر:المحكم — المعاني,roots-4662:زفر:مقاييس — المحور,roots-4662:زفر:الأساس — المجاز,زَفِير,APPROVED,,L2_017 haiku b15
AR06089,تَنَفُّس,مصدر,272,4964,عملية إخراج الهواء من الجسم,نفس,تَفَعُّلٌ,roots-4662:نفس:المحكم — المعاني,roots-4662:نفس:مقاييس — المحور,roots-4662:نفس:الأساس — المجاز,تَنَفُّس,APPROVED,,L2_017 haiku b15
AR06091,نَفَخَ,فعل,272,4967;11963;11967,إخراج الهواء بقوة من الفم,نفخ,فَعَلَ,roots-4662:نفخ:المحكم — المعاني,roots-4662:نفخ:مقاييس — المحور,roots-4662:نفخ:الأساس — المجاز,نَفَخَ,APPROVED,,L2_017 haiku b15
AR06092,تَنَهَّدَ,فعل,272,4992;11970,إصدار نَحْنَحة تعبر عن شعور,نهد,تَفَعَّلَ,roots-4662:نهد:المحكم — المعاني,roots-4662:نهد:مقاييس — المحور,,تَنَهَّدَ,APPROVED,,L2_017 haiku b15
AR06094,تَهَرَّبَ,فعل,274,4996;4998,الإفلات من شيء بمكر ودهاء,هرب,تَفَعَّلَ,roots-4662:هرب:المحكم — المعاني,roots-4662:هرب:مقاييس — النص,,تَهَرَّبَ,APPROVED,,L2_017 haiku b15
AR06095,تَفَادَى,فعل,274,4997,تجنب الشيء بمهارة ودهاء,فيد,تَفَاعَلَ,roots-4662:فيد:المحكم — المعاني,roots-4662:فيد:مقاييس — النص,,تَفَادَى,APPROVED,,L2_017 haiku b15
AR06096,أَفْلَتَ,فعل,274,4999,النجاح في تجنب خطر,فلت,أَفْعَلَ,roots-4662:فلت:المحكم — المعاني,roots-4662:فلت:مقاييس — النص,,أَفْلَتَ,APPROVED,,L2_017 haiku b15
AR06097,تَنَصَّلَ,فعل,274,5000,تجنب أو إهمال الواجب,نصل,تَفَعَّلَ,roots-4662:نصل:المحكم — المعاني,roots-4662:نصل:مقاييس — المحور,roots-4662:نصل:الأساس — المجاز,تَنَصَّلَ,APPROVED,,L2_017 haiku b15
AR06101,تَفَادِي,مصدر,274,5006,عملية تجنب موقف ما,فيد,تَفَاعُلٌ,roots-4662:فيد:المحكم — المعاني,roots-4662:فيد:مقاييس — النص,,تَفَادِي,APPROVED,,L2_017 haiku b15
AR06102,إفْلات,مصدر,274,5007,فعل الإفلات من شيء,فلت,,roots-4662:فلت:المحكم — المعاني,roots-4662:فلت:مقاييس — النص,,إفْلات,APPROVED,إفْعال,L2_017 haiku b15 | FLAGS: WAZN_NOT_IN_INV
AR06103,هَرَبَ,فعل,273,5008,الخروج من الحبس أو القيد بسرعة,هرب,فَعَلَ,roots-4662:هرب:المحكم — المعاني,roots-4662:هرب:مقاييس — النص,,هَرَبَ,APPROVED,,L2_017 haiku b15
AR06104,أَخْلَى,فعل,273,5009,مغادرة مكان خطير بسرعة,خلا,أَفْعَلَ,,,,أَخْلَى,APPROVED,,L2_017 haiku b15 | FLAGS: ROOT_ALIF
AR06105,تَمَكَّنَ,فعل,273,5010,النجاح في الخروج من الحبس,مكن,تَفَعَّلَ,roots-4662:مكن:المحكم — المعاني,roots-4662:مكن:مقاييس — النص,roots-4662:مكن:الأساس — المجاز,تَمَكَّنَ,APPROVED,,L2_017 haiku b15
AR06107,فَرَّ,فعل,273,5016;6619,الهروب من موقف طويل الأمد,فرر,فَعَّلَ,roots-4662:فرر:المحكم — المعاني,roots-4662:فرر:مقاييس — المحور,roots-4662:فرر:الأساس — المجاز,فَرَّ,APPROVED,,L2_017 haiku b15 | FLAGS: WAZN_LEMMA_MISMATCH
AR06108,تَهَرَّبَ,فعل,275,5017,الإفلات من شيء بمهارة ودهاء,هرب,تَفَعَّلَ,roots-4662:هرب:المحكم — المعاني,roots-4662:هرب:مقاييس — النص,,تَهَرَّبَ,APPROVED,,L2_017 haiku b15
AR06109,إفْلات,مصدر,275,5018,عملية الإفلات من القبض,فلت,,roots-4662:فلت:المحكم — المعاني,roots-4662:فلت:مقاييس — النص,,إفْلات,APPROVED,إفْعال,L2_017 haiku b15 | FLAGS: WAZN_NOT_IN_INV
AR06110,هَرَب,صفة مشبهة,275,5019,موجه نحو الإفلات والهروب,هرب,فَاعِلٌ,roots-4662:هرب:المحكم — المعاني,roots-4662:هرب:مقاييس — النص,,هَرَب,APPROVED,,L2_017 haiku b15
AR06111,أَفْلَتَ,فعل,275,5023;5336;9135,الإفلات أو الهروب بمهارة,فلت,أَفْعَلَ,roots-4662:فلت:المحكم — المعاني,roots-4662:فلت:مقاييس — النص,,أَفْلَتَ,APPROVED,,L2_017 haiku b15
AR06112,اِمْتَنَعَ,فعل,274,5030;11922,الإقلاع والامتناع عن شيء,منع,اِفْتَعَلَ,roots-4662:منع:المحكم — المعاني,roots-4662:منع:مقاييس — المحور,roots-4662:منع:الأساس — المجاز,اِمْتَنَعَ,APPROVED,,L2_017 haiku b15
AR06114,دَوَّرَ,فعل,276,5042;5049,إدارة شيء بسرعة وخفة,دور,فَعَّلَ,roots-4662:دور:المحكم — المعاني,roots-4662:دور:مقاييس — المحور,,دَوَّرَ,APPROVED,,L2_017 haiku b15
AR06115,دَارَ,فعل,276,5043;5048,إحداث دوران سريع حول محور,دور,فَاعَلَ,roots-4662:دور:المحكم — المعاني,roots-4662:دور:مقاييس — المحور,,دَارَ,APPROVED,,L2_017 haiku b15
AR06116,اِهْتَزَّ,فعل,276,5044,إحداث حركات صغيرة سريعة,هزز,,roots-4662:هزز:المحكم — المعاني,roots-4662:هزز:مقاييس — المحور,roots-4662:هزز:الأساس — المجاز,اِهْتَزَّ,APPROVED,اِفْتَعَّلَ,L2_017 haiku b15 | FLAGS: WAZN_LEMMA_MISMATCH;WAZN_NOT_IN_INV
AR06117,هَزَّ,فعل,276,5045;17515;18206,إحداث اهتزاز أو ارتجاج,هزز,فَعَّلَ,roots-4662:هزز:المحكم — المعاني,roots-4662:هزز:مقاييس — المحور,roots-4662:هزز:الأساس — المجاز,هَزَّ,APPROVED,,L2_017 haiku b15 | FLAGS: WAZN_LEMMA_MISMATCH
AR06118,تَمَايَلَ,فعل,276,5046;18207,حركة ذهاباً وإياباً أو جانباً,ميل,تَفَاعَلَ,roots-4662:ميل:المحكم — المعاني,roots-4662:ميل:مقاييس — النص,roots-4662:ميل:الأساس — المجاز,تَمَايَلَ,APPROVED,,L2_017 haiku b15
AR06120,كَتَبَ,فعل,278,5065;5067;5071;5210;5212;14897,التأليف والكتابة بالقلم,كتب,فَعَلَ,roots-4662:كتب:المحكم — المعاني,roots-4662:كتب:مقاييس — المحور,roots-4662:كتب:الأساس — المجاز,كَتَبَ,APPROVED,,L2_017 haiku b15
AR06122,صَاغَ,فعل,278,5069,إعداد نسخة أولية من النص,صيغ,فَاعَلَ,,,,صَاغَ,APPROVED,,L2_017 haiku b15
AR06123,دَوَّنَ,فعل,278,5070;5190;5256,الكتابة السريعة على ورقة,دون,فَعَّلَ,roots-4662:دون:المحكم — المعاني,roots-4662:دون:مقاييس — المحور,,دَوَّنَ,APPROVED,,L2_017 haiku b15
AR06124,نَطَقَ,فعل,278,5072;5074,نطق الصيغة الشفهية,نطق,فَعَلَ,roots-4662:نطق:المحكم — المعاني,roots-4662:نطق:مقاييس — المحور,roots-4662:نطق:الأساس — المجاز,نَطَقَ,APPROVED,,L2_017 haiku b15
AR06125,تَلاَ,فعل,278,5073,تلاوة أو إنشاء نص منطوق ذو معنى,تلا,فَعَلَ,,,,تَلاَ,APPROVED,,L2_017 haiku b15 | FLAGS: ROOT_ALIF
AR06126,قَرَأَ,فعل,279,5134,النظر والفهم للمادة المكتوبة,قرا,فَعَلَ,,,,قَرَأَ,APPROVED,,L2_017 haiku b15 | FLAGS: ROOT_ALIF
AR06127,انْهَمَكَ,فعل,279,5135,الانشغال بالقراءة والدراسة,همك,اِنْفَعَلَ,roots-4662:همك:المحكم — المعاني,roots-4662:همك:مقاييس — النص,,انْهَمَكَ,APPROVED,,L2_017 haiku b15
AR06130,اِلْتَهَمَ,فعل,279,5146,القراءة السريعة والحريصة,لهم,اِفْتَعَلَ,roots-4662:لهم:المحكم — المعاني,roots-4662:لهم:مقاييس — المحور,roots-4662:لهم:الأساس — المجاز,اِلْتَهَمَ,APPROVED,,L2_017 haiku b15
AR06131,وَلَدَتْ,فعل,281,5150;5153;5164;5165;5166;6921;11948,الإنجاب والإنجاز للمولود,ولد,فَعَلَ,roots-4662:ولد:المحكم — المعاني,roots-4662:ولد:مقاييس — المحور,roots-4662:ولد:الأساس — المجاز,وَلَدَتْ,APPROVED,,L2_017 haiku b15
AR06132,وِلاَدَة,مصدر,281,5151;5188;5189,ظهور الطفل من جسم أمه,ولد,فِعَالَةٌ,roots-4662:ولد:المحكم — المعاني,roots-4662:ولد:مقاييس — المحور,roots-4662:ولد:الأساس — المجاز,وِلاَدَة,APPROVED,,L2_017 haiku b15
AR06133,وَلَدَ,فعل,281,5154;5155,كون الآب للطفل بالإنسال,ولد,فَعَلَ,roots-4662:ولد:المحكم — المعاني,roots-4662:ولد:مقاييس — المحور,roots-4662:ولد:الأساس — المجاز,وَلَدَ,APPROVED,,L2_017 haiku b15
AR06134,سِيرَ,فعل,281,5156,كون الفحل أو الذكر للنسل,سير,فَعِلَ,roots-4662:سير:المحكم — المعاني,roots-4662:سير:مقاييس — المحور,,سِيرَ,APPROVED,,L2_017 haiku b15
AR06135,وَلَّدَ,فعل,281,5157;11952,إنتاج الأجنة بأعداد كبيرة,ولد,فَعَّلَ,roots-4662:ولد:المحكم — المعاني,roots-4662:ولد:مقاييس — المحور,roots-4662:ولد:الأساس — المجاز,وَلَّدَ,APPROVED,,L2_017 haiku b15
AR06138,أَشْعَلَ,فعل,283,5181;5182;5193;5195;17502;18411;18464;18465,إشعال شيء والإحداث للنار,شعل,أَفْعَلَ,v21:شعل:المحكم — المعاني,v21:شعل:مقاييس — المحور,v21:شعل:الأساس — المجاز,أَشْعَلَ,APPROVED,,L2_017 haiku b15
AR06140,اِنْدَفَعَ,فعل,284,5197,الحركة كمجموعة سائلة,دفع,اِنْفَعَلَ,roots-4662:دفع:المحكم — المعاني,roots-4662:دفع:مقاييس — المحور,roots-4662:دفع:الأساس — المجاز,اِنْدَفَعَ,APPROVED,,L2_017 haiku b15
AR06141,تَزَاحَمَ,فعل,284,5198,التزاحم والتجمع بأعداد كبيرة,زحم,تَفَاعَلَ,roots-4662:زحم:المحكم — المعاني,roots-4662:زحم:مقاييس — المحور,,تَزَاحَمَ,APPROVED,,L2_017 haiku b15
AR06142,انْسَابَ,فعل,284,5199;5202,حركة مستمرة لمجموعة,سيب,اِنْفَعَلَ,roots-4662:سيب:المحكم — المعاني,roots-4662:سيب:مقاييس — المحور,roots-4662:سيب:الأساس — المجاز,انْسَابَ,APPROVED,,L2_017 haiku b15
AR06143,انْهَالَ,فعل,284,5201;5204;5358,الوصول والتدفق بأعداد ضخمة,هول,اِنْفَعَلَ,roots-4662:هول:المحكم — المعاني,roots-4662:هول:مقاييس — المحور,roots-4662:هول:الأساس — المجاز,انْهَالَ,APPROVED,,L2_017 haiku b15
AR06144,أَرْسَلَ,فعل,278,5211,إرسال رسالة إلى جهة معينة,رسل,أَفْعَلَ,roots-4662:رسل:المحكم — المعاني,roots-4662:رسل:مقاييس — المحور,roots-4662:رسل:الأساس — المجاز,أَرْسَلَ,APPROVED,,L2_017 haiku b15
AR06146,أَدْخَلَ,فعل,278,5217,الإدخال بالطباعة,دخل,أَفْعَلَ,roots-4662:دخل:المحكم — المعاني,roots-4662:دخل:مقاييس — المحور,,أَدْخَلَ,APPROVED,,L2_017 haiku b15
AR06147,أَسْكَتَ,فعل,285,5242;5244;5245;5246;5247,جعل شخص يصمت,سكت,أَفْعَلَ,roots-4662:سكت:المحكم — المعاني,roots-4662:سكت:مقاييس — المحور,roots-4662:سكت:الأساس — المجاز,أَسْكَتَ,APPROVED,,L2_017 haiku b15
AR06148,هَدَّأَ,فعل,285,5248;5249,جعل الكيان يصدر ضوضاء أقل,هدء,فَعَّلَ,roots-4662:هدء:المحكم — المعاني,,roots-4662:هدء:الأساس — المجاز,هَدَّأَ,APPROVED,,L2_017 haiku b15 | FLAGS: ROOT_NORMALIZED
AR06149,تَواصَلَ,فعل,286,5257;5258,الاتصال والتواصل مع شخص,وصل,تَفَاعَلَ,roots-4662:وصل:المحكم — المعاني,roots-4662:وصل:مقاييس — المحور,,تَواصَلَ,APPROVED,,L2_017 haiku b15
AR06150,اتِّصال,مصدر,286,5259,حالة التواصل والتحدث,وصل,اِفْتِعَالٌ,roots-4662:وصل:المحكم — المعاني,roots-4662:وصل:مقاييس — المحور,,اتِّصال,APPROVED,,L2_017 haiku b15
AR06151,كَتَبَ,فعل,286,5260;5261,الاتصال برسالة بريدية,كتب,فَعَلَ,roots-4662:كتب:المحكم — المعاني,roots-4662:كتب:مقاييس — المحور,roots-4662:كتب:الأساس — المجاز,كَتَبَ,APPROVED,,L2_017 haiku b15
AR06153,اتَّصَلَ,فعل,286,5264;5265;5267;5268;5269;5270;5272;11154,الاتصال بالهاتف,وصل,اِفْتَعَلَ,roots-4662:وصل:المحكم — المعاني,roots-4662:وصل:مقاييس — المحور,,اتَّصَلَ,APPROVED,,L2_017 haiku b15
AR06154,تَمَكَّنَ,فعل,286,5271;17431,بدء الاتصال مع شخص,مكن,تَفَعَّلَ,roots-4662:مكن:المحكم — المعاني,roots-4662:مكن:مقاييس — النص,roots-4662:مكن:الأساس — المجاز,تَمَكَّنَ,APPROVED,,L2_017 haiku b15
AR06155,مُكالَمَة,مصدر,286,5273,تواصل هاتفي,كلم,مُفَاعَلَةٌ,roots-4662:كلم:المحكم — المعاني,roots-4662:كلم:مقاييس — المحور,roots-4662:كلم:الأساس — المجاز,مُكالَمَة,APPROVED,,L2_017 haiku b15
AR06156,كَذَبَ,فعل,287,5274,قول أكاذيب وأقوال زائفة,كذب,فَعَلَ,roots-4662:كذب:المحكم — المعاني,roots-4662:كذب:مقاييس — المحور,roots-4662:كذب:الأساس — المجاز,كَذَبَ,APPROVED,,L2_017 haiku b15
AR06157,مَاوَرَ,فعل,287,5275,الكلام بطريقة غامضة التفافاً,ورا,فَاعَلَ,,,,مَاوَرَ,APPROVED,,L2_017 haiku b15 | FLAGS: ROOT_ALIF
AR06158,كِذْب,اسم جامد,287,5276,قول مقصود كاذب,كذب,فِعْلٌ,roots-4662:كذب:المحكم — المعاني,roots-4662:كذب:مقاييس — المحور,roots-4662:كذب:الأساس — المجاز,كِذْب,APPROVED,,L2_017 haiku b15
AR06160,خَدَعَ,فعل,287,5278;5287;5292;5294;10435;10436,خداع مرحاً وبراعة,خدع,فَعَلَ,roots-4662:خدع:المحكم — المعاني,roots-4662:خدع:مقاييس — النص,roots-4662:خدع:الأساس — المجاز,خَدَعَ,APPROVED,,L2_017 haiku b15
AR06161,لَوَّى,فعل,287,5280,تمثيل كاذب ومضلل,لوا,فَعَّلَ,,,,لَوَّى,APPROVED,,L2_017 haiku b15 | FLAGS: ROOT_ALIF
AR06162,خِدْعَة,اسم جامد,287,5281,فعل الخداع والتضليل,خدع,فِعْلَةٌ,roots-4662:خدع:المحكم — المعاني,roots-4662:خدع:مقاييس — النص,roots-4662:خدع:الأساس — المجاز,خِدْعَة,APPROVED,,L2_017 haiku b15
AR06163,تَمْثِيل,مصدر,287,5282,فعل الكذب والتمثيل,ثمل,تَفْعِيلٌ,v21:ثمل:المحكم — المعاني,v21:ثمل:مقاييس — المحور,v21:ثمل:الأساس — المجاز,تَمْثِيل,APPROVED,,L2_017 haiku b15 | FLAGS: WAZN_LEMMA_MISMATCH
AR06164,مُوارَاة,مصدر,287,5283,فعل الكلام الغامض,ورا,,,,,مُوارَاة,APPROVED,مُفاعالة,L2_017 haiku b15 | FLAGS: ROOT_ALIF;WAZN_NOT_IN_INV
AR06165,قَالَ,فعل,287,5284;15386,الخداع المرحاني والفكاهة,قول,فَاعَلَ,roots-4662:قول:المحكم — المعاني,roots-4662:قول:مقاييس — المحور,,قَالَ,APPROVED,,L2_017 haiku b15
AR06166,هَزَلَ,فعل,287,5285,قول شيء كاذب للفكاهة,هزل,فَعَلَ,roots-4662:هزل:المحكم — المعاني,roots-4662:هزل:مقاييس — المحور,roots-4662:هزل:الأساس — المجاز,هَزَلَ,APPROVED,,L2_017 haiku b15
AR06167,غَمَّضَ,فعل,287,5286,استخدام لغة غامضة التفافاً,غمض,فَعَّلَ,roots-4662:غمض:المحكم — المعاني,roots-4662:غمض:مقاييس — المحور,roots-4662:غمض:الأساس — المجاز,غَمَّضَ,APPROVED,,L2_017 haiku b15
AR06168,غُموض,اسم جامد,287,5288,فعل الكلام الغامض,غمض,,roots-4662:غمض:المحكم — المعاني,roots-4662:غمض:مقاييس — المحور,roots-4662:غمض:الأساس — المجاز,غُموض,APPROVED,فُعول,L2_017 haiku b15 | FLAGS: WAZN_NOT_IN_INV
AR06169,كِذْبَة,اسم جامد,287,5290;5298,كذبة صغيرة تافهة,كذب,فِعْلَةٌ,roots-4662:كذب:المحكم — المعاني,roots-4662:كذب:مقاييس — المحور,roots-4662:كذب:الأساس — المجاز,كِذْبَة,APPROVED,,L2_017 haiku b15
AR06170,أَفْشَى,فعل,287,5291,الكلام بهراء للخداع,فشا,أَفْعَلَ,,,,أَفْشَى,APPROVED,,L2_017 haiku b15 | FLAGS: ROOT_ALIF
AR06171,أَرْسَلَ,فعل,286,5297;9002;9003;9004;9007,الاتصال بالبريد والمعلومات,رسل,أَفْعَلَ,roots-4662:رسل:المحكم — المعاني,roots-4662:رسل:مقاييس — المحور,roots-4662:رسل:الأساس — المجاز,أَرْسَلَ,APPROVED,,L2_017 haiku b15
AR06173,انْهَمَرَ,فعل,284,5357;5359;5360,السقوط بكميات كبيرة,همر,اِنْفَعَلَ,roots-4662:همر:المحكم — المعاني,roots-4662:همر:مقاييس — المحور,,انْهَمَرَ,APPROVED,,L2_017 haiku b15
AR06174,وَثَّقَ,فعل,278,5421,تسجيل سلسلة أحداث بدقة,وثق,فَعَّلَ,roots-4662:وثق:المحكم — المعاني,roots-4662:وثق:مقاييس — المحور,,وَثَّقَ,APPROVED,,L2_017 haiku b15
AR06176,خَلَقَ,فعل,280,5437,إحضار شيء جديد إلى الوجود,خلق,فَعَلَ,roots-4662:خلق:المحكم — المعاني,roots-4662:خلق:مقاييس — المحور,roots-4662:خلق:الأساس — المجاز,خَلَقَ,APPROVED,,L2_017 haiku b15
AR06179,اسْتِخْدام,مصدر,282,5783,حالة التوظيف والعمل,خدم,اِسْتِفْعَالٌ,roots-4662:خدم:المحكم — المعاني,roots-4662:خدم:مقاييس — المحور,roots-4662:خدم:الأساس — المجاز,اسْتِخْدام,APPROVED,,L2_017 haiku b15
AR06180,خَدَمَ,فعل,282,5784,العمل كنادل أو خادم,خدم,فَعَلَ,roots-4662:خدم:المحكم — المعاني,roots-4662:خدم:مقاييس — المحور,roots-4662:خدم:الأساس — المجاز,خَدَمَ,APPROVED,,L2_017 haiku b15
AR06181,خِدْمَة,اسم جامد,282,5784,خدمة النادل في المطعم,خدم,فِعْلَةٌ,roots-4662:خدم:المحكم — المعاني,roots-4662:خدم:مقاييس — المحور,roots-4662:خدم:الأساس — المجاز,خِدْمَة,APPROVED,,L2_017 haiku b15
AR06182,وَظِيفَة,اسم جامد,282,5785,منصب عمل براتب منتظم,وظف,فَعِيلَةٌ,roots-4662:وظف:المحكم — المعاني,roots-4662:وظف:مقاييس — المحور,roots-4662:وظف:الأساس — المجاز,وَظِيفَة,APPROVED,,L2_017 haiku b15
AR06183,فِتْرَة,اسم جامد,282,6050,فترة محددة من العمل,فتر,فِعْلَةٌ,roots-4662:فتر:المحكم — المعاني,roots-4662:فتر:مقاييس — المحور,roots-4662:فتر:الأساس — المجاز,فِتْرَة,APPROVED,,L2_017 haiku b15
AR06184,فَرَّ,فعل,275,8997;18483,الركض والهروب وهو مطارَد,فرر,فَعَّلَ,roots-4662:فرر:المحكم — المعاني,roots-4662:فرر:مقاييس — المحور,roots-4662:فرر:الأساس — المجاز,فَرَّ,APPROVED,,L2_017 haiku b15 | FLAGS: WAZN_LEMMA_MISMATCH
AR06185,نَادَى,فعل,286,9005,الاتصال عبر الصفحة,نيد,فَاعَلَ,,,,نَادَى,APPROVED,,L2_017 haiku b15
AR06186,أَذَاعَ,فعل,286,9006,التواصل عبر الراديو,ذيع,أَفْعَلَ,roots-4662:ذيع:المحكم — المعاني,roots-4662:ذيع:مقاييس — المحور,roots-4662:ذيع:الأساس — المجاز,أَذَاعَ,APPROVED,,L2_017 haiku b15
AR06188,اِنْفَلَتَ,فعل,273,9847,الخروج من الأسر والقيد,فلت,اِنْفَعَلَ,roots-4662:فلت:المحكم — المعاني,roots-4662:فلت:مقاييس — النص,,اِنْفَلَتَ,APPROVED,,L2_017 haiku b15
AR06189,مُوَظَّف,اسم مفعول,282,10533,ذو وظيفة محددة,وظف,مُفَعَّلٌ,roots-4662:وظف:المحكم — المعاني,roots-4662:وظف:مقاييس — المحور,roots-4662:وظف:الأساس — المجاز,مُوَظَّف,APPROVED,,L2_017 haiku b15
AR06190,خَلْق,مصدر,280,10703,عملية إنشاء أو تكوين شيء,خلق,فَعْلٌ,roots-4662:خلق:المحكم — المعاني,roots-4662:خلق:مقاييس — المحور,roots-4662:خلق:الأساس — المجاز,خَلْق,APPROVED,,L2_017 haiku b15
AR06193,أَنْشَأَ,فعل,280,11431,تأسيس مؤسسة أو عمل,نشء,أَفْعَلَ,roots-4662:نشء:المحكم — المعاني,roots-4662:نشء:مقاييس — المحور,,أَنْشَأَ,APPROVED,,L2_017 haiku b15 | FLAGS: ROOT_NORMALIZED
AR06194,أَنْتَجَ,فعل,280,11432;11694,الإنتاج المقصود لكيان,نتج,أَفْعَلَ,roots-4662:نتج:المحكم — المعاني,roots-4662:نتج:مقاييس — النص,roots-4662:نتج:الأساس — المجاز,أَنْتَجَ,APPROVED,,L2_017 haiku b15
AR06196,إنْتاج,مصدر,280,11434;11709,عملية الإنتاج المقصود,نتج,,roots-4662:نتج:المحكم — المعاني,roots-4662:نتج:مقاييس — النص,roots-4662:نتج:الأساس — المجاز,إنْتاج,APPROVED,إفْعال,L2_017 haiku b15 | FLAGS: WAZN_NOT_IN_INV
AR06197,رَكَّبَ,فعل,280,11710,التركيب الكيميائي,ركب,فَعَّلَ,roots-4662:ركب:المحكم — المعاني,roots-4662:ركب:مقاييس — المحور,,رَكَّبَ,APPROVED,,L2_017 haiku b15
AR06198,تَرْكِيب,مصدر,280,11711,عملية الإنتاج الكيميائي,ركب,تَفْعِيلٌ,roots-4662:ركب:المحكم — المعاني,roots-4662:ركب:مقاييس — المحور,,تَرْكِيب,APPROVED,,L2_017 haiku b15
AR06199,اِسْتَغْنَى,فعل,274,11919,الاستغناء عن شيء مرغوب,غنا,اِفْتَعَلَ,,,,اِسْتَغْنَى,APPROVED,,L2_017 haiku b15 | FLAGS: ROOT_ALIF
AR06200,اِنْقَمَعَ,فعل,274,11921,كراهية أو عدم الرغبة في فعل شيء,قمع,اِنْفَعَلَ,roots-4662:قمع:المحكم — المعاني,roots-4662:قمع:مقاييس — المحور,roots-4662:قمع:الأساس — المجاز,اِنْقَمَعَ,APPROVED,,L2_017 haiku b15
AR06201,أَنَابَ,فعل,282,11946,استئجار شركة خارجية للعمل,ناب,أَفْعَلَ,,,,أَنَابَ,APPROVED,,L2_017 haiku b15 | FLAGS: ROOT_ALIF
AR06202,أَسْنَدَ,فعل,282,11947,إرسال العمل للآخرين,سند,أَفْعَلَ,roots-4662:سند:المحكم — المعاني,roots-4662:سند:مقاييس — المحور,,أَسْنَدَ,APPROVED,,L2_017 haiku b15
AR06203,أَنْجَبَتْ,فعل,281,11951;11961,الإنجاب والإحضار للوجود,نجب,أَفْعَلَ,roots-4662:نجب:المحكم — المعاني,roots-4662:نجب:مقاييس — المحور,,أَنْجَبَتْ,APPROVED,,L2_017 haiku b15 | FLAGS: WAZN_LEMMA_MISMATCH
AR06204,تَكَاثَرَ,فعل,281,11953,الإنسال والتكاثر الطبيعي,كثر,تَفَاعَلَ,roots-4662:كثر:المحكم — المعاني,roots-4662:كثر:مقاييس — النص,,تَكَاثَرَ,APPROVED,,L2_017 haiku b15
AR06205,اِنْدَفَعَ,فعل,276,12107,حركة حلزونية أو دائرية,دفع,اِنْفَعَلَ,roots-4662:دفع:المحكم — المعاني,roots-4662:دفع:مقاييس — المحور,roots-4662:دفع:الأساس — المجاز,اِنْدَفَعَ,APPROVED,,L2_017 haiku b15
AR06206,تَوَظِيف,مصدر,282,12590,حالة كون الموظف,وظف,تَفْعِيلٌ,roots-4662:وظف:المحكم — المعاني,roots-4662:وظف:مقاييس — المحور,roots-4662:وظف:الأساس — المجاز,تَوَظِيف,APPROVED,,L2_017 haiku b15
AR06207,بَطالَة,اسم جامد,282,12592,عدم وجود عمل لكن مستعد,بطل,فَعَالَةٌ,v21:بطل:المحكم — المعاني,v21:بطل:مقاييس — المحور,,بَطالَة,APPROVED,,L2_017 haiku b15
AR06209,وَقَّعَ,فعل,278,13320,كتابة الاسم لتعريف أو تصريح,وقع,فَعَّلَ,roots-4662:وقع:المحكم — المعاني,roots-4662:وقع:مقاييس — المحور,roots-4662:وقع:الأساس — المجاز,وَقَّعَ,APPROVED,,L2_017 haiku b15
AR06210,قَارِئ,اسم فاعل,279,13502,شخص يقرأ المادة المكتوبة,قرا,فَاعِلٌ,,,,قَارِئ,APPROVED,,L2_017 haiku b15 | FLAGS: ROOT_ALIF
AR06211,مُخَادِع,اسم فاعل,287,13544,شخص يعرف بالخداع,خدع,مُفَاعِلٌ,roots-4662:خدع:المحكم — المعاني,roots-4662:خدع:مقاييس — النص,roots-4662:خدع:الأساس — المجاز,مُخَادِع,APPROVED,,L2_017 haiku b15
AR06212,مُتَسَتِّر,اسم فاعل,287,13784,من يخفي حقيقته ونواياه,ستر,مُتَفَعِّلٌ,roots-4662:ستر:المحكم — المعاني,roots-4662:ستر:مقاييس — المحور,,مُتَسَتِّر,APPROVED,,L2_017 haiku b15
AR06213,تَسَتَّرَ,فعل,287,13785,إخفاء النوايا والمشاعر الحقيقية,ستر,تَفَعَّلَ,roots-4662:ستر:المحكم — المعاني,roots-4662:ستر:مقاييس — المحور,,تَسَتَّرَ,APPROVED,,L2_017 haiku b15
AR06218,مَنْصِب,اسم مكان,282,17297,وظيفة محددة,نصب,مَفْعِلٌ,roots-4662:نصب:المحكم — المعاني,roots-4662:نصب:مقاييس — المحور,,مَنْصِب,APPROVED,,L2_017 haiku b15
AR06219,سَرَدَ,فعل,278,17372,تواصل عن طريق تعداد منطوق أو مكتوب,سرد,فَعَلَ,roots-4662:سرد:المحكم — المعاني,roots-4662:سرد:مقاييس — المحور,roots-4662:سرد:الأساس — المجاز,سَرَدَ,APPROVED,,L2_017 haiku b15
AR06220,إخْلاء,مصدر,273,17454,عملية منظمة للخروج من مكان خطير,خلا,,,,,إخْلاء,APPROVED,إفْعال,L2_017 haiku b15 | FLAGS: ROOT_ALIF;WAZN_NOT_IN_INV
AR06222,دَحْرَجَ,فعل,276,17516,إحداث حركة بالانقلاب المتكرر,درج,فَعْلَلَ,roots-4662:درج:المحكم — المعاني,roots-4662:درج:مقاييس — المحور,roots-4662:درج:الأساس — المجاز,دَحْرَجَ,APPROVED,,L2_017 haiku b15 | FLAGS: WAZN_LEMMA_MISMATCH
AR06223,لَوَّحَ,فعل,276,17517,حركة ذهاباً وإياباً مع البقاء متصلاً,لوح,فَعَّلَ,roots-4662:لوح:المحكم — المعاني,roots-4662:لوح:مقاييس — النص,roots-4662:لوح:الأساس — المجاز,لَوَّحَ,APPROVED,,L2_017 haiku b15
AR06224,اِشْتَعَلَ,فعل,283,17671,الاشتعال والاحتراق,شعل,اِفْتَعَلَ,v21:شعل:المحكم — المعاني,v21:شعل:مقاييس — المحور,v21:شعل:الأساس — المجاز,اِشْتَعَلَ,APPROVED,,L2_017 haiku b15
AR06225,أَرْجَحَ,فعل,276,18205,إلقاء والتقاط بمهارة متكررة,رجح,أَفْعَلَ,roots-4662:رجح:المحكم — المعاني,roots-4662:رجح:مقاييس — المحور,roots-4662:رجح:الأساس — المجاز,أَرْجَحَ,APPROVED,,L2_017 haiku b15
AR06226,خَوَّفَ,فعل,288,5293,إحداث شعور بالرعب والخوف في نفس شخص ما,خوف,,roots-4662:خوف:المحكم — المعاني,roots-4662:خوف:مقاييس — المحور,roots-4662:خوف:الأساس — المجاز,خَوَّفَ,APPROVED,فَوَّلَ,L2_017 haiku b16 | FLAGS: WAZN_NOT_IN_INV
AR06230,أَيْقَظَ,فعل,293,5328;5332,إخراج شخص من النوم بقصد,يقظ,أَفْعَلَ,roots-4662:يقظ:المحكم — المعاني,,roots-4662:يقظ:الأساس — المجاز,أَيْقَظَ,APPROVED,,L2_017 haiku b16
AR06231,اسْتَيْقَظَ,فعل,293,5329;5331,الخروج من النوم أو إجبار شخص على الخروج منه,يقظ,,roots-4662:يقظ:المحكم — المعاني,,roots-4662:يقظ:الأساس — المجاز,اسْتَيْقَظَ,APPROVED,اسْتَفْعَلَ,L2_017 haiku b16 | FLAGS: WAZN_NOT_IN_INV
AR06232,نَهَضَ,فعل,293,5333,القيام من السرير بعد النوم,نهض,فَعَلَ,roots-4662:نهض:المحكم — المعاني,roots-4662:نهض:مقاييس — المحور,roots-4662:نهض:الأساس — المجاز,نَهَضَ,APPROVED,,L2_017 haiku b16
AR06233,حَكَمَ عَلَيْهِ,تركيب,297,5341,إصدار حكم بالعقوبة على المتهم,,,,,,حَكَمَ عَلَيْهِ,APPROVED,,L2_017 haiku b16
AR06234,حُكْمٌ قَضَائِيٌّ,تركيب,297,5342,العقوبة المفروضة على المدان من قبل المحكمة,,,,,,حُكْمٌ قَضَائِيٌّ,APPROVED,,L2_017 haiku b16
AR06243,قُدَّاسٌ,اسم جامد,301,5486;5490,الطقس المسيحي الذي يتذكر فيه آخر عشاء,قدس,فُعَّالٌ,roots-4662:قدس:المحكم — المعاني,roots-4662:قدس:مقاييس — المحور,,قُدَّاسٌ,APPROVED,,L2_017 haiku b16
AR06245,دَعَا,فعل,301,5488,توجيه دعاء إلى الله أو إله آخر,دعو,فَعَلَ,roots-4662:دعو:المحكم — المعاني,roots-4662:دعو:مقاييس — النص,roots-4662:دعو:الأساس — المجاز,دَعَا,APPROVED,,L2_017 haiku b16
AR06246,دُعَاءٌ,اسم جامد,301,5489,طلب متضرع إلى الله أو إله آخر,دعو,فُعَالٌ,roots-4662:دعو:المحكم — المعاني,roots-4662:دعو:مقاييس — النص,roots-4662:دعو:الأساس — المجاز,دُعَاءٌ,APPROVED,,L2_017 haiku b16
AR06250,قَدَّسَ,فعل,301,5494,جعل شيء مقدساً ومحترماً دينياً,قدس,فَعَّلَ,roots-4662:قدس:المحكم — المعاني,roots-4662:قدس:مقاييس — المحور,,قَدَّسَ,APPROVED,,L2_017 haiku b16
AR06251,دَهْنُ,اسم جامد,301,5495,فرك أو تطبيق الزيت كفعل ديني,دهن,,roots-4662:دهن:المحكم — المعاني,roots-4662:دهن:مقاييس — المحور,roots-4662:دهن:الأساس — المجاز,دَهْنُ,APPROVED,الْفَعْلُ,L2_017 haiku b16 | FLAGS: AL_STRIPPED;WAZN_LEMMA_MISMATCH;WAZN_NOT_IN_INV
AR06252,دَهْنٌ مُقَدَّسٌ,تركيب,301,5496,عملية تطبيق الزيت المقدس طقسياً,,,,,,دَهْنٌ مُقَدَّسٌ,APPROVED,,L2_017 haiku b16
AR06253,طَقْسُ,اسم جامد,301,5497,احتفال ديني يتبع نظام معين,طقس,,,,,طَقْسُ,APPROVED,الْفَعْلُ,L2_017 haiku b16 | FLAGS: AL_STRIPPED;WAZN_LEMMA_MISMATCH;WAZN_NOT_IN_INV
AR06255,أَقَرَّ,فعل,301,5499,منح حكم ديني مسيحي للمعمد بتثبيت إيمانه,قرر,أَفْعَلَ,roots-4662:قرر:المحكم — المعاني,roots-4662:قرر:مقاييس — المحور,roots-4662:قرر:الأساس — المجاز,أَقَرَّ,APPROVED,,L2_017 haiku b16 | FLAGS: WAZN_LEMMA_MISMATCH
AR06256,ختَنَ,فعل,301,5500,قطع جزء من الجسد كفعل ديني يهودي أو إسلامي,ختن,فَعَلَ,roots-4662:ختن:المحكم — المعاني,roots-4662:ختن:مقاييس — المحور,,ختَنَ,APPROVED,,L2_017 haiku b16
AR06257,خِتَانُ,مصدر,301,5501,ممارسة أو عملية قطع جزء من الجسد دينياً,ختن,,roots-4662:ختن:المحكم — المعاني,roots-4662:ختن:مقاييس — المحور,,خِتَانُ,APPROVED,الْفِعَالُ,L2_017 haiku b16 | FLAGS: AL_STRIPPED;WAZN_LEMMA_MISMATCH;WAZN_NOT_IN_INV
AR06258,خِدْمَةٌ دِينِيَّةٌ,تركيب,301,5502,احتفال ديني وعبادة وفقاً لشكل محدد,,,,,,خِدْمَةٌ دِينِيَّةٌ,APPROVED,,L2_017 haiku b16
AR06259,تَنْصِيبٌ دِينِيٌّ,تركيب,301,5504,تعيين شخص لمنصب ديني مسيحي عالي,,,,,,تَنْصِيبٌ دِينِيٌّ,APPROVED,,L2_017 haiku b16
AR06260,إِنَاطَةُ,مصدر,301,5505,منح منصب ديني مسيحي عالي,ناط,,,,,إِنَاطَةُ,APPROVED,الإِفْعَالُ,L2_017 haiku b16 | FLAGS: AL_STRIPPED;ROOT_ALIF;WAZN_NOT_IN_INV
AR06262,نَاسٌ,اسم جامد,304,5511,البشر بشكل عام أو مجموعة منهم,نيس,,,,,نَاسٌ,APPROVED,فَاعٌ,L2_017 haiku b16 | FLAGS: WAZN_NOT_IN_INV
AR06263,إِنْسَانٌ,اسم جامد,304,5512;11740,فرد من البشر يُعتبر كوحدة منفصلة,نسي,إِفْعَالٌ,roots-4662:نسي:المحكم — المعاني,roots-4662:نسي:مقاييس — المحور,,إِنْسَانٌ,APPROVED,,L2_017 haiku b16
AR06264,وَاحِدٌ,اسم جامد,304,5518,واحد أو فرد واحد,وحد,فَاعِلٌ,roots-4662:وحد:المحكم — المعاني,roots-4662:وحد:مقاييس — المحور,,وَاحِدٌ,APPROVED,,L2_017 haiku b16
AR06265,رَجُلٌ,اسم جامد,304,5520;5526;5528;7220,رجل أو ذكر بالغ من البشر,رجل,فَعُلٌ,roots-4662:رجل:المحكم — المعاني,roots-4662:رجل:مقاييس — المحور,roots-4662:رجل:الأساس — المجاز,رَجُلٌ,APPROVED,,L2_017 haiku b16
AR06268,امْرَأَةٌ,اسم جامد,304,5527,أنثى بالغة من البشر,رءي,,roots-4662:رءي:المحكم — المعاني,roots-4662:رءي:مقاييس — المحور,roots-4662:رءي:الأساس — المجاز,امْرَأَةٌ,APPROVED,افْعَالٌ,L2_017 haiku b16 | FLAGS: ROOT_NORMALIZED;WAZN_NOT_IN_INV
AR06269,رَفِيقٌ,صفة مشبهة,305,5532,صديق مقرب يخاطب باحترام ودية,رفق,فَعِيلٌ,roots-4662:رفق:المحكم — المعاني,roots-4662:رفق:مقاييس — المحور,roots-4662:رفق:الأساس — المجاز,رَفِيقٌ,APPROVED,,L2_017 haiku b16
AR06273,يَا صَغِيرِي,تركيب,305,5536,خطاب موجه لطفل أو شخص صغير,,,,,,يَا صَغِيرِي,APPROVED,,L2_017 haiku b16
AR06274,يَا شَابُّ,تركيب,305,5537,خطاب موجه لشخص شاب,,,,,,يَا شَابُّ,APPROVED,,L2_017 haiku b16
AR06275,يَا فَتًى,تركيب,305,5538,نداء قاسٍ أو عدواني لرجل شاب,,,,,,يَا فَتًى,APPROVED,,L2_017 haiku b16
AR06276,يَا رَجُلُ,تركيب,305,5540,نداء موجه لأي رجل,,,,,,يَا رَجُلُ,APPROVED,,L2_017 haiku b16
AR06280,مُرْتَبِطٌ,اسم مفعول,307,5554;13665,حالة كون الشيء مثبتاً ومرتبطاً,ربط,مُفْتَعِلٌ,roots-4662:ربط:المحكم — المعاني,roots-4662:ربط:مقاييس — المحور,roots-4662:ربط:الأساس — المجاز,مُرْتَبِطٌ,APPROVED,,L2_017 haiku b16
AR06281,مُرْبَوطٌ,اسم مفعول,307,5555,مثبت بحبل أو وسيلة ربط,ربط,,roots-4662:ربط:المحكم — المعاني,roots-4662:ربط:مقاييس — المحور,roots-4662:ربط:الأساس — المجاز,مُرْبَوطٌ,APPROVED,مُفْعَولٌ,L2_017 haiku b16 | FLAGS: WAZN_NOT_IN_INV
AR06282,مُحْكَمٌ بِمِسْمَارٍ,تركيب,307,5556,مثبت بإحكام بمسمار,,,,,,مُحْكَمٌ بِمِسْمَارٍ,APPROVED,,L2_017 haiku b16
AR06283,مُلْصَقٌ بِالْغِرَاءِ,تركيب,307,5557,ملتصق بالصمغ والمادة اللاصقة,,,,,,مُلْصَقٌ بِالْغِرَاءِ,APPROVED,,L2_017 haiku b16
AR06284,مُلْصَقٌ,اسم مفعول,307,5558;5575,مثبت مباشرة على شيء آخر,لصق,مُفْعَلٌ,roots-4662:لصق:المحكم — المعاني,roots-4662:لصق:مقاييس — المحور,roots-4662:لصق:الأساس — المجاز,مُلْصَقٌ,APPROVED,,L2_017 haiku b16
AR06285,مُرْسٍ بِإِحْكَامٍ,تركيب,307,5559,مثبت بإحكام شديد في موضعه,,,,,,مُرْسٍ بِإِحْكَامٍ,APPROVED,,L2_017 haiku b16
AR06286,مَرْبُوطٌ,اسم مفعول,307,5560,مثبت ومشدود بحبل أو رابط,ربط,مَفْعُولٌ,roots-4662:ربط:المحكم — المعاني,roots-4662:ربط:مقاييس — المحور,roots-4662:ربط:الأساس — المجاز,مَرْبُوطٌ,APPROVED,,L2_017 haiku b16
AR06287,مُقَيَّدٌ بِسِلْسِلَةٍ,تركيب,307,5561,متصل بسلسلة معدنية,,,,,,مُقَيَّدٌ بِسِلْسِلَةٍ,APPROVED,,L2_017 haiku b16
AR06289,مُنْصَهِرٌ,اسم مفعول,307,5563,متحد مع شيء آخر بالانصهار,نصهر,مُفْتَعِلٌ,,,,مُنْصَهِرٌ,APPROVED,,L2_017 haiku b16
AR06290,مُقَيَّدٌ بِالْأَغْلَالِ,تركيب,307,5564;5573,مثبت والقيد بالأساور المعدنية,,,,,,مُقَيَّدٌ بِالْأَغْلَالِ,APPROVED,,L2_017 haiku b16
AR06291,مَرْبُوطٌ بِحَبْلٍ,تركيب,307,5565;5577,مثبت ومقيد بحبل أو حزام,,,,,,مَرْبُوطٌ بِحَبْلٍ,APPROVED,,L2_017 haiku b16
AR06292,مَقْيُودٌ,اسم مفعول,307,5566,مثبت مع شيء آخر,قيد,مَفْعُولٌ,roots-4662:قيد:المحكم — المعاني,roots-4662:قيد:مقاييس — النص,,مَقْيُودٌ,APPROVED,,L2_017 haiku b16
AR06293,مِسْمَارٌ,اسم جامد,307,5567,مثبت بالمسامير,سمر,فِعْلالٌ (رباعي),roots-4662:سمر:المحكم — المعاني,roots-4662:سمر:مقاييس — المحور,roots-4662:سمر:الأساس — المجاز,مِسْمَارٌ,APPROVED,,L2_017 haiku b16 | FLAGS: WAZN_LEMMA_MISMATCH
AR06294,مُلْصَقٌ بِالصَّمْغِ,تركيب,307,5568,مثبت بمادة اللصق والصمغ,,,,,,مُلْصَقٌ بِالصَّمْغِ,APPROVED,,L2_017 haiku b16
AR06295,مُثَبَّتٌ بِدَبُّوسٍ,تركيب,307,5569,مثبت بإبرة أو دبوس,,,,,,مُثَبَّتٌ بِدَبُّوسٍ,APPROVED,,L2_017 haiku b16
AR06296,مَرْبُوطٌ بِمِسْمَارٍ,تركيب,307,5570,مثبت بمسمار حديدي,,,,,,مَرْبُوطٌ بِمِسْمَارٍ,APPROVED,,L2_017 haiku b16
AR06298,مَخْيُوطٌ,اسم مفعول,307,5572,مثبت بخيط وإبرة,خيط,مَفْعُولٌ,roots-4662:خيط:المحكم — المعاني,roots-4662:خيط:مقاييس — المحور,roots-4662:خيط:الأساس — المجاز,مَخْيُوطٌ,APPROVED,,L2_017 haiku b16
AR06300,مُلْحَوْمٌ,اسم مفعول,307,5578,ملحوم بالحرارة,لحم,,roots-4662:لحم:المحكم — المعاني,roots-4662:لحم:مقاييس — المحور,roots-4662:لحم:الأساس — المجاز,مُلْحَوْمٌ,APPROVED,مُفْعَولٌ,L2_017 haiku b16 | FLAGS: WAZN_NOT_IN_INV
AR06302,رَبَطَ,فعل,306,5580;5582,تثبيت شيء بحبل أو وسيلة ربط,ربط,فَعَلَ,roots-4662:ربط:المحكم — المعاني,roots-4662:ربط:مقاييس — المحور,roots-4662:ربط:الأساس — المجاز,رَبَطَ,APPROVED,,L2_017 haiku b16
AR06304,سِرُّ,اسم جامد,301,5583,فعل ديني يمنح النعمة الإلهية,سرر,,roots-4662:سرر:المحكم — المعاني,roots-4662:سرر:مقاييس — النص,roots-4662:سرر:الأساس — المجاز,سِرُّ,APPROVED,الْفِعْلُ,L2_017 haiku b16 | FLAGS: AL_STRIPPED;WAZN_LEMMA_MISMATCH;WAZN_NOT_IN_INV
AR06305,نَصَّبَ,فعل,301,5584;15171,منح منصب ديني وسلطة كنسية,نصب,فَعَّلَ,roots-4662:نصب:المحكم — المعاني,roots-4662:نصب:مقاييس — المحور,,نَصَّبَ,APPROVED,,L2_017 haiku b16
AR06308,فَكَّرَ,فعل,308,5587,التفكير المنطقي في قضية ما,فكر,فَعَّلَ,roots-4662:فكر:المحكم — المعاني,roots-4662:فكر:مقاييس — النص,,فَكَّرَ,APPROVED,,L2_017 haiku b16
AR06310,نَفَى,فعل,308,5590,إثبات كذب قضية بالحجة والمنطق,نفي,فَعَلَ,roots-4662:نفي:المحكم — المعاني,roots-4662:نفي:مقاييس — المحور,,نَفَى,APPROVED,,L2_017 haiku b16
AR06314,فَتَاةٌ,اسم جامد,304,5600,أنثى صغيرة من البشر,فتي,فَعَالَةٌ,roots-4662:فتي:المحكم — المعاني,roots-4662:فتي:مقاييس — المحور,roots-4662:فتي:الأساس — المجاز,فَتَاةٌ,APPROVED,,L2_017 haiku b16
AR06315,نَقَعَ,فعل,309,5602;5603,تغطيس شيء في ماء ليبتل تماماً,نقع,فَعَلَ,roots-4662:نقع:المحكم — المعاني,roots-4662:نقع:مقاييس — المحور,roots-4662:نقع:الأساس — المجاز,نَقَعَ,APPROVED,,L2_017 haiku b16
AR06317,مَتَوَفًّى,اسم مفعول,310,5607,توفي منذ وقت قريب,وفي,مَفْعُولٌ,roots-4662:وفي:المحكم — المعاني,roots-4662:وفي:مقاييس — النص,roots-4662:وفي:الأساس — المجاز,مَتَوَفًّى,APPROVED,,L2_017 haiku b16
AR06318,بِلَا حَيَاةٍ,تركيب,310,5609,فاقد للحياة تماماً,,,,,,بِلَا حَيَاةٍ,APPROVED,,L2_017 haiku b16
AR06319,وَشْمٌ,اسم جامد,299,5612,نقش دائم في الجلد بإدخال صبغة,وشم,فَعْلٌ,roots-4662:وشم:المحكم — المعاني,roots-4662:وشم:مقاييس — المحور,roots-4662:وشم:الأساس — المجاز,وَشْمٌ,APPROVED,,L2_017 haiku b16
AR06320,كُحْلُ,اسم جامد,299,5614;5622,مستحضر تجميل لتغطية الرموش والتدكين,كحل,,roots-4662:كحل:المحكم — المعاني,roots-4662:كحل:مقاييس — المحور,roots-4662:كحل:الأساس — المجاز,كُحْلُ,APPROVED,الْفُعْلُ,L2_017 haiku b16 | FLAGS: AL_STRIPPED;WAZN_LEMMA_MISMATCH;WAZN_NOT_IN_INV
AR06321,كُحْلٌ لِلْعُيُونِ,تركيب,299,5615,خط تجميلي حول العينين,,,,,,كُحْلٌ لِلْعُيُونِ,APPROVED,,L2_017 haiku b16
AR06324,إِخْفَاءُ,مصدر,299,5618,مستحضر تجميل لتغطية العيوب والبثور,خفي,,roots-4662:خفي:المحكم — المعاني,roots-4662:خفي:مقاييس — المحور,,إِخْفَاءُ,APPROVED,الإِفْعَالُ,L2_017 haiku b16 | FLAGS: AL_STRIPPED;WAZN_NOT_IN_INV
AR06325,أَحْمَرُ الشِّفَاهِ,تركيب,299,5619,مستحضر تجميل ملون للشفاه,,,,,,أَحْمَرُ الشِّفَاهِ,APPROVED,,L2_017 haiku b16
AR06326,أَسَاسُ,اسم جامد,299,5620,مستحضر كريمي يطبق تحت المكياج,سيس,,,,,أَسَاسُ,APPROVED,الْفَعَالُ,L2_017 haiku b16 | FLAGS: AL_STRIPPED;WAZN_NOT_IN_INV
AR06327,ظِلُّ العُيُونِ,تركيب,299,5621,مستحضر تجميل ملون على الجفون,,,,,,ظِلُّ العُيُونِ,APPROVED,,L2_017 haiku b16
AR06328,مَيِّتٌ,صفة مشبهة,310,5643,لا يحمل الحياة ضم الموت,موت,فَيْعِلٌ,roots-4662:موت:المحكم — المعاني,roots-4662:موت:مقاييس — المحور,roots-4662:موت:الأساس — المجاز,مَيِّتٌ,APPROVED,,L2_017 haiku b16
AR06329,حَيٌّ,صفة مشبهة,310,5644;12771,يمتلك حياة بيولوجية نشطة,حيي,فَعِيلٌ,,v21:حيي:مقاييس — النص,v21:حيي:الأساس — المجاز,حَيٌّ,APPROVED,,L2_017 haiku b16
AR06332,أَطْلَقَ النَّارَ,تركيب,290,5659,تشغيل السلاح الناري بإطلاق رصاصة,,,,,,أَطْلَقَ النَّارَ,APPROVED,,L2_017 haiku b16
AR06333,أَطْلَقَ النَّارَ,تركيب,289,5664,إطلاق الرصاص من السلاح,,,,,,أَطْلَقَ النَّارَ,APPROVED,,L2_017 haiku b16
AR06334,أَطْلَقَ الرَّصَاصَ,تركيب,289,5665,إطلاق الرصاص من السلاح في اتجاه معين,,,,,,أَطْلَقَ الرَّصَاصَ,APPROVED,,L2_017 haiku b16
AR06335,أَطْلَقَ الرَّصَاصَ,تركيب,290,5666,تفريغ السلاح الناري من الذخيرة,,,,,,أَطْلَقَ الرَّصَاصَ,APPROVED,,L2_017 haiku b16
AR06336,غَايَبَ الْوَعْيَ,فعل,292,5670,فقدان الوعي العميق بالنوم,وعي,فَاعَلَ,roots-4662:وعي:المحكم — المعاني,roots-4662:وعي:مقاييس — المحور,,غَايَبَ الْوَعْيَ,APPROVED,,L2_017 haiku b16
AR06337,فَرْدٌ,اسم جامد,304,5671,إنسان واحد يُعتبر وحدة منفصلة,فرد,فَعْلٌ,roots-4662:فرد:المحكم — المعاني,roots-4662:فرد:مقاييس — المحور,,فَرْدٌ,APPROVED,,L2_017 haiku b16
AR06340,عَاصِفَةُ ثَلْجٍ,تركيب,303,5690;5695,عاصفة عنيفة مع تساقط ثلج كثيف ورياح عالية,,,,,,عَاصِفَةُ ثَلْجٍ,APPROVED,,L2_017 haiku b16
AR06343,عَاصِفَةُ بَرَدٍ,تركيب,303,5693,عاصفة تحتوي على حبات برد كبيرة وريح,,,,,,عَاصِفَةُ بَرَدٍ,APPROVED,,L2_017 haiku b16
AR06344,عَاصِفَةُ مَطَرٍ,تركيب,303,5694,عاصفة مع هطول أمطار غزيرة وشديدة,,,,,,عَاصِفَةُ مَطَرٍ,APPROVED,,L2_017 haiku b16
AR06345,طَقْسٌ,اسم جامد,303,5696,حالة الجو والمناخ في مكان وزمان معينين,طقس,فَعْلٌ,,,,طَقْسٌ,APPROVED,,L2_017 haiku b16
AR06347,صَبَّ عَلَيْهِ,تركيب,309,5851,صب السائل على الشيء بكثرة,,,,,,صَبَّ عَلَيْهِ,APPROVED,,L2_017 haiku b16
AR06348,غَطَّسَ,فعل,309,5852,تغطيس الشيء كاملاً في السائل,غطس,فَعَّلَ,roots-4662:غطس:المحكم — المعاني,roots-4662:غطس:مقاييس — المحور,,غَطَّسَ,APPROVED,,L2_017 haiku b16
AR06349,رَطَّبَ,فعل,309,5853,جعل الشيء رطباً قليلاً,رطب,فَعَّلَ,roots-4662:رطب:المحكم — المعاني,roots-4662:رطب:مقاييس — المحور,roots-4662:رطب:الأساس — المجاز,رَطَّبَ,APPROVED,,L2_017 haiku b16
AR06350,رَشَّ عَلَيْهِ,تركيب,309,5854,رش السائل على الشيء برفق,,,,,,رَشَّ عَلَيْهِ,APPROVED,,L2_017 haiku b16
AR06351,رَطَّبَ الْهَوَاءَ,تركيب,309,5924,زيادة الرطوبة في الهواء,,,,,,رَطَّبَ الْهَوَاءَ,APPROVED,,L2_017 haiku b16
AR06352,تَسْمِيَةٌ مَقْدَسَةٌ,تركيب,301,6236,طقس إعطاء الاسم المقدس في حفل التعميد,,,,,,تَسْمِيَةٌ مَقْدَسَةٌ,APPROVED,,L2_017 haiku b16
AR06353,تَقْدِيسُ,مصدر,301,6238,الطقس الديني الذي يجعل الشيء مقدساً,قدس,,roots-4662:قدس:المحكم — المعاني,roots-4662:قدس:مقاييس — المحور,,تَقْدِيسُ,APPROVED,التَّفْعِيلُ,L2_017 haiku b16 | FLAGS: AL_STRIPPED;WAZN_LEMMA_MISMATCH;WAZN_NOT_IN_INV
AR06354,الْبَلُوغُ الدِّينِيُّ,تركيب,301,6240,طقس ديني يهودي يحتفل ببلوغ الصبي سن الثالثة عشرة,,,,,,الْبَلُوغُ الدِّينِيُّ,APPROVED,,L2_017 haiku b16
AR06355,قُرْبَانُ,اسم جامد,301,6472,فعل ديني قتل حيوان كقربان للإله,قرب,,roots-4662:قرب:المحكم — المعاني,roots-4662:قرب:مقاييس — المحور,roots-4662:قرب:الأساس — المجاز,قُرْبَانُ,APPROVED,الْفُعْلَانُ,L2_017 haiku b16 | FLAGS: AL_STRIPPED;WAZN_LEMMA_MISMATCH;WAZN_NOT_IN_INV
AR06357,أَدْخَلَ رَسْمِيّاً,تركيب,301,6477,إدراج شخص في مجموعة أو جماعة بطقس معين,,,,,,أَدْخَلَ رَسْمِيّاً,APPROVED,,L2_017 haiku b16
AR06358,اسْتَيْقَظَ,فعل,295,6926;6927;6928,التوقف عن النوم والوعي بالمحيط,يقظ,,roots-4662:يقظ:المحكم — المعاني,,roots-4662:يقظ:الأساس — المجاز,اسْتَيْقَظَ,APPROVED,اسْتَفْعَلَ,L2_017 haiku b16 | FLAGS: WAZN_NOT_IN_INV
AR06359,مُلْصَقٌ بِالشَّرِيطِ,تركيب,307,6936,مثبت بشريط الالتصاق,,,,,,مُلْصَقٌ بِالشَّرِيطِ,APPROVED,,L2_017 haiku b16
AR06360,مُغَطًّى بِقُوَّةٍ,تركيب,307,6971,مثبت ومغطى بإحكام,,,,,,مُغَطًّى بِقُوَّةٍ,APPROVED,,L2_017 haiku b16
AR06361,مَرْحَلَةٌ حَتْمِيَّةٌ,تركيب,301,7215,طقس أو حفل يحتفل ببداية مرحلة جديدة من الحياة,,,,,,مَرْحَلَةٌ حَتْمِيَّةٌ,APPROVED,,L2_017 haiku b16
AR06362,مَوْتَىٰ,اسم جامد,310,7216,البشر الذين توفوا وليسوا أحياء,موت,,roots-4662:موت:المحكم — المعاني,roots-4662:موت:مقاييس — المحور,roots-4662:موت:الأساس — المجاز,مَوْتَىٰ,APPROVED,الْفَعْلَىٰ,L2_017 haiku b16 | FLAGS: AL_STRIPPED;WAZN_NOT_IN_INV
AR06363,سَلَّى,فعل,288,7344,تقديم الاستمتاع والتسلية للآخرين,سلو,فَعَّلَ,roots-4662:سلو:المحكم — المعاني,roots-4662:سلو:مقاييس — المحور,,سَلَّى,APPROVED,,L2_017 haiku b16
AR06364,فَقَدَ الْوَعْيَ,تركيب,292,7353;15498,فقدان الوعي المفاجئ,,,,,,فَقَدَ الْوَعْيَ,APPROVED,,L2_017 haiku b16
AR06366,نَكْبَةٌ,اسم جامد,300,7355,حدث مؤسف وسيء,نكب,فَعْلَةٌ,roots-4662:نكب:المحكم — المعاني,roots-4662:نكب:مقاييس — المحور,roots-4662:نكب:الأساس — المجاز,نَكْبَةٌ,APPROVED,,L2_017 haiku b16
AR06368,عَنَاءٌ,اسم جامد,300,7357,حالة صعبة ومشكلة,عني,فَعَالٍ,,v21:عني:مقاييس — النص,,عَنَاءٌ,APPROVED,,L2_017 haiku b16
AR06369,مُدَاوَلَةُ,اسم جامد,296,7363,نقاش هيئة المحلفين للقضية والعقوبة,دول,,roots-4662:دول:المحكم — المعاني,roots-4662:دول:مقاييس — المحور,,مُدَاوَلَةُ,APPROVED,الْمُفَاعَلَةُ,L2_017 haiku b16 | FLAGS: AL_STRIPPED;WAZN_NOT_IN_INV
AR06371,تَدَاوَلَ,فعل,296,8007,نقاش هيئة المحلفين بعناية للوصول للحكم,دول,تَفَاعَلَ,roots-4662:دول:المحكم — المعاني,roots-4662:دول:مقاييس — المحور,,تَدَاوَلَ,APPROVED,,L2_017 haiku b16
AR06372,أَلْزَمَ,فعل,297,8700,فرض دفع مال أو قضاء مدة في السجن,لزم,أَفْعَلَ,roots-4662:لزم:المحكم — المعاني,roots-4662:لزم:مقاييس — المحور,roots-4662:لزم:الأساس — المجاز,أَلْزَمَ,APPROVED,,L2_017 haiku b16
AR06373,نَعَسَ,فعل,292,9082;15500,الدخول في نوم خفيف نتيجة الإرهاق,نعس,فَعَلَ,roots-4662:نعس:المحكم — المعاني,roots-4662:نعس:مقاييس — المحور,roots-4662:نعس:الأساس — المجاز,نَعَسَ,APPROVED,,L2_017 haiku b16
AR06374,اسْتَيْقَظَ وَقَامَ,تركيب,295,9130,الاستيقاظ من النوم والنهوض من الفراش,,,,,,اسْتَيْقَظَ وَقَامَ,APPROVED,,L2_017 haiku b16
AR06375,تَمَسَّكَ,فعل,306,9196,إمساك قوي بشيء والتمسك به,مسك,تَفَعَّلَ,roots-4662:مسك:المحكم — المعاني,roots-4662:مسك:مقاييس — المحور,roots-4662:مسك:الأساس — المجاز,تَمَسَّكَ,APPROVED,,L2_017 haiku b16
AR06376,صَلَوَاتُ الْمَسَاءِ,تركيب,301,10220,صلاة كنسية مسيحية في المساء مع ترانيم,,,,,,صَلَوَاتُ الْمَسَاءِ,APPROVED,,L2_017 haiku b16
AR06377,سَجَنَ,فعل,297,10524,إرسال إلى السجن كعقوبة قضائية,سجن,فَعَلَ,roots-4662:سجن:المحكم — المعاني,roots-4662:سجن:مقاييس — المحور,roots-4662:سجن:الأساس — المجاز,سَجَنَ,APPROVED,,L2_017 haiku b16
AR06379,لَصِقَ,فعل,306,11370,التصق شيء بآخر,لصق,فَعِلَ,roots-4662:لصق:المحكم — المعاني,roots-4662:لصق:مقاييس — المحور,roots-4662:لصق:الأساس — المجاز,لَصِقَ,APPROVED,,L2_017 haiku b16
AR06381,كَائِنٌ بَشَرِيٌّ,تركيب,304,11741,رجل أو امرأة أو طفل من البشر,,,,,,كَائِنٌ بَشَرِيٌّ,APPROVED,,L2_017 haiku b16
AR06382,رَوَّى,فعل,309,12084,جعل الشيء يمتص الماء,روي,فَعَّلَ,roots-4662:روي:المحكم — المعاني,roots-4662:روي:مقاييس — المحور,roots-4662:روي:الأساس — المجاز,رَوَّى,APPROVED,,L2_017 haiku b16
AR06383,رَطَّبَ الْجِلْدَ,تركيب,309,12085,جعل الجلد أقل جفافاً برطوبة,,,,,,رَطَّبَ الْجِلْدَ,APPROVED,,L2_017 haiku b16
AR06384,امْتَصَّ,فعل,309,12086,امتصاص السائل بسرعة,مصص,,roots-4662:مصص:المحكم — المعاني,roots-4662:مصص:مقاييس — المحور,roots-4662:مصص:الأساس — المجاز,امْتَصَّ,APPROVED,افْتَعَلَ,L2_017 haiku b16 | FLAGS: WAZN_LEMMA_MISMATCH;WAZN_NOT_IN_INV
AR06385,أَضْحَكَ,فعل,288,12087,جعل شخصاً يشعر بالفرح والضحك,ضحك,أَفْعَلَ,v21:ضحك:المحكم — المعاني,v21:ضحك:مقاييس — النص,v21:ضحك:الأساس — المجاز,أَضْحَكَ,APPROVED,,L2_017 haiku b16
AR06386,أَلْهَى,فعل,288,12088,تحويل اهتمام شخص عن شيء آخر,لهو,أَفْعَلَ,roots-4662:لهو:المحكم — المعاني,roots-4662:لهو:مقاييس — المحور,roots-4662:لهو:الأساس — المجاز,أَلْهَى,APPROVED,,L2_017 haiku b16
AR06387,عَادَ إِلَى الْوَعْيِ,تركيب,295,12099,استعادة الوعي بعد الفقدان,,,,,,عَادَ إِلَى الْوَعْيِ,APPROVED,,L2_017 haiku b16
AR06388,اِلْتَصَقَ,فعل,307,12699,الالتصاق بشيء آخر,لصق,,roots-4662:لصق:المحكم — المعاني,roots-4662:لصق:مقاييس — المحور,roots-4662:لصق:الأساس — المجاز,اِلْتَصَقَ,APPROVED,افْتَعَلَ,L2_017 haiku b16 | FLAGS: WAZN_NOT_IN_INV
AR06389,الِالْتِصَاقُ,مصدر,307,12700,حالة الالتصاق والالتحام,لصق,,roots-4662:لصق:المحكم — المعاني,roots-4662:لصق:مقاييس — المحور,roots-4662:لصق:الأساس — المجاز,الِالْتِصَاقُ,APPROVED,الِافْتِعَالُ,L2_017 haiku b16 | FLAGS: WAZN_LEMMA_MISMATCH;WAZN_NOT_IN_INV
AR06390,صَلَوَاتٌ مَسَائِيَّةٌ,تركيب,301,13292,صلوات دينية مسائية في الكنيسة المسيحية,,,,,,صَلَوَاتٌ مَسَائِيَّةٌ,APPROVED,,L2_017 haiku b16
AR06391,عَاصِفَةٌ رَعْدِيَّةٌ,تركيب,303,13476,عاصفة تحتوي على رعد وبرق وأمطار غزيرة,,,,,,عَاصِفَةٌ رَعْدِيَّةٌ,APPROVED,,L2_017 haiku b16
AR06393,قَرَّبَ,فعل,301,13515,تقديم قربان أو ذبيحة للإله,قرب,فَعَّلَ,roots-4662:قرب:المحكم — المعاني,roots-4662:قرب:مقاييس — المحور,roots-4662:قرب:الأساس — المجاز,قَرَّبَ,APPROVED,,L2_017 haiku b16
AR06394,مُتَّصِلٌ,اسم فاعل,307,13664,مرتبط ومتصل بشيء آخر,وصل,مُتَفَعِّلٌ,roots-4662:وصل:المحكم — المعاني,roots-4662:وصل:مقاييس — المحور,,مُتَّصِلٌ,APPROVED,,L2_017 haiku b16
AR06395,أَدَانَ,فعل,297,13787,إصدار حكم بالعقوبة والإدانة,دين,أَفْعَلَ,roots-4662:دين:المحكم — المعاني,roots-4662:دين:مقاييس — المحور,,أَدَانَ,APPROVED,,L2_017 haiku b16
AR06396,مُنَاخٌ,اسم جامد,303,13818,الحالة المناخية العامة لمنطقة جغرافية معينة,ناخ,,,,,مُنَاخٌ,APPROVED,مُفْعَالٌ,L2_017 haiku b16 | FLAGS: ROOT_ALIF;WAZN_NOT_IN_INV
AR06398,أَشِعَّةُ شَمْسٍ,تركيب,303,14208,ضوء الشمس الصافي بدون غيوم تحجبها,,,,,,أَشِعَّةُ شَمْسٍ,APPROVED,,L2_017 haiku b16
AR06399,أَقْوَامٌ,اسم جامد,304,14631,مجموعة من الناس والبشر,قوم,,roots-4662:قوم:المحكم — المعاني,roots-4662:قوم:مقاييس — المحور,roots-4662:قوم:الأساس — المجاز,أَقْوَامٌ,APPROVED,أَفْعَالٌ,L2_017 haiku b16 | FLAGS: WAZN_NOT_IN_INV
AR06400,حَفْلَةٌ احْتِفَالِيَّةٌ,تركيب,301,15347,موكب وحفل احتفالي ديني,,,,,,حَفْلَةٌ احْتِفَالِيَّةٌ,APPROVED,,L2_017 haiku b16
AR06401,طَقْسٌ صَحْوٌ,تركيب,303,15351,طقس صاف وجميل بدون أمطار أو غيوم,,,,,,طَقْسٌ صَحْوٌ,APPROVED,,L2_017 haiku b16
AR06402,أُغْمِيَ عَلَيْهِ,تركيب,292,15499,فقدان الوعي نتيجة صدمة عاطفية,,,,,,أُغْمِيَ عَلَيْهِ,APPROVED,,L2_017 haiku b16
AR06403,نَامَ عَمِيقاً,تركيب,292,15501,الدخول في نوم عميق وسريع,,,,,,نَامَ عَمِيقاً,APPROVED,,L2_017 haiku b16
AR06404,نَامَ تَدْرِيجِيّاً,تركيب,292,15502,الدخول التدريجي والبطيء إلى النوم,,,,,,نَامَ تَدْرِيجِيّاً,APPROVED,,L2_017 haiku b16
AR06405,اسْتَعَادَ الْوَعْيَ بِصُعُوبَةٍ,تركيب,295,15503,عودة الوعي بعناء وصعوبة,,,,,,اسْتَعَادَ الْوَعْيَ بِصُعُوبَةٍ,APPROVED,,L2_017 haiku b16
AR06406,يَا,حرف,305,15532,صيغة نداء جذب الانتباه,,,,,,يَا,APPROVED,,L2_017 haiku b16 | FLAGS: ROOT_WAZN_CLEARED_NO_ROOT_POS
AR06407,أَهْلًا وَسَهْلًا,تركيب,305,15533,تحية غير رسمية للترحيب,,,,,,أَهْلًا وَسَهْلًا,APPROVED,,L2_017 haiku b16
AR06408,مَعْ الْعُذْرِ,تركيب,305,15534,تحية رسمية قبل سؤال أو طلب,,,,,,مَعْ الْعُذْرِ,APPROVED,,L2_017 haiku b16
AR06410,ضَابِطُ شُرْطَةٍ,تركيب,305,16014,نداء رسمي موجه لضابط شرطة,,,,,,ضَابِطُ شُرْطَةٍ,APPROVED,,L2_017 haiku b16
AR06412,حَيٌّ,صفة مشبهة,304,16364,شخص حي أو كائن حي معين,حيي,فَعِيلٌ,,v21:حيي:مقاييس — النص,v21:حيي:الأساس — المجاز,حَيٌّ,APPROVED,,L2_017 haiku b16
AR06413,حَيَاةٌ,اسم جامد,310,16365,حالة الكائن الحي والعمليات البيولوجية,حيي,فَعَالَةٌ,,v21:حيي:مقاييس — النص,v21:حيي:الأساس — المجاز,حَيَاةٌ,APPROVED,,L2_017 haiku b16
AR06414,مُتَوَفَّىٰ,اسم مفعول,310,16411,الشخص الذي توفي مؤخراً,وفي,,roots-4662:وفي:المحكم — المعاني,roots-4662:وفي:مقاييس — النص,roots-4662:وفي:الأساس — المجاز,مُتَوَفَّىٰ,APPROVED,الْمُفَتَعِّل,L2_017 haiku b16 | FLAGS: AL_STRIPPED;WAZN_NOT_IN_INV
AR06416,نِيرَانٌ,اسم جامد,289,17068,الرصاص المطلق من السلاح الناري,نار,فِعَالٌ,,,,نِيرَانٌ,APPROVED,,L2_017 haiku b16 | FLAGS: ROOT_ALIF
AR06417,قَوْمٌ,اسم جامد,304,17293,مجموعة عامة أو محددة من الناس,قوم,فَعْلٌ,roots-4662:قوم:المحكم — المعاني,roots-4662:قوم:مقاييس — المحور,roots-4662:قوم:الأساس — المجاز,قَوْمٌ,APPROVED,,L2_017 haiku b16
AR06420,شَخْصٌ مَا,تركيب,304,18615;18616,فرد واحد غير محدد من البشر,,,,,,شَخْصٌ مَا,APPROVED,,L2_017 haiku b16
AR06423,خَدَشَ,فعل,311,5623;15103,لَمْسٌ خَفِيفٌ عَابِرٌ يُحْدِثُ خَدْشًا,خدش,فَعَلَ,roots-4662:خدش:المحكم — المعاني,roots-4662:خدش:مقاييس — المحور,roots-4662:خدش:الأساس — المجاز,خَدَشَ,APPROVED,,L2_017 haiku b17
AR06424,مائِل,صفة مشبهة,311,5624,ضَرْبَةٌ تَنْحَرِفُ عَنْ الخَطّ المُستقيم,ميل,فَاعِلٌ,roots-4662:ميل:المحكم — المعاني,roots-4662:ميل:مقاييس — النص,roots-4662:ميل:الأساس — المجاز,مائِل,APPROVED,,L2_017 haiku b17
AR06427,اندَفَعَ,فعل,311,5627;5633,حَرَكَةٌ سَرِيعَةٌ نَحْوَ شَيْءٍ بِهَدَفِ الاِصْطِدام,دفع,اِنْفَعَلَ,roots-4662:دفع:المحكم — المعاني,roots-4662:دفع:مقاييس — المحور,roots-4662:دفع:الأساس — المجاز,اندَفَعَ,APPROVED,,L2_017 haiku b17
AR06428,لَطَمَ,فعل,311,5628;6843,ضَرْبَةٌ حادَّةٌ بِقُوَّةٍ عَلَى الوَجْه,لطم,فَعَلَ,roots-4662:لطم:المحكم — المعاني,roots-4662:لطم:مقاييس — المحور,roots-4662:لطم:الأساس — المجاز,لَطَمَ,APPROVED,,L2_017 haiku b17
AR06430,دَقَّ,فعل,311,5632;6838;9756,ضَرْبَةٌ قَوِيَّةٌ عَلَى سَطْحٍ تُحْدِثُ صَوْتًا,دقق,فَعَّلَ,roots-4662:دقق:المحكم — المعاني,roots-4662:دقق:مقاييس — المحور,roots-4662:دقق:الأساس — المجاز,دَقَّ,APPROVED,,L2_017 haiku b17 | FLAGS: WAZN_LEMMA_MISMATCH
AR06436,خَرَّ,فعل,311,5641,سُقُوطٌ ثَقِيلٌ مَسْحُوبٌ بِضَرْبَة,خرر,فَعَّلَ,roots-4662:خرر:المحكم — المعاني,roots-4662:خرر:مقاييس — المحور,roots-4662:خرر:الأساس — المجاز,خَرَّ,APPROVED,,L2_017 haiku b17 | FLAGS: WAZN_LEMMA_MISMATCH
AR06438,سَقَطَ,فعل,311,6841,سُقُوطٌ مِنْ أَعْلَى مَعَ ضَرْبَة,سقط,فَعَلَ,roots-4662:سقط:المحكم — المعاني,roots-4662:سقط:مقاييس — المحور,roots-4662:سقط:الأساس — المجاز,سَقَطَ,APPROVED,,L2_017 haiku b17
AR06439,لَكَمَ,فعل,311,6855,ضَرْبَةٌ ثَقِيلَةٌ بِالقَبْضَة,لكم,فَعَلَ,roots-4662:لكم:المحكم — المعاني,roots-4662:لكم:مقاييس — النص,roots-4662:لكم:الأساس — المجاز,لَكَمَ,APPROVED,,L2_017 haiku b17
AR06441,لَمَسَ,فعل,311,9753;11007,اِتِّصالٌ خَفِيفٌ قَصِيرٌ,لمس,فَعَلَ,roots-4662:لمس:المحكم — المعاني,roots-4662:لمس:مقاييس — المحور,roots-4662:لمس:الأساس — المجاز,لَمَسَ,APPROVED,,L2_017 haiku b17
AR06442,خَفَقَ,فعل,311,9754,أَصْوات طَرْقَاتٍ خَفِيفَةٍ متكرّرة,خفق,فَعَلَ,roots-4662:خفق:المحكم — المعاني,roots-4662:خفق:مقاييس — المحور,,خَفَقَ,APPROVED,,L2_017 haiku b17
AR06443,رَشّ,فعل,311,9755,ضَرْبَةٌ تُحْدِثُ رَشّاً مِنَ الماء,رشش,,roots-4662:رشش:المحكم — المعاني,roots-4662:رشش:مقاييس — المحور,roots-4662:رشش:الأساس — المجاز,رَشّ,APPROVED,فَعَّ,L2_017 haiku b17 | FLAGS: WAZN_NOT_IN_INV
AR06444,رَنّ,فعل,311,9757,سُقُوطٌ يُحْدِثُ صَوْتًا مَعْدِنِيًّا,رنن,,roots-4662:رنن:المحكم — المعاني,roots-4662:رنن:مقاييس — المحور,roots-4662:رنن:الأساس — المجاز,رَنّ,APPROVED,فَعَّ,L2_017 haiku b17 | FLAGS: WAZN_NOT_IN_INV
AR06446,فَرْقَعَ,فعل,311,9760,اِصْطِدامٌ يُحْدِثُ صَفِيرًا خَفِيفًا,فرق,فَعْلَلَ,roots-4662:فرق:المحكم — المعاني,roots-4662:فرق:مقاييس — المحور,roots-4662:فرق:الأساس — المجاز,فَرْقَعَ,APPROVED,,L2_017 haiku b17 | FLAGS: WAZN_LEMMA_MISMATCH
AR06448,سَجْن,مصدر,313,5682,حَبْسٌ قَبْلَ الحُكْمِ في القَضِيَّة,سجن,فَعْلٌ,roots-4662:سجن:المحكم — المعاني,roots-4662:سجن:مقاييس — المحور,roots-4662:سجن:الأساس — المجاز,سَجْن,APPROVED,,L2_017 haiku b17
AR06452,هارِب,اسم فاعل,313,9360,شَخْصٌ فَقَدَ وَلَمْ يُوقَفْ بَعْدُ,هرب,فَاعِلٌ,roots-4662:هرب:المحكم — المعاني,roots-4662:هرب:مقاييس — النص,,هارِب,APPROVED,,L2_017 haiku b17
AR06453,مَقْبُوض عليه,تركيب,313,18388,شَخْصٌ تَمَّ القَبْضُ عَلَيْهِ رَسْمِيًّا,,,,,,مَقْبُوض عليه,APPROVED,,L2_017 haiku b17
AR06454,مَطَر,اسم جامد,314,5697,رُطُوبَةُ الجَوِّ تَسْقُطُ نُقَاطًا مُنْفَصِلَة,مطر,,roots-4662:مطر:المحكم — المعاني,roots-4662:مطر:مقاييس — النص,roots-4662:مطر:الأساس — المجاز,مَطَر,APPROVED,,L2_017 haiku b17 | FLAGS: WAZN_MISSING
AR06455,مَطَرَ,فعل,314,5698,سُقُوطُ الماء مِنَ السَّماء,مطر,فَعَلَ,roots-4662:مطر:المحكم — المعاني,roots-4662:مطر:مقاييس — النص,roots-4662:مطر:الأساس — المجاز,مَطَرَ,APPROVED,,L2_017 haiku b17
AR06456,حَدَثُ مَطَر,تركيب,314,5699,الحَدَثُ الكَامِلُ لِسُقُوطِ الأَمْطار,,,,,,حَدَثُ مَطَر,APPROVED,,L2_017 haiku b17
AR06459,تَسَاقُطُ ثَلْج,تركيب,314,5702,حَدَثُ سُقُوطِ الثَّلْجِ,,,,,,تَسَاقُطُ ثَلْج,APPROVED,,L2_017 haiku b17
AR06460,هُطولُ أَمْطار,تركيب,314,5703,حَدَثُ سُقُوطِ الأَمْطار,,,,,,هُطولُ أَمْطار,APPROVED,,L2_017 haiku b17
AR06461,رَذاذ,فعل,314,5704,سُقُوطُ أَمْطارٍ خَفِيفَةٍ جِدًّا,رذذ,,roots-4662:رذذ:المحكم — المعاني,roots-4662:رذذ:مقاييس — المحور,roots-4662:رذذ:الأساس — المجاز,رَذاذ,APPROVED,فَعَّ,L2_017 haiku b17 | FLAGS: WAZN_LEMMA_MISMATCH;WAZN_NOT_IN_INV
AR06462,رَذاذ,اسم جامد,314,5705,أَمْطارٌ خَفِيفَةٌ جِدًّا دَقِيقَة,رذذ,,roots-4662:رذذ:المحكم — المعاني,roots-4662:رذذ:مقاييس — المحور,roots-4662:رذذ:الأساس — المجاز,رَذاذ,APPROVED,,L2_017 haiku b17 | FLAGS: WAZN_MISSING
AR06463,جَليد ممطِر,تركيب,314,5706;5707,سُقُوطُ الثَّلْجِ المَخْلُوطِ بِالماء,,,,,,جَليد ممطِر,APPROVED,,L2_017 haiku b17
AR06464,غَيْثٌ شَدِيد,تركيب,314,5708,سُقُوطٌ كَثِيفٌ مِنَ الأَمْطار,,,,,,غَيْثٌ شَدِيد,APPROVED,,L2_017 haiku b17
AR06467,هُطول,مصدر,314,5712,سُقُوطُ ماءٍ أَوْ جَليدٍ مِنَ السَّماء,هطل,,roots-4662:هطل:المحكم — المعاني,roots-4662:هطل:مقاييس — المحور,roots-4662:هطل:الأساس — المجاز,هُطول,APPROVED,فُعول,L2_017 haiku b17 | FLAGS: WAZN_NOT_IN_INV
AR06468,حَدَثُ هُطول,تركيب,314,5713,الحَدَثُ الكَامِلُ لِلْهُطول,,,,,,حَدَثُ هُطول,APPROVED,,L2_017 haiku b17
AR06469,وَابِل,اسم جامد,314,5714,سُقُوطٌ خَفِيفٌ مِنَ الأَمْطار أَوِ الثَّلْج,وبل,,roots-4662:وبل:المحكم — المعاني,roots-4662:وبل:مقاييس — المحور,roots-4662:وبل:الأساس — المجاز,وَابِل,APPROVED,,L2_017 haiku b17 | FLAGS: WAZN_MISSING
AR06470,فَيِّض,مصدر,314,5715,تَيّارٌ قَوِيٌّ سَرِيعٌ مِنَ الماء,فيض,فَعِيلٌ,roots-4662:فيض:المحكم — المعاني,roots-4662:فيض:مقاييس — المحور,roots-4662:فيض:الأساس — المجاز,فَيِّض,APPROVED,,L2_017 haiku b17
AR06471,رَذّ,فعل,314,5716;15054,سُقُوطُ أَمْطارٍ خَفِيفَةٍ جِدًّا,رذذ,,roots-4662:رذذ:المحكم — المعاني,roots-4662:رذذ:مقاييس — المحور,roots-4662:رذذ:الأساس — المجاز,رَذّ,APPROVED,فَعَّ,L2_017 haiku b17 | FLAGS: WAZN_NOT_IN_INV
AR06472,غَزِير,صفة مشبهة,314,6876,سُقُوطٌ كَثِيفٌ سَرِيعٌ كِالتَّيّار,غزر,فَاعِلٌ,roots-4662:غزر:المحكم — المعاني,roots-4662:غزر:مقاييس — النص,,غَزِير,APPROVED,,L2_017 haiku b17
AR06473,حَدَثُ ثَلْج,تركيب,314,18328,الحَدَثُ الكَامِلُ لِسُقُوطِ الثَّلْج,,,,,,حَدَثُ ثَلْج,APPROVED,,L2_017 haiku b17
AR06475,وُجِدَ,فعل,316,5750,دُخُولُ الكَيانِ إِلَى الوُجود,وجد,,roots-4662:وجد:المحكم — المعاني,roots-4662:وجد:مقاييس — المحور,roots-4662:وجد:الأساس — المجاز,وُجِدَ,APPROVED,فُعِلَ,L2_017 haiku b17 | FLAGS: WAZN_NOT_IN_INV
AR06477,نَشَأَ,فعل,316,5752,بِدايَةُ وُجُودِ الكَيان,نشء,فَعَلَ,roots-4662:نشء:المحكم — المعاني,roots-4662:نشء:مقاييس — المحور,,نَشَأَ,APPROVED,,L2_017 haiku b17 | FLAGS: ROOT_NORMALIZED
AR06478,أَخَذَ شَكْل,تركيب,316,5754,بِدايَةُ تَحَقُّقِ الكِيانِ المُجَرَّد,,,,,,أَخَذَ شَكْل,APPROVED,,L2_017 haiku b17
AR06479,نَمَا,فعل,316,5756,بِدايَةُ وُجُودِ الكَيان,نمو,فَعَلَ,roots-4662:نمو:المحكم — المعاني,,,نَمَا,APPROVED,,L2_017 haiku b17
AR06480,تَلاحَمَ,فعل,316,5758,اِتِّحادُ أَجْزاءٍ لِتَشْكِيلِ كُل,لحم,تَفَاعَلَ,roots-4662:لحم:المحكم — المعاني,roots-4662:لحم:مقاييس — المحور,roots-4662:لحم:الأساس — المجاز,تَلاحَمَ,APPROVED,,L2_017 haiku b17
AR06483,بَدَأَ في الوُجود,تركيب,316,7346,بِدايَةُ الوُجود الفِعْلِيّ,,,,,,بَدَأَ في الوُجود,APPROVED,,L2_017 haiku b17
AR06487,أَرْسَلَ,فعل,317,5761,السَّماحُ بِالذِّهابِ بِحُرِّيَّة,رسل,أَفْعَلَ,roots-4662:رسل:المحكم — المعاني,roots-4662:رسل:مقاييس — المحور,roots-4662:رسل:الأساس — المجاز,أَرْسَلَ,APPROVED,,L2_017 haiku b17
AR06491,قَرَّرَ,فعل,318,6173,إِصْدارُ قَرارٍ رَسْمِيّ مِنَ المَحْكَمَة,قرر,فَعَّلَ,roots-4662:قرر:المحكم — المعاني,roots-4662:قرر:مقاييس — المحور,roots-4662:قرر:الأساس — المجاز,قَرَّرَ,APPROVED,,L2_017 haiku b17
AR06492,قَرار,اسم جامد,318,6174,النَّتِيجَةُ المُتَوَصَّلُ إِلَيْها بَعْدَ التَّحْقِيق,قرر,,roots-4662:قرر:المحكم — المعاني,roots-4662:قرر:مقاييس — المحور,roots-4662:قرر:الأساس — المجاز,قَرار,APPROVED,,L2_017 haiku b17 | FLAGS: WAZN_MISSING
AR06494,أَدَانَ,فعل,318,6177,إِعْلانُ إِدانَةِ المُتَّهَم,دين,أَفْعَلَ,roots-4662:دين:المحكم — المعاني,roots-4662:دين:مقاييس — المحور,,أَدَانَ,APPROVED,,L2_017 haiku b17
AR06495,إِدانَة,مصدر,318,6178,عَمَلُ إِدانَةِ الموظَّف بِالذَّنْب,دين,إِفْعَالَةٌ,roots-4662:دين:المحكم — المعاني,roots-4662:دين:مقاييس — المحور,,إِدانَة,APPROVED,,L2_017 haiku b17
AR06498,مُذْنِب,صفة مشبهة,318,8316,قابِلٌ لِلْإِدانَةِ بِجُرْمٍ,ذنب,,roots-4662:ذنب:المحكم — المعاني,roots-4662:ذنب:مقاييس — المحور,roots-4662:ذنب:الأساس — المجاز,مُذْنِب,APPROVED,فُعْلِل,L2_017 haiku b17 | FLAGS: WAZN_LEMMA_MISMATCH;WAZN_NOT_IN_INV
AR06500,خَلَقَ,فعل,319,11320,إِحْضارُ كَيانٍ إِلَى الوُجود,خلق,فَعَلَ,roots-4662:خلق:المحكم — المعاني,roots-4662:خلق:مقاييس — المحور,roots-4662:خلق:الأساس — المجاز,خَلَقَ,APPROVED,,L2_017 haiku b17
AR06503,أَنْتَجَ,فعل,319,11686;13433,خَلْقٌ كَجُزْءٍ مِنْ عَمَلِيَّة,نتج,أَفْعَلَ,roots-4662:نتج:المحكم — المعاني,roots-4662:نتج:مقاييس — النص,roots-4662:نتج:الأساس — المجاز,أَنْتَجَ,APPROVED,,L2_017 haiku b17
AR06504,إِنْتاج,مصدر,319,11689,عَمَلِيَّةُ الخَلْقِ الفِيزِيائِيَّة,نتج,إِفْعَالٌ,roots-4662:نتج:المحكم — المعاني,roots-4662:نتج:مقاييس — النص,roots-4662:نتج:الأساس — المجاز,إِنْتاج,APPROVED,,L2_017 haiku b17
AR06506,وَلَّدَ,فعل,319,12548,إِنْتاجُ كَيانٍ,ولد,فَعَّلَ,roots-4662:ولد:المحكم — المعاني,roots-4662:ولد:مقاييس — المحور,roots-4662:ولد:الأساس — المجاز,وَلَّدَ,APPROVED,,L2_017 haiku b17
AR06511,وَظَّفَ,فعل,322,5774;10534,إِشْتِغالٌ بِأُجْرَة,وظف,فَعَّلَ,roots-4662:وظف:المحكم — المعاني,roots-4662:وظف:مقاييس — المحور,roots-4662:وظف:الأساس — المجاز,وَظَّفَ,APPROVED,,L2_017 haiku b17
AR06512,وَقَّعَ,فعل,322,5775;15645,تعيينُ شَخْصٍ بِعَقْد,وقع,فَعَّلَ,roots-4662:وقع:المحكم — المعاني,roots-4662:وقع:مقاييس — المحور,roots-4662:وقع:الأساس — المجاز,وَقَّعَ,APPROVED,,L2_017 haiku b17
AR06514,كَلَّفَ,فعل,322,5777,طَلَبُ تَنْفِيذِ عَمَل,كلف,فَعَّلَ,roots-4662:كلف:المحكم — المعاني,roots-4662:كلف:مقاييس — المحور,,كَلَّفَ,APPROVED,,L2_017 haiku b17
AR06515,اسْتَقْدَمَ,فعل,322,5778,قَبُولُ شَخْصٍ كَموظَّف,قدم,اِسْتَفْعَلَ,roots-4662:قدم:المحكم — المعاني,roots-4662:قدم:مقاييس — المحور,roots-4662:قدم:الأساس — المجاز,اسْتَقْدَمَ,APPROVED,,L2_017 haiku b17
AR06516,تَوْظِيف,مصدر,322,5779,عَمَلِيَّةُ قَبُولِ موظَّف,وظف,تَفْعِيلٌ,roots-4662:وظف:المحكم — المعاني,roots-4662:وظف:مقاييس — المحور,roots-4662:وظف:الأساس — المجاز,تَوْظِيف,APPROVED,,L2_017 haiku b17
AR06517,تكليف,مصدر,322,13257,عَمَلِيَّةُ تَكْلِيفِ شَخْص,كلف,تَفْعِيلٌ,roots-4662:كلف:المحكم — المعاني,roots-4662:كلف:مقاييس — المحور,,تكليف,APPROVED,,L2_017 haiku b17 | FLAGS: UNVOCALIZED
AR06520,وَظَّفَ,فعل,323,5786,اسْتِخْدامُ شَخْصٍ مُقابِلَ أُجْرَة,وظف,فَعَّلَ,roots-4662:وظف:المحكم — المعاني,roots-4662:وظف:مقاييس — المحور,roots-4662:وظف:الأساس — المجاز,وَظَّفَ,APPROVED,,L2_017 haiku b17
AR06521,صاحِبُ عَمَل,تركيب,323,8395,الشَّخْصُ الَّذِي يَسْتَخْدِمُ موظَّفًا,,,,,,صاحِبُ عَمَل,APPROVED,,L2_017 haiku b17
AR06522,موظَّف,اسم مفعول,323,8396,شَخْصٌ مَأْجُورٌ لِلْعَمَل,وظف,مُفَعَّلٌ,roots-4662:وظف:المحكم — المعاني,roots-4662:وظف:مقاييس — المحور,roots-4662:وظف:الأساس — المجاز,موظَّف,APPROVED,,L2_017 haiku b17
AR06523,كَلَّفَ,فعل,323,11168,طَلَبُ تَنْفِيذِ عَمَل مِنْ قِبَل,كلف,فَعَّلَ,roots-4662:كلف:المحكم — المعاني,roots-4662:كلف:مقاييس — المحور,,كَلَّفَ,APPROVED,,L2_017 haiku b17
AR06524,كادِر,اسم جامد,323,11685,الأَفْرادُ المُسْتَخْدَمُون بِجِهَة,كدر,,roots-4662:كدر:المحكم — المعاني,roots-4662:كدر:مقاييس — المحور,roots-4662:كدر:الأساس — المجاز,كادِر,APPROVED,,L2_017 haiku b17 | FLAGS: WAZN_MISSING
AR06525,فَرِيق عَمَل,تركيب,323,11771,مَجْمُوعَةُ الموظَّفِين في مُؤَسَّسَة,,,,,,فَرِيق عَمَل,APPROVED,,L2_017 haiku b17
AR06526,تَوْظِيف,مصدر,323,12591,عَمَلِيَّةُ اسْتِخْدامِ موظَّف,وظف,تَفْعِيلٌ,roots-4662:وظف:المحكم — المعاني,roots-4662:وظف:مقاييس — المحور,roots-4662:وظف:الأساس — المجاز,تَوْظِيف,APPROVED,,L2_017 haiku b17
AR06528,وَقَّعَ,فعل,324,10530,اِلْتِزامٌ بِعَقْدِ عَمَل,وقع,فَعَّلَ,roots-4662:وقع:المحكم — المعاني,roots-4662:وقع:مقاييس — المحور,roots-4662:وقع:الأساس — المجاز,وَقَّعَ,APPROVED,,L2_017 haiku b17
AR06529,قَبِلَ وَظِيفَة,تركيب,324,10532,قَبُولُ عَرْضِ عَمَل,,,,,,قَبِلَ وَظِيفَة,APPROVED,,L2_017 haiku b17
AR06530,اسْتَقالَ,فعل,325,5789;5790;5792;11976,تَرْكٌ طَوْعِيٌّ لِلْعَمَل,قيل,اِسْتَفْعَلَ,roots-4662:قيل:المحكم — المعاني,roots-4662:قيل:مقاييس — النص,roots-4662:قيل:الأساس — المجاز,اسْتَقالَ,APPROVED,,L2_017 haiku b17
AR06531,تَقاعَدَ,فعل,325,5791,التَّوَقُّفُ عَنِ العَمَل بِسَبَبِ السِّن,قعد,تَفَاعَلَ,roots-4662:قعد:المحكم — المعاني,roots-4662:قعد:مقاييس — المحور,roots-4662:قعد:الأساس — المجاز,تَقاعَدَ,APPROVED,,L2_017 haiku b17
AR06532,اسْتِقالَة,مصدر,325,5793,التَّوَقُّفُ الطَّوْعِيُّ عَنِ العَمَل,قيل,اِسْتِفْعَالَةٌ,roots-4662:قيل:المحكم — المعاني,roots-4662:قيل:مقاييس — النص,roots-4662:قيل:الأساس — المجاز,اسْتِقالَة,APPROVED,,L2_017 haiku b17
AR06533,تَقاعُد,مصدر,325,5794,التَّوَقُّفُ النِّهائِيُّ عَنِ العَمَل,قعد,تَفَاعُلٌ,roots-4662:قعد:المحكم — المعاني,roots-4662:قعد:مقاييس — المحور,roots-4662:قعد:الأساس — المجاز,تَقاعُد,APPROVED,,L2_017 haiku b17
AR06534,أَبْلَغَ اسْتِقالَة,تركيب,325,5795,إِخْبارُ صاحِبِ العَمَلِ بِالتَّرْك,,,,,,أَبْلَغَ اسْتِقالَة,APPROVED,,L2_017 haiku b17
AR06536,أَقالَ,فعل,326,5796;5801,فَصْلٌ مِنَ الوَظِيفَة,قيل,أَفْعَلَ,roots-4662:قيل:المحكم — المعاني,roots-4662:قيل:مقاييس — النص,roots-4662:قيل:الأساس — المجاز,أَقالَ,APPROVED,,L2_017 haiku b17
AR06537,فَصَلَ,فعل,326,5797;5798;5799;5802,رَفْضٌ لِلْموظَّفِ كَغَيْرِ كافٍ,فصل,فَعَلَ,roots-4662:فصل:المحكم — المعاني,roots-4662:فصل:مقاييس — النص,,فَصَلَ,APPROVED,,L2_017 haiku b17
AR06539,سَرَّحَ,فعل,326,5803,فَصْلٌ بِسَبَبِ الظُّرُوف,سرح,فَعَّلَ,roots-4662:سرح:المحكم — المعاني,roots-4662:سرح:مقاييس — المحور,roots-4662:سرح:الأساس — المجاز,سَرَّحَ,APPROVED,,L2_017 haiku b17
AR06540,إِقالَة,مصدر,326,5804,حَادِثَةُ الفَصْلِ مِنَ الوَظِيفَة,قيل,إِفْعَالَةٌ,roots-4662:قيل:المحكم — المعاني,roots-4662:قيل:مقاييس — النص,roots-4662:قيل:الأساس — المجاز,إِقالَة,APPROVED,,L2_017 haiku b17
AR06541,فَصْل,مصدر,326,5805,التَّوَقُّفُ عَنِ الاسْتِخْدام,فصل,فَعْلٌ,roots-4662:فصل:المحكم — المعاني,roots-4662:فصل:مقاييس — النص,,فَصْل,APPROVED,,L2_017 haiku b17
AR06542,تَسْرِيح,مصدر,326,5807,فَصْلٌ مُؤَقَّتٌ أَوْ دائِمٌ,سرح,تَفْعِيلٌ,roots-4662:سرح:المحكم — المعاني,roots-4662:سرح:مقاييس — المحور,roots-4662:سرح:الأساس — المجاز,تَسْرِيح,APPROVED,,L2_017 haiku b17
AR06544,إِنْهاء,مصدر,326,5809,إِنْهاءُ عِلاقَةِ التَّوظِيفِ,نهي,إِفْعَالٌ,roots-4662:نهي:المحكم — المعاني,roots-4662:نهي:مقاييس — المحور,roots-4662:نهي:الأساس — المجاز,إِنْهاء,APPROVED,,L2_017 haiku b17 | FLAGS: ROOT_NORMALIZED
AR06545,اسْتَغْنَى,فعل,326,5937,تَقْلِيلُ الموظَّفِين,غني,اِسْتَفْعَلَ,roots-4662:غني:المحكم — المعاني,roots-4662:غني:مقاييس — المحور,roots-4662:غني:الأساس — المجاز,اسْتَغْنَى,APPROVED,,L2_017 haiku b17 | FLAGS: ROOT_NORMALIZED
AR06546,خارِجِيّ,اسم منسوب,327,5827;5828;5830,مَوْجُودٌ عَلَى الجِهَةِ الخارِجِيَّة,خرج,فَاعِلِيٌّ,roots-4662:خرج:المحكم — المعاني,roots-4662:خرج:مقاييس — المحور,roots-4662:خرج:الأساس — المجاز,خارِجِيّ,APPROVED,,L2_017 haiku b17
AR06547,داخِلِيّ,اسم منسوب,327,5829;5831,مَوْجُودٌ في الداخِل,دخل,فَاعِلِيٌّ,roots-4662:دخل:المحكم — المعاني,roots-4662:دخل:مقاييس — المحور,,داخِلِيّ,APPROVED,,L2_017 haiku b17
AR06549,قِشْرَة,اسم جامد,327,5833;11256,الطَّبَقَةُ الخارِجِيَّةُ للثَّمَرَة,قشر,,roots-4662:قشر:المحكم — المعاني,roots-4662:قشر:مقاييس — المحور,roots-4662:قشر:الأساس — المجاز,قِشْرَة,APPROVED,,L2_017 haiku b17 | FLAGS: WAZN_MISSING
AR06551,محيط,اسم جامد,327,5881,الأَجْزاءُ الحافَّةُ لِمِنطقة,حيط,,,v21:حيط:مقاييس — النص,,محيط,APPROVED,,L2_017 haiku b17 | FLAGS: UNVOCALIZED;WAZN_MISSING
AR06552,مَرْكَز,اسم جامد,327,8848,نُقْطَةٌ وَسْطِيَّةٌ متساوِيَة,مركز,,,,,مَرْكَز,APPROVED,,L2_017 haiku b17 | FLAGS: WAZN_MISSING
AR06553,داخِل,اسم جامد,327,8850,الجِهَةُ الدّاخِلِيَّةُ للشَّيْء,دخل,,roots-4662:دخل:المحكم — المعاني,roots-4662:دخل:مقاييس — المحور,,داخِل,APPROVED,,L2_017 haiku b17 | FLAGS: WAZN_MISSING
AR06554,داخِلِيّ,صفة مشبهة,327,8851,يَتَعَلَّقُ بِالدّاخِل,دخل,فَاعِلِيٌّ,roots-4662:دخل:المحكم — المعاني,roots-4662:دخل:مقاييس — المحور,,داخِلِيّ,APPROVED,,L2_017 haiku b17
AR06555,وسْط,اسم جامد,327,8852,النُّقْطَةُ الوسْطِيَّة,وسط,,roots-4662:وسط:المحكم — المعاني,roots-4662:وسط:مقاييس — المحور,roots-4662:وسط:الأساس — المجاز,وسْط,APPROVED,,L2_017 haiku b17 | FLAGS: WAZN_MISSING
AR06556,سَطْح,اسم جامد,327,13759,الطَّبَقَةُ الخارِجِيَّةُ الظَّاهِرَة,سطح,,roots-4662:سطح:المحكم — المعاني,roots-4662:سطح:مقاييس — المحور,,سَطْح,APPROVED,,L2_017 haiku b17 | FLAGS: WAZN_MISSING
AR06557,وسْطِيّ,اسم منسوب,327,15545,قَرِيبٌ مِنَ المَرْكَز,وسط,فَاعِلِيٌّ,roots-4662:وسط:المحكم — المعاني,roots-4662:وسط:مقاييس — المحور,roots-4662:وسط:الأساس — المجاز,وسْطِيّ,APPROVED,,L2_017 haiku b17
AR06558,مُرَبَّع,اسم مفعول,328,5836,شَكْلٌ هَندَسِيٌّ رُباعِيٌّ,ربع,مُفَعَّلٌ,roots-4662:ربع:المحكم — المعاني,roots-4662:ربع:مقاييس — المحور,roots-4662:ربع:الأساس — المجاز,مُرَبَّع,APPROVED,,L2_017 haiku b17
AR06560,لَفّ,مصدر,328,5838,طُولٌ مِنْ شَيْءٍ مَلْفُوفٌ,لفف,,roots-4662:لفف:المحكم — المعاني,roots-4662:لفف:مقاييس — المحور,,لَفّ,APPROVED,فَعّ,L2_017 haiku b17 | FLAGS: WAZN_NOT_IN_INV
AR06561,مُكَعَّب,اسم مفعول,328,5840,شَكْلٌ ثُلاثِيٌّ متساوِي الأَضْلاع,كعب,مُفَعَّلٌ,roots-4662:كعب:المحكم — المعاني,roots-4662:كعب:مقاييس — المحور,roots-4662:كعب:الأساس — المجاز,مُكَعَّب,APPROVED,,L2_017 haiku b17
AR06562,عَصا,اسم جامد,328,5841,جِسْمٌ طَوِيلٌ رَقِيقٌ,عصو,,v21:عصو:المحكم — المعاني,v21:عصو:مقاييس — النص,,عَصا,APPROVED,,L2_017 haiku b17 | FLAGS: WAZN_MISSING
AR06564,امْتِدادٌ,مصدر,328,5843,سَاحَةٌ متصِلَةٌ مُستمِرَّة,متد,,roots-4662:متد:المحكم — المعاني,,,امْتِدادٌ,APPROVED,اِمْتِعال,L2_017 haiku b17 | FLAGS: WAZN_LEMMA_MISMATCH;WAZN_NOT_IN_INV
AR06565,رُقْعَة,اسم جامد,328,5846,مَساحَةٌ واسِعَةٌ متصِلَة,رقع,,roots-4662:رقع:المحكم — المعاني,roots-4662:رقع:مقاييس — المحور,roots-4662:رقع:الأساس — المجاز,رُقْعَة,APPROVED,,L2_017 haiku b17 | FLAGS: WAZN_MISSING
AR06566,دائِرَة,اسم جامد,328,5847,شَكْلٌ هَندَسِيٌّ مُسْتَدِير,دور,,roots-4662:دور:المحكم — المعاني,roots-4662:دور:مقاييس — المحور,,دائِرَة,APPROVED,,L2_017 haiku b17 | FLAGS: WAZN_MISSING
AR06567,كُرَة,اسم جامد,328,5866,جِسْمٌ مُسْتَدِيرٌ صُلْبٌ,كور,,roots-4662:كور:المحكم — المعاني,roots-4662:كور:مقاييس — المحور,,كُرَة,APPROVED,,L2_017 haiku b17 | FLAGS: WAZN_MISSING
AR06570,مُنْحَنًى,اسم فاعل,328,13820,خَطٌّ غَيْرُ مُستقيم,حني,مُفْعَلٌ,,,,مُنْحَنًى,APPROVED,,L2_017 haiku b17
AR06571,دائِرِيّ,اسم منسوب,328,14583;15371,عَلَى شَكْلِ دائِرَة,دور,فَاعِلِيٌّ,roots-4662:دور:المحكم — المعاني,roots-4662:دور:مقاييس — المحور,,دائِرِيّ,APPROVED,,L2_017 haiku b17
AR06572,خَطّ,اسم جامد,328,15365,شَكْلٌ أُحادِيُّ البُعْد,خطط,,roots-4662:خطط:المحكم — المعاني,roots-4662:خطط:مقاييس — المحور,roots-4662:خطط:الأساس — المجاز,خَطّ,APPROVED,,L2_017 haiku b17 | FLAGS: WAZN_MISSING
AR06575,إِسْفَين,اسم جامد,328,15368,جُزْءٌ مِنْ دائِرَة كاملَة,سفن,,roots-4662:سفن:المحكم — المعاني,roots-4662:سفن:مقاييس — المحور,,إِسْفَين,APPROVED,,L2_017 haiku b17 | FLAGS: WAZN_MISSING
AR06578,إِهْلِيج,اسم جامد,328,15372,شَكْلٌ يَنْتُجُ مِنْ قَطْعِ مُخْروط,هلج,,roots-4662:هلج:المحكم — المعاني,roots-4662:هلج:مقاييس — النص,,إِهْلِيج,APPROVED,,L2_017 haiku b17 | FLAGS: WAZN_MISSING
AR06582,خَطّ,اسم جامد,329,13843,حَدٌّ فاصِلٌ بَيْنَ كِيانَيْن,خطط,,roots-4662:خطط:المحكم — المعاني,roots-4662:خطط:مقاييس — المحور,roots-4662:خطط:الأساس — المجاز,خَطّ,APPROVED,,L2_017 haiku b17 | FLAGS: WAZN_MISSING
AR06585,فَصْل,اسم جامد,331,5939,قِسْمٌ رَئِيسِيٌّ مِنْ الكِتاب,فصل,,roots-4662:فصل:المحكم — المعاني,roots-4662:فصل:مقاييس — النص,,فَصْل,APPROVED,,L2_017 haiku b17 | FLAGS: WAZN_MISSING
AR06586,فِعْل,اسم جامد,331,11257,قِسْمٌ رَئِيسِيٌّ مِنَ العَرْض,فعل,,roots-4662:فعل:المحكم — المعاني,roots-4662:فعل:مقاييس — المحور,,فِعْل,APPROVED,,L2_017 haiku b17 | FLAGS: WAZN_MISSING
AR06587,كِتاب,اسم جامد,331,13998,قِسْمٌ رَئِيسِيٌّ مِنَ العَمَل,كتب,,roots-4662:كتب:المحكم — المعاني,roots-4662:كتب:مقاييس — المحور,roots-4662:كتب:الأساس — المجاز,كِتاب,APPROVED,,L2_017 haiku b17 | FLAGS: WAZN_MISSING
AR06589,مُسْتَوًى,اسم جامد,331,16423,قِسْمٌ أُفُقِيٌّ مِنَ المادَّة,ستو,,,,,مُسْتَوًى,APPROVED,,L2_017 haiku b17 | FLAGS: WAZN_MISSING
AR06590,مُنقِع,اسم مفعول,332,5849;5887,بَلِيلٌ تماماً بِالماء,نقع,,roots-4662:نقع:المحكم — المعاني,roots-4662:نقع:مقاييس — المحور,roots-4662:نقع:الأساس — المجاز,مُنقِع,APPROVED,مُفَعِل,L2_017 haiku b17 | FLAGS: WAZN_NOT_IN_INV
AR06591,رَطْب,صفة مشبهة,332,5855;5856;5978,فِيهِ رُطُوبَةٌ خَفِيفَة,رطب,فَعْلٌ,roots-4662:رطب:المحكم — المعاني,roots-4662:رطب:مقاييس — المحور,roots-4662:رطب:الأساس — المجاز,رَطْب,APPROVED,,L2_017 haiku b17
AR06593,منقوع,اسم مفعول,332,5858,بَلِيلٌ جِدًّا بِالماء,نقع,مَفْعُولٌ,roots-4662:نقع:المحكم — المعاني,roots-4662:نقع:مقاييس — المحور,roots-4662:نقع:الأساس — المجاز,منقوع,APPROVED,,L2_017 haiku b17 | FLAGS: UNVOCALIZED
AR06594,رِيّ,صفة مشبهة,332,5860,مُشْبَعٌ بِالسّائِل تماماً,روي,فَعِيلٌ,roots-4662:روي:المحكم — المعاني,roots-4662:روي:مقاييس — المحور,roots-4662:روي:الأساس — المجاز,رِيّ,APPROVED,,L2_017 haiku b17
AR06595,غَرِق,صفة مشبهة,332,5884;5886,بَلِيلٌ جِدًّا وَلَيِّن,غرق,فَعِلٌ,roots-4662:غرق:المحكم — المعاني,roots-4662:غرق:مقاييس — المحور,roots-4662:غرق:الأساس — المجاز,غَرِق,APPROVED,,L2_017 haiku b17
AR06597,مُغْمُور,اسم مفعول,332,5888,مَلِيءٌ بِالماء,غمر,,roots-4662:غمر:المحكم — المعاني,roots-4662:غمر:مقاييس — المحور,roots-4662:غمر:الأساس — المجاز,مُغْمُور,APPROVED,مُفْعُول,L2_017 haiku b17 | FLAGS: WAZN_NOT_IN_INV
AR06598,نَدِيّ,صفة مشبهة,332,6007,مُغَطًّى بِالنَّدَى,ندي,فَعِيلٌ,v21:ندي:المحكم — المعاني,v21:ندي:مقاييس — المحور,,نَدِيّ,APPROVED,,L2_017 haiku b17
AR06599,لَزِج,صفة مشبهة,332,6008,بَلِيلٌ وَلَزِجٌ غَيْرُ مُريح,لزج,فَعِلٌ,roots-4662:لزج:المحكم — المعاني,roots-4662:لزج:مقاييس — النص,,لَزِج,APPROVED,,L2_017 haiku b17
AR06601,نَقَعَ,فعل,333,5889;17569,إِغْمارُ شَيْءٍ في سائِل,نقع,فَعَلَ,roots-4662:نقع:المحكم — المعاني,roots-4662:نقع:مقاييس — المحور,roots-4662:نقع:الأساس — المجاز,نَقَعَ,APPROVED,,L2_017 haiku b17
AR06603,سَخَّنَ,فعل,334,5908;6081,جَعْلُ شَيْءٍ ساخِناً,سخن,فَعَّلَ,roots-4662:سخن:المحكم — المعاني,roots-4662:سخن:مقاييس — المحور,roots-4662:سخن:الأساس — المجاز,سَخَّنَ,APPROVED,,L2_017 haiku b17
AR06604,دَفَّأَ,فعل,334,5909;6083,رَفْعُ درجَةِ حَرارَةِ الشَّيْء,دفء,فَعَّلَ,roots-4662:دفء:المحكم — المعاني,roots-4662:دفء:مقاييس — المحور,,دَفَّأَ,APPROVED,,L2_017 haiku b17 | FLAGS: ROOT_NORMALIZED
AR06607,أَعادَ تَسْخِين,تركيب,334,6088,جَعْلُ شَيْءٍ ساخِناً مِنْ جَدِيد,,,,,,أَعادَ تَسْخِين,APPROVED,,L2_017 haiku b17
AR06610,ذَابَ,فعل,335,5914;5915;12030,تحول الشيء من الحالة الصلبة إلى السائلة بالحرارة,ذوب,فَعَلَ,roots-4662:ذوب:المحكم — المعاني,roots-4662:ذوب:مقاييس — المحور,roots-4662:ذوب:الأساس — المجاز,ذَابَ,APPROVED,,L2_017 haiku b18
AR06611,فَكَّ,فعل,335,5916,إزالة الجليد عن الطعام المجمد,فكك,فَعَّلَ,roots-4662:فكك:المحكم — المعاني,roots-4662:فكك:مقاييس — المحور,roots-4662:فكك:الأساس — المجاز,فَكَّ,APPROVED,,L2_017 haiku b18 | FLAGS: WAZN_LEMMA_MISMATCH
AR06613,سَالَ,فعل,335,6880,جعل الشيء يتحول إلى سائل,سيل,فَعَلَ,roots-4662:سيل:المحكم — المعاني,roots-4662:سيل:مقاييس — المحور,roots-4662:سيل:الأساس — المجاز,سَالَ,APPROVED,,L2_017 haiku b18
AR06616,غَلَيَ,فعل,335,13496,بدء غليان السائل بشكل سريع,غلي,فَعِلَ,roots-4662:غلي:المحكم — المعاني,roots-4662:غلي:مقاييس — المحور,,غَلَيَ,APPROVED,,L2_017 haiku b18
AR06618,ذَابَ,فعل,336,5923;5942;5954;17519,تحول الشيء إلى سائل,ذوب,فَعَلَ,roots-4662:ذوب:المحكم — المعاني,roots-4662:ذوب:مقاييس — المحور,roots-4662:ذوب:الأساس — المجاز,ذَابَ,APPROVED,,L2_017 haiku b18
AR06622,تَكَثَّفَ,فعل,336,5944,تحول الغاز إلى سائل,كثف,تَفَعَّلَ,roots-4662:كثف:المحكم — المعاني,roots-4662:كثف:مقاييس — المحور,,تَكَثَّفَ,APPROVED,,L2_017 haiku b18
AR06623,فَكَّ,فعل,336,5972,إزالة الجليد عن الطعام المجمد,فكك,فَعَّلَ,roots-4662:فكك:المحكم — المعاني,roots-4662:فكك:مقاييس — المحور,roots-4662:فكك:الأساس — المجاز,فَكَّ,APPROVED,,L2_017 haiku b18 | FLAGS: WAZN_LEMMA_MISMATCH
AR06624,تَكَثُّف,مصدر,336,8015,تحول البخار إلى سائل,كثف,تَفَعُّلٌ,roots-4662:كثف:المحكم — المعاني,roots-4662:كثف:مقاييس — المحور,,تَكَثُّف,APPROVED,,L2_017 haiku b18
AR06630,نَشَّفَ,فعل,337,5946,إزالة الرطوبة من الهواء أو الغاز,نشف,فَعَّلَ,roots-4662:نشف:المحكم — المعاني,roots-4662:نشف:مقاييس — المحور,roots-4662:نشف:الأساس — المجاز,نَشَّفَ,APPROVED,,L2_017 haiku b18
AR06632,إزالة الرطوبة,تركيب,337,6012,إزالة الرطوبة من الهواء والغاز,,,,,,إزالة الرطوبة,APPROVED,,L2_017 haiku b18 | FLAGS: UNVOCALIZED
AR06637,مَلَّحَ,فعل,339,5927;5929;5979,حفظ الطعام بغمره في المحلول الملحي,ملح,فَعَّلَ,roots-4662:ملح:المحكم — المعاني,roots-4662:ملح:مقاييس — النص,roots-4662:ملح:الأساس — المجاز,مَلَّحَ,APPROVED,,L2_017 haiku b18
AR06644,تَقَيَّحَ,فعل,340,5955,أصبح الشيء متعفناً,قيح,تَفَعَّلَ,roots-4662:قيح:المحكم — المعاني,roots-4662:قيح:مقاييس — النص,,تَقَيَّحَ,APPROVED,,L2_017 haiku b18
AR06645,هَلَكَ,فعل,340,6089,تحلل الشيء وتعفنه,هلك,فَعَلَ,roots-4662:هلك:المحكم — المعاني,roots-4662:هلك:مقاييس — المحور,roots-4662:هلك:الأساس — المجاز,هَلَكَ,APPROVED,,L2_017 haiku b18
AR06646,فَسَدَ,فعل,340,6189,أصبح الطعام غير صالح للأكل,فسد,فَعَلَ,roots-4662:فسد:المحكم — المعاني,roots-4662:فسد:مقاييس — النص,,فَسَدَ,APPROVED,,L2_017 haiku b18
AR06651,لَانَ,فعل,341,5950,أصبح الشيء أكثر ليونة ونعومة,لين,فَعَلَ,roots-4662:لين:المحكم — المعاني,roots-4662:لين:مقاييس — النص,roots-4662:لين:الأساس — المجاز,لَانَ,APPROVED,,L2_017 haiku b18
AR06653,تَخَثَّرَ,فعل,341,6039,تحول الحليب إلى قطع والشرش,خثر,تَفَعَّلَ,roots-4662:خثر:المحكم — المعاني,roots-4662:خثر:مقاييس — المحور,roots-4662:خثر:الأساس — المجاز,تَخَثَّرَ,APPROVED,,L2_017 haiku b18
AR06656,رَقَّ,فعل,341,17565,أصبح الشيء أقل كثافة وسمكاً,رقق,فَعَّلَ,roots-4662:رقق:المحكم — المعاني,roots-4662:رقق:مقاييس — المحور,roots-4662:رقق:الأساس — المجاز,رَقَّ,APPROVED,,L2_017 haiku b18 | FLAGS: WAZN_LEMMA_MISMATCH
AR06657,كِفَاية,اسم جامد,342,5980;5991,الكمية الضرورية المطلوبة,كفي,فِعَالَةٌ,roots-4662:كفي:المحكم — المعاني,,,كِفَاية,APPROVED,,L2_017 haiku b18 | FLAGS: ROOT_NORMALIZED
AR06658,كَفَى,فعل,342,5981;5983,إلى الدرجة المطلوبة والمرضية,كفي,فَعَلَ,roots-4662:كفي:المحكم — المعاني,,,كَفَى,APPROVED,,L2_017 haiku b18 | FLAGS: ROOT_NORMALIZED
AR06659,كَافٍ,صفة مشبهة,342,5982;5984;5988,بقدر كافٍ ومناسب للحاجة,كفي,فَاعِلٌ,roots-4662:كفي:المحكم — المعاني,,,كَافٍ,APPROVED,,L2_017 haiku b18 | FLAGS: ROOT_NORMALIZED
AR06660,بِكِفَايَة,ظرف,342,5985,بطريقة ملبية للاحتياجات,كفي,,roots-4662:كفي:المحكم — المعاني,,,بِكِفَايَة,APPROVED,بِفِعَالَة,L2_017 haiku b18 | FLAGS: ROOT_NORMALIZED;WAZN_NOT_IN_INV
AR06661,نَاقِص,صفة مشبهة,342,5986;5993,غير كافٍ للاحتياجات,نقص,فَاعِلٌ,roots-4662:نقص:المحكم — المعاني,roots-4662:نقص:مقاييس — النص,,نَاقِص,APPROVED,,L2_017 haiku b18
AR06662,بِعَجْز,ظرف,342,5987,بدون قدرة أو كفاءة كافية,,,,,,بِعَجْز,APPROVED,,L2_017 haiku b18 | FLAGS: ROOT_MISSING;WAZN_MISSING
AR06663,بِرِضًا,ظرف,342,5989,بطريقة مرضية وقابلة للقبول,,,,,,بِرِضًا,APPROVED,,L2_017 haiku b18 | FLAGS: ROOT_MISSING;WAZN_MISSING
AR06664,عَدَم الكِفَايَة,تركيب,342,5990,حالة عدم كفاية الشيء,,,,,,عَدَم الكِفَايَة,APPROVED,,L2_017 haiku b18
AR06666,بِنَقْص,ظرف,342,5994,بدون الجودة الكافية المطلوبة,,,,,,بِنَقْص,APPROVED,,L2_017 haiku b18 | FLAGS: ROOT_MISSING;WAZN_MISSING
AR06667,وَفْرَة,اسم جامد,342,5995,كمية كبيرة أو كافية من الشيء,وفر,فَعْلَةٌ,roots-4662:وفر:المحكم — المعاني,roots-4662:وفر:مقاييس — المحور,roots-4662:وفر:الأساس — المجاز,وَفْرَة,APPROVED,,L2_017 haiku b18
AR06668,بِوَفْرَة,ظرف,342,6041,بطريقة كاملة وملبية للحاجة,وفر,,roots-4662:وفر:المحكم — المعاني,roots-4662:وفر:مقاييس — المحور,roots-4662:وفر:الأساس — المجاز,بِوَفْرَة,APPROVED,بِفَعْلَة,L2_017 haiku b18 | FLAGS: WAZN_NOT_IN_INV
AR06669,وَافِر,صفة مشبهة,342,6042,أكثر من الكافي والمناسب,وفر,فَاعِلٌ,roots-4662:وفر:المحكم — المعاني,roots-4662:وفر:مقاييس — المحور,roots-4662:وفر:الأساس — المجاز,وَافِر,APPROVED,,L2_017 haiku b18
AR06670,وَاسِع,صفة مشبهة,342,6044,كافٍ وأكثر من المطلوب,وسع,فَاعِلٌ,roots-4662:وسع:المحكم — المعاني,roots-4662:وسع:مقاييس — المحور,roots-4662:وسع:الأساس — المجاز,وَاسِع,APPROVED,,L2_017 haiku b18
AR06671,جِدًّا,ظرف,342,11203,إلى درجة أكثر من المرغوبة,,,,,,جِدًّا,APPROVED,,L2_017 haiku b18 | FLAGS: ROOT_MISSING;WAZN_MISSING
AR06672,كَذَا,ظرف,342,13103,إلى درجة كبيرة جداً من الشدة,,,,,,كَذَا,APPROVED,,L2_017 haiku b18 | FLAGS: ROOT_MISSING;WAZN_MISSING
AR06673,خَدَمَ,فعل,342,17141,تسهيل وتيسير الموقف المطلوب,خدم,فَعَلَ,roots-4662:خدم:المحكم — المعاني,roots-4662:خدم:مقاييس — المحور,roots-4662:خدم:الأساس — المجاز,خَدَمَ,APPROVED,,L2_017 haiku b18
AR06674,وَحِيد,صفة مشبهة,355,6149;6150;6154;7342,العنصر الذي لا مثيل له في نوعه,وحد,فَعِيلٌ,roots-4662:وحد:المحكم — المعاني,roots-4662:وحد:مقاييس — المحور,,وَحِيد,APPROVED,,L2_017 haiku b19
AR06675,فَرِيد,صفة مشبهة,355,6150;6154,الشيء الذي يتميز عن غيره بصفة ما,فرد,فَعِيلٌ,roots-4662:فرد:المحكم — المعاني,roots-4662:فرد:مقاييس — المحور,,فَرِيد,APPROVED,,L2_017 haiku b19
AR06676,واحِد,صفة مشبهة,355,7343,العنصر الوحيد من غير تكرار,وحد,فَاعِلٌ,roots-4662:وحد:المحكم — المعاني,roots-4662:وحد:مقاييس — المحور,,واحِد,APPROVED,,L2_017 haiku b19
AR06677,فَرْد,اسم جامد,355,7343,الشيء الذي لا ثاني له,فرد,فَعْلٌ,roots-4662:فرد:المحكم — المعاني,roots-4662:فرد:مقاييس — المحور,,فَرْد,APPROVED,,L2_017 haiku b19
AR06678,لا نَظِير لَهُ,تركيب,356,6156,ما تفوق على غيره حتى لم يكن له مثيل,,,,,,لا نَظِير لَهُ,APPROVED,,L2_017 haiku b19
AR06679,بَلا نِدّ,تركيب,356,6156;6158,الشيء الذي لا مثيل له في التفوق,,,,,,بَلا نِدّ,APPROVED,,L2_017 haiku b19
AR06680,لا يُضَاهَى,تركيب,356,6157;6162;6197,ما تفوق على كل المنافسين,,,,,,لا يُضَاهَى,APPROVED,,L2_017 haiku b19
AR06681,لا مِثْل لَهُ,تركيب,356,6157,ما يسبق الآخرين في الفضل والجودة,,,,,,لا مِثْل لَهُ,APPROVED,,L2_017 haiku b19
AR06682,لا يُقَاسُ,تركيب,356,6160,ما يفوق جميع المعايير المعروفة,,,,,,لا يُقَاسُ,APPROVED,,L2_017 haiku b19
AR06683,لا نَظِير,تركيب,356,6160;6196,ما لا يمكن مقارنته بغيره,,,,,,لا نَظِير,APPROVED,,L2_017 haiku b19
AR06685,لا نِدّ لَهُ,تركيب,356,6194,من ليس له مثيل في المساواة,,,,,,لا نِدّ لَهُ,APPROVED,,L2_017 haiku b19
AR06686,بَلا مِثْل,تركيب,356,6208,ما تفوق على كل المقاييس,,,,,,بَلا مِثْل,APPROVED,,L2_017 haiku b19
AR06687,فَائِق,صفة مشبهة,356,10544,الأعلى من جميع غيره في الجودة,فوق,فَاعِلٌ,roots-4662:فوق:المحكم — المعاني,roots-4662:فوق:مقاييس — المحور,roots-4662:فوق:الأساس — المجاز,فَائِق,APPROVED,,L2_017 haiku b19
AR06688,لا يُقَاسُ بِشَيْء,تركيب,356,18378,ما تجاوز كل حد ومقياس,,,,,,لا يُقَاسُ بِشَيْء,APPROVED,,L2_017 haiku b19
AR06689,مَسْحُوق,اسم مفعول,357,6192;6195;6202,ما اختزل إلى جزيئات ناعمة جداً,سحق,مَفْعُولٌ,roots-4662:سحق:المحكم — المعاني,roots-4662:سحق:مقاييس — المحور,roots-4662:سحق:الأساس — المجاز,مَسْحُوق,APPROVED,,L2_017 haiku b19
AR06692,مَدَقُوق,اسم مفعول,357,6195,ما هُشم وجعل أجزاء صغيرة,دقق,مَفْعُولٌ,roots-4662:دقق:المحكم — المعاني,roots-4662:دقق:مقاييس — المحور,roots-4662:دقق:الأساس — المجاز,مَدَقُوق,APPROVED,,L2_017 haiku b19
AR06694,مُتَقَشِّر,صفة مشبهة,357,6201,ما انقسم إلى قطع رقيقة,قشر,مُتَفَعِّلٌ,roots-4662:قشر:المحكم — المعاني,roots-4662:قشر:مقاييس — المحور,roots-4662:قشر:الأساس — المجاز,مُتَقَشِّر,APPROVED,,L2_017 haiku b19
AR06695,مُقَطَّع,اسم مفعول,357,6205,ما قطع إلى أشرطة رقيقة طويلة,قطع,مُفَعَّلٌ,roots-4662:قطع:المحكم — المعاني,roots-4662:قطع:مقاييس — المحور,roots-4662:قطع:الأساس — المجاز,مُقَطَّع,APPROVED,,L2_017 haiku b19
AR06696,مُتَفَتِّت,صفة مشبهة,357,6206,ما انكسر إلى أجزاء صغيرة,فتت,مُتَفَعِّلٌ,roots-4662:فتت:المحكم — المعاني,roots-4662:فتت:مقاييس — المحور,,مُتَفَتِّت,APPROVED,,L2_017 haiku b19
AR06697,مُحَبَّب,اسم مفعول,357,13492,ما تحول إلى حبيبات صغيرة,حبب,مُفَعَّلٌ,v21:حبب:المحكم — المعاني,v21:حبب:مقاييس — المحور,,مُحَبَّب,APPROVED,,L2_017 haiku b19
AR06698,فَاقَ,فعل,358,6210;6215;6216,تجاوز الآخر في الكمية أو الكيفية,فوق,,roots-4662:فوق:المحكم — المعاني,roots-4662:فوق:مقاييس — المحور,roots-4662:فوق:الأساس — المجاز,فَاقَ,APPROVED,فَاعَ,L2_017 haiku b19 | FLAGS: WAZN_NOT_IN_INV
AR06699,أَبْلَى,فعل,358,6214,تفوق على الغير في الصفات الحميدة,بلا,أَفْعَلَ,,,,أَبْلَى,APPROVED,,L2_017 haiku b19 | FLAGS: ROOT_ALIF
AR06700,تَحَسَّن عَلَى,تركيب,358,6217,حسّن نفسه عن طريق التفوق على الآخر,,,,,,تَحَسَّن عَلَى,APPROVED,,L2_017 haiku b19
AR06701,خَسَفَ,فعل,358,12885,تفوق وتجاوز في القيمة والمكانة,خسف,فَعَلَ,roots-4662:خسف:المحكم — المعاني,roots-4662:خسف:مقاييس — المحور,roots-4662:خسف:الأساس — المجاز,خَسَفَ,APPROVED,,L2_017 haiku b19
AR06702,خَفُتَ,فعل,358,13182,صار أقل أهمية بمقارنة الآخر,خفت,فَعُلَ,roots-4662:خفت:المحكم — المعاني,roots-4662:خفت:مقاييس — المحور,roots-4662:خفت:الأساس — المجاز,خَفُتَ,APPROVED,,L2_017 haiku b19
AR06703,زَادَ عَن,تركيب,358,15300,كان أكثر من حد معين,,,,,,زَادَ عَن,APPROVED,,L2_017 haiku b19
AR06704,رَشَحَ,فعل,359,6218,ترشح الرطوبة ببطء واستمرار,رشح,فَعَلَ,roots-4662:رشح:المحكم — المعاني,roots-4662:رشح:مقاييس — المحور,roots-4662:رشح:الأساس — المجاز,رَشَحَ,APPROVED,,L2_017 haiku b19
AR06706,أَفْرَغَ,فعل,359,6234,أطلق السائل أو الغاز أو مادة أخرى,فرغ,أَفْعَلَ,roots-4662:فرغ:المحكم — المعاني,roots-4662:فرغ:مقاييس — المحور,roots-4662:فرغ:الأساس — المجاز,أَفْرَغَ,APPROVED,,L2_017 haiku b19
AR06708,أَفْرَزَ,فعل,359,6237,أفرزت الغدة مادة من إفرازاتها,فرز,أَفْعَلَ,roots-4662:فرز:المحكم — المعاني,roots-4662:فرز:مقاييس — المحور,,أَفْرَزَ,APPROVED,,L2_017 haiku b19
AR06709,زَفَرَ,فعل,359,6239,أطلق الأبخرة والروائح,زفر,فَعَلَ,roots-4662:زفر:المحكم — المعاني,roots-4662:زفر:مقاييس — المحور,roots-4662:زفر:الأساس — المجاز,زَفَرَ,APPROVED,,L2_017 haiku b19
AR06710,أَخْرَجَ,فعل,359,6242,طرد الكائن الحي الفضلات,خرج,أَفْعَلَ,roots-4662:خرج:المحكم — المعاني,roots-4662:خرج:مقاييس — المحور,roots-4662:خرج:الأساس — المجاز,أَخْرَجَ,APPROVED,,L2_017 haiku b19
AR06711,فَرَّغَ,فعل,359,6243,أفرغ المياه والغازات,فرغ,فَعَّلَ,roots-4662:فرغ:المحكم — المعاني,roots-4662:فرغ:مقاييس — المحور,roots-4662:فرغ:الأساس — المجاز,فَرَّغَ,APPROVED,,L2_017 haiku b19
AR06713,مُتَوَافِق,صفة مشبهة,360,6222;6228,قادر على التعايش بدون مشاكل,وفق,مُتَفَاعِلٌ,roots-4662:وفق:المحكم — المعاني,roots-4662:وفق:مقاييس — المحور,,مُتَوَافِق,APPROVED,,L2_017 haiku b19
AR06714,غَيْر مُتَوَافِق,تركيب,360,6223,غير قادر على التعايش معاً,,,,,,غَيْر مُتَوَافِق,APPROVED,,L2_017 haiku b19
AR06715,عَدَم التَّوَافُق,تركيب,360,6224,حالة عدم القدرة على التعايش,,,,,,عَدَم التَّوَافُق,APPROVED,,L2_017 haiku b19
AR06716,تَوَافُق,مصدر,360,6225;6461,حالة القدرة على الوجود معاً,وفق,,roots-4662:وفق:المحكم — المعاني,roots-4662:وفق:مقاييس — المحور,,تَوَافُق,APPROVED,التَّفَاعُل,L2_017 haiku b19 | FLAGS: WAZN_NOT_IN_INV
AR06717,تَوَافَقَ,فعل,360,6226;6232;6247;6251,انسجم مع الآخر في الأسلوب,وفق,تَفَاعَلَ,roots-4662:وفق:المحكم — المعاني,roots-4662:وفق:مقاييس — المحور,,تَوَافَقَ,APPROVED,,L2_017 haiku b19
AR06719,مُوَافِق,صفة مشبهة,360,6229,متفق مع الآخر,وفق,مُفَاعِلٌ,roots-4662:وفق:المحكم — المعاني,roots-4662:وفق:مقاييس — المحور,,مُوَافِق,APPROVED,,L2_017 haiku b19
AR06720,اِنْدَرَجَ,فعل,360,6230,اندمج بسهولة مع الآخر,درج,,roots-4662:درج:المحكم — المعاني,roots-4662:درج:مقاييس — المحور,roots-4662:درج:الأساس — المجاز,اِنْدَرَجَ,APPROVED,انْفَعَلَ,L2_017 haiku b19 | FLAGS: WAZN_NOT_IN_INV
AR06722,اِتَّفَقَ,فعل,360,6252,توافق مع الآخر,وفق,,roots-4662:وفق:المحكم — المعاني,roots-4662:وفق:مقاييس — المحور,,اِتَّفَقَ,APPROVED,افتعل,L2_017 haiku b19 | FLAGS: WAZN_NOT_IN_INV
AR06723,تَرَابَطَ,فعل,360,6253,كان متماسكاً منطقياً,ربط,تَفَاعَلَ,roots-4662:ربط:المحكم — المعاني,roots-4662:ربط:مقاييس — المحور,roots-4662:ربط:الأساس — المجاز,تَرَابَطَ,APPROVED,,L2_017 haiku b19
AR06724,مُتَسَاوِق,صفة مشبهة,360,6254,متفق ومتطابق,سوق,مُتَفَاعِلٌ,roots-4662:سوق:المحكم — المعاني,roots-4662:سوق:مقاييس — المحور,roots-4662:سوق:الأساس — المجاز,مُتَسَاوِق,APPROVED,,L2_017 haiku b19
AR06725,انْسَجَمَ,فعل,360,6507,كان متناسقاً مع بعضه,سجم,,roots-4662:سجم:المحكم — المعاني,roots-4662:سجم:مقاييس — المحور,,انْسَجَمَ,APPROVED,انْفَعَلَ,L2_017 haiku b19 | FLAGS: WAZN_NOT_IN_INV
AR06726,تَنَاقَضَ,فعل,360,9431;13102,لم يتوافق مع الآخر,نقض,تَفَاعَلَ,roots-4662:نقض:المحكم — المعاني,roots-4662:نقض:مقاييس — المحور,roots-4662:نقض:الأساس — المجاز,تَنَاقَضَ,APPROVED,,L2_017 haiku b19
AR06727,آمِن حَيَوِيّاً,تركيب,360,12382,يتوافق مع النسيج الحي دون ضرر,,,,,,آمِن حَيَوِيّاً,APPROVED,,L2_017 haiku b19
AR06728,مُتَنَاقِض,صفة مشبهة,360,13388,غير متسق ومتعارض,نقض,مُتَفَاعِلٌ,roots-4662:نقض:المحكم — المعاني,roots-4662:نقض:مقاييس — المحور,roots-4662:نقض:الأساس — المجاز,مُتَنَاقِض,APPROVED,,L2_017 haiku b19
AR06729,مُخَالِف,صفة مشبهة,360,18379,غير متطابق,خلف,مُفَاعِلٌ,roots-4662:خلف:المحكم — المعاني,roots-4662:خلف:مقاييس — المحور,roots-4662:خلف:الأساس — المجاز,مُخَالِف,APPROVED,,L2_017 haiku b19
AR06732,تَدَفَّقَ,فعل,361,6245,انساب الشيء من منطلقه,دفق,تَفَعَّلَ,roots-4662:دفق:المحكم — المعاني,roots-4662:دفق:مقاييس — المحور,roots-4662:دفق:الأساس — المجاز,تَدَفَّقَ,APPROVED,,L2_017 haiku b19
AR06733,انْبَثَّ,فعل,361,6256,انطلق في موجات,بث,,,,,انْبَثَّ,APPROVED,انْفَعَلَ,L2_017 haiku b19 | FLAGS: ROOT_LEN;WAZN_NOT_IN_INV
AR06735,أَفْرَزَ,فعل,361,17531;17532,طرد كفضلات,فرز,أَفْعَلَ,roots-4662:فرز:المحكم — المعاني,roots-4662:فرز:مقاييس — المحور,,أَفْرَزَ,APPROVED,,L2_017 haiku b19
AR06736,هَوَى,فعل,362,6249,سقط بسرعة عالية نحو الأسفل,هوي,فَعَلَ,roots-4662:هوي:المحكم — المعاني,roots-4662:هوي:مقاييس — المحور,roots-4662:هوي:الأساس — المجاز,هَوَى,APPROVED,,L2_017 haiku b19
AR06737,هَبَطَ,فعل,362,6250;12884,انزل عموديّاً بسرعة,هبط,فَعَلَ,roots-4662:هبط:المحكم — المعاني,roots-4662:هبط:مقاييس — المحور,,هَبَطَ,APPROVED,,L2_017 haiku b19
AR06738,سَقَطَ,فعل,362,6257,انزل من مستوى أعلى إلى أقل,سقط,فَعَلَ,roots-4662:سقط:المحكم — المعاني,roots-4662:سقط:مقاييس — المحور,roots-4662:سقط:الأساس — المجاز,سَقَطَ,APPROVED,,L2_017 haiku b19
AR06739,تَقَلَّبَ,فعل,362,6258,فقد التوازن وسقط,قلب,تَفَعَّلَ,roots-4662:قلب:المحكم — المعاني,roots-4662:قلب:مقاييس — المحور,roots-4662:قلب:الأساس — المجاز,تَقَلَّبَ,APPROVED,,L2_017 haiku b19
AR06740,اِنْغَمَسَ,فعل,362,6259,انقذف وسقط بدون تحكم,غمس,,roots-4662:غمس:المحكم — المعاني,roots-4662:غمس:مقاييس — المحور,roots-4662:غمس:الأساس — المجاز,اِنْغَمَسَ,APPROVED,انْفَعَلَ,L2_017 haiku b19 | FLAGS: WAZN_NOT_IN_INV
AR06741,ارْتَفَعَ,فعل,362,12961,صعد نحو الأعلى,رفع,,roots-4662:رفع:المحكم — المعاني,roots-4662:رفع:مقاييس — المحور,roots-4662:رفع:الأساس — المجاز,ارْتَفَعَ,APPROVED,افتعل,L2_017 haiku b19 | FLAGS: WAZN_NOT_IN_INV
AR06742,انْخَفَضَ,فعل,362,12962,انزل بفعل قوة,خفض,,roots-4662:خفض:المحكم — المعاني,,roots-4662:خفض:الأساس — المجاز,انْخَفَضَ,APPROVED,انْفَعَلَ,L2_017 haiku b19 | FLAGS: WAZN_NOT_IN_INV
AR06744,اِنْحَنَى,فعل,362,12990,انحدر في اتجاه واحد,حنا,,,,,اِنْحَنَى,APPROVED,انْفَعَلَ,L2_017 haiku b19 | FLAGS: ROOT_ALIF;WAZN_NOT_IN_INV
AR06745,قَرَّرَ,فعل,363,7431,توصل إلى قرار بعد التفكير,قرر,فَعَّلَ,roots-4662:قرر:المحكم — المعاني,roots-4662:قرر:مقاييس — المحور,roots-4662:قرر:الأساس — المجاز,قَرَّرَ,APPROVED,,L2_017 haiku b19
AR06746,قَرَار,مصدر,363,7432,استنتاج متخذ بعد النظر,قرر,,roots-4662:قرر:المحكم — المعاني,roots-4662:قرر:مقاييس — المحور,roots-4662:قرر:الأساس — المجاز,قَرَار,APPROVED,الفَعَال,L2_017 haiku b19 | FLAGS: WAZN_LEMMA_MISMATCH;WAZN_NOT_IN_INV
AR06756,سِلْسِلَة,اسم جامد,365,13810,مجموعة فنادق أو متاجر,سلسل,فِعْلَةٌ,v21:سلسل:المحكم — المعاني,,,سِلْسِلَة,APPROVED,,L2_017 haiku b19
AR06759,بَنْك,اسم جامد,365,17623,مؤسسة مالية لحفظ الأموال,,,,,,بَنْك,APPROVED,,L2_017 haiku b19 | دخيل | FLAGS: ROOT_MISSING;WAZN_MISSING
AR06760,دُكَّان,اسم جامد,365,18661,متجر صغير متخصص,دكك,فُعَّالٌ,roots-4662:دكك:المحكم — المعاني,roots-4662:دكك:مقاييس — المحور,roots-4662:دكك:الأساس — المجاز,دُكَّان,APPROVED,,L2_017 haiku b19 | FLAGS: WAZN_LEMMA_MISMATCH
AR06761,مُنَاسِب,صفة مشبهة,368,6490;6498;9840;16912,ملائم لغرض أو شخص معين,نسب,مُفَاعِلٌ,roots-4662:نسب:المحكم — المعاني,roots-4662:نسب:مقاييس — النص,roots-4662:نسب:الأساس — المجاز,مُنَاسِب,APPROVED,,L2_017 haiku b19
AR06762,غَيْر مُنَاسِب,تركيب,368,6491;16913,غير ملائم للغرض المطلوب,,,,,,غَيْر مُنَاسِب,APPROVED,,L2_017 haiku b19
AR06763,ملاءَمَة,مصدر,368,6492;6494,حالة المناسبة لغرض ما,لاءم,,,,,ملاءَمَة,APPROVED,الفِعَالَة,L2_017 haiku b19 | FLAGS: ROOT_ALIF;WAZN_NOT_IN_INV
AR06764,عَدَم الملاءَمَة,تركيب,368,6493;6495,عدم صلاحية للغرض,,,,,,عَدَم الملاءَمَة,APPROVED,,L2_017 haiku b19
AR06766,لاءَمَ,فعل,368,6501;9195,جعل مناسباً لغرض ما,لاءم,فَاعَلَ,,,,لاءَمَ,APPROVED,,L2_017 haiku b19 | FLAGS: ROOT_ALIF
AR06768,تَلاءَمَ,فعل,368,16057,انسجم مع صفات الشخص,لاءم,تَفَاعَلَ,,,,تَلاءَمَ,APPROVED,,L2_017 haiku b19 | FLAGS: ROOT_ALIF
AR06769,غَيْر لائِق,تركيب,370,6510,غير مطابق للمعايير الأخلاقية,,,,,,غَيْر لائِق,APPROVED,,L2_017 haiku b19
AR06770,غَيْر أَخْلاقِيّ,اسم منسوب,370,6511;6637,ينافي معايير الأخلاق,خلق,فَعْلِيٌّ,roots-4662:خلق:المحكم — المعاني,roots-4662:خلق:مقاييس — المحور,roots-4662:خلق:الأساس — المجاز,غَيْر أَخْلاقِيّ,APPROVED,,L2_017 haiku b19 | FLAGS: WAZN_LEMMA_MISMATCH
AR06772,وَضِيع,صفة مشبهة,370,6513;7311,غير أمين وغير نزيه,ضاع,فَعِيلٌ,,,,وَضِيع,APPROVED,,L2_017 haiku b19 | FLAGS: ROOT_ALIF
AR06776,فَاسِد,صفة مشبهة,370,6517;6629;6632,بلا مبادئ أخلاقية,فسد,فَاعِلٌ,roots-4662:فسد:المحكم — المعاني,roots-4662:فسد:مقاييس — النص,,فَاسِد,APPROVED,,L2_017 haiku b19
AR06777,خَسِيس,صفة مشبهة,370,6519,رذيل وأثيم,خسس,فَعِيلٌ,roots-4662:خسس:المحكم — المعاني,roots-4662:خسس:مقاييس — المحور,,خَسِيس,APPROVED,,L2_017 haiku b19
AR06779,بَاطِل,صفة مشبهة,370,6521,ظالم وغير عادل,بطل,فَاعِلٌ,v21:بطل:المحكم — المعاني,v21:بطل:مقاييس — المحور,,بَاطِل,APPROVED,,L2_017 haiku b19
AR06780,سَيِّء,صفة مشبهة,370,6522;6630,معيب أخلاقياً,ساء,فَعِيلٌ,,,,سَيِّء,APPROVED,,L2_017 haiku b19 | FLAGS: ROOT_ALIF
AR06781,خَاطِئ,صفة مشبهة,370,6523,غير صحيح أخلاقياً,خطء,فَاعِلٌ,roots-4662:خطء:المحكم — المعاني,roots-4662:خطء:مقاييس — المحور,roots-4662:خطء:الأساس — المجاز,خَاطِئ,APPROVED,,L2_017 haiku b19 | FLAGS: ROOT_NORMALIZED
AR06782,مُنْحَطّ,اسم مفعول,370,6631,انخفض في القيم الأخلاقية,حط,مُفْعَلٌ,,,,مُنْحَطّ,APPROVED,,L2_017 haiku b19 | FLAGS: ROOT_LEN
AR06784,خَطِير,صفة مشبهة,370,6635,إجرامي وفاسد,خطر,فَعِيلٌ,roots-4662:خطر:المحكم — المعاني,roots-4662:خطر:مقاييس — المحور,roots-4662:خطر:الأساس — المجاز,خَطِير,APPROVED,,L2_017 haiku b19
AR06785,أَخْلاقِيّ,اسم منسوب,370,6638;6639,سليم أخلاقياً,خلق,فَعْلِيٌّ,roots-4662:خلق:المحكم — المعاني,roots-4662:خلق:مقاييس — المحور,roots-4662:خلق:الأساس — المجاز,أَخْلاقِيّ,APPROVED,,L2_017 haiku b19 | FLAGS: WAZN_LEMMA_MISMATCH
AR06786,لائِق,صفة مشبهة,370,6640,ملتزم بمعايير اجتماعية,لاق,فَاعِلٌ,,,,لائِق,APPROVED,,L2_017 haiku b19 | FLAGS: ROOT_ALIF
AR06788,فَاضِل,صفة مشبهة,370,6642;6643,ذو تهذيب وكرامة,فضل,فَاعِلٌ,roots-4662:فضل:المحكم — المعاني,roots-4662:فضل:مقاييس — المحور,,فَاضِل,APPROVED,,L2_017 haiku b19
AR06789,نَبِيل,صفة مشبهة,370,6644,ذو مبادئ عالية,نبل,فَعِيلٌ,roots-4662:نبل:المحكم — المعاني,roots-4662:نبل:مقاييس — المحور,roots-4662:نبل:الأساس — المجاز,نَبِيل,APPROVED,,L2_017 haiku b19
AR06793,هَيِّن,صفة مشبهة,370,6680,فظيع وشرير,هان,فَعِيلٌ,,,,هَيِّن,APPROVED,,L2_017 haiku b19 | FLAGS: ROOT_ALIF
AR06794,فَسَاد,مصدر,370,6929,الانحطاط الأخلاقي,فسد,فَعَالٍ,roots-4662:فسد:المحكم — المعاني,roots-4662:فسد:مقاييس — النص,,فَسَاد,APPROVED,,L2_017 haiku b19
AR06795,نَجِس,صفة مشبهة,370,7312,منافٍ للأخلاق,نجس,فَعِيلٌ,roots-4662:نجس:المحكم — المعاني,roots-4662:نجس:مقاييس — المحور,roots-4662:نجس:الأساس — المجاز,نَجِس,APPROVED,,L2_017 haiku b19
AR06796,خَفِيّ الضَّرَر,تركيب,370,10386,يسبب ضرراً تدريجياً خفيّاً,,,,,,خَفِيّ الضَّرَر,APPROVED,,L2_017 haiku b19
AR06798,بِلا ضَمِير,تركيب,370,13142,بلا مبادئ أخلاقية,,,,,,بِلا ضَمِير,APPROVED,,L2_017 haiku b19
AR06800,عَن,حرف,373,6534;10001,الموضوع الذي يدور حوله الحديث,,,,,,عَن,APPROVED,,L2_017 haiku b19
AR06802,نَاقَشَ,فعل,373,6536,قدم حديثاً عن موضوع,نقش,فَاعَلَ,roots-4662:نقش:المحكم — المعاني,roots-4662:نقش:مقاييس — المحور,roots-4662:نقش:الأساس — المجاز,نَاقَشَ,APPROVED,,L2_017 haiku b19
AR06803,مَوْضُوع,اسم جامد,373,6537;6538,قضية الحديث أو الكتابة,وضع,مَفْعُولٌ,roots-4662:وضع:المحكم — المعاني,roots-4662:وضع:مقاييس — المحور,roots-4662:وضع:الأساس — المجاز,مَوْضُوع,APPROVED,,L2_017 haiku b19
AR06804,تَنَاوَلَ,فعل,373,6539;6543,عالج موضوعاً ما,نول,تَفَاعَلَ,roots-4662:نول:المحكم — المعاني,roots-4662:نول:مقاييس — المحور,,تَنَاوَلَ,APPROVED,,L2_017 haiku b19
AR06805,بِخُصُوص,تركيب,373,6541,فيما يتعلق بالموضوع,,,,,,بِخُصُوص,APPROVED,,L2_017 haiku b19
AR06807,بِشَأْن,تركيب,373,6544,فيما يخص الموضوع,,,,,,بِشَأْن,APPROVED,,L2_017 haiku b19
AR06808,مَحُور,اسم جامد,373,6545,الفكرة الرئيسة للحديث,محور,مَفْعُولٌ,,,,مَحُور,APPROVED,,L2_017 haiku b19
AR06813,خَاطَرَ,فعل,374,6560;6561;6564,تعرض للخطر عن قصد,خطر,فَاعَلَ,roots-4662:خطر:المحكم — المعاني,roots-4662:خطر:مقاييس — المحور,roots-4662:خطر:الأساس — المجاز,خَاطَرَ,APPROVED,,L2_017 haiku b19
AR06814,جَرُؤَ,فعل,374,6562,أقدم على أمر خطير,جرء,فَعُلَ,v21:جرأ:المحكم — المعاني,,,جَرُؤَ,APPROVED,,L2_017 haiku b19 | FLAGS: ROOT_NORMALIZED
AR06816,خَطَر,اسم جامد,374,6565,احتمالية حدوث ما هو غير مرغوب,خطر,فَعَلٌ,roots-4662:خطر:المحكم — المعاني,roots-4662:خطر:مقاييس — المحور,roots-4662:خطر:الأساس — المجاز,خَطَر,APPROVED,,L2_017 haiku b19
AR06819,جُرْأَة,مصدر,374,17330;17331,الميل نحو المجازفة,جرء,فُعْلَةٌ,v21:جرأ:المحكم — المعاني,,,جُرْأَة,APPROVED,,L2_017 haiku b19 | FLAGS: ROOT_NORMALIZED
AR06821,سَهْل,صفة مشبهة,375,6568;6574;6581;6583;6610;6831;7754;14004;18043;18386,يتم بدون جهد كبير,سهل,فَعْلٌ,roots-4662:سهل:المحكم — المعاني,roots-4662:سهل:مقاييس — المحور,roots-4662:سهل:الأساس — المجاز,سَهْل,APPROVED,,L2_017 haiku b19
AR06827,مُسْتَحِيل,صفة مشبهة,375,6579,لا يمكن تحقيقه,حال,مُسْتَفْعِلٌ,,,,مُسْتَحِيل,APPROVED,,L2_017 haiku b19 | FLAGS: ROOT_ALIF
AR06829,مُزْعِج,اسم فاعل,375,6603,صعب ومزعج في آن,زعج,مُفْعِلٌ,roots-4662:زعج:المحكم — المعاني,roots-4662:زعج:مقاييس — المحور,,مُزْعِج,APPROVED,,L2_017 haiku b19
AR06830,قَرِيب,صفة مشبهة,375,11806,حدث قارب الفشل,قرب,فَعِيلٌ,roots-4662:قرب:المحكم — المعاني,roots-4662:قرب:مقاييس — المحور,roots-4662:قرب:الأساس — المجاز,قَرِيب,APPROVED,,L2_017 haiku b19
AR06833,سُهُولَة,مصدر,375,18392,الخلو من الصعوبة,سهل,فُعُولَةٌ,roots-4662:سهل:المحكم — المعاني,roots-4662:سهل:مقاييس — المحور,roots-4662:سهل:الأساس — المجاز,سُهُولَة,APPROVED,,L2_017 haiku b19
AR06837,بِعَدْل,تركيب,376,13455,بطريقة عادلة,,,,,,بِعَدْل,APPROVED,,L2_017 haiku b19
AR06838,بِظُلْم,تركيب,376,13456;13457,بطريقة غير عادلة,,,,,,بِظُلْم,APPROVED,,L2_017 haiku b19
AR06839,نَزْعَة,اسم جامد,377,6653;6659;6660,ميل نحو سلوك معين,نزع,فَعْلَةٌ,roots-4662:نزع:المحكم — المعاني,roots-4662:نزع:مقاييس — المحور,roots-4662:نزع:الأساس — المجاز,نَزْعَة,APPROVED,,L2_017 haiku b19
AR06840,مَائِل,صفة مشبهة,377,6655,له ميل نحو صفة ما,ميل,فَاعِلٌ,roots-4662:ميل:المحكم — المعاني,roots-4662:ميل:مقاييس — النص,roots-4662:ميل:الأساس — المجاز,مَائِل,APPROVED,,L2_017 haiku b19
AR06843,وَلَع,اسم جامد,377,6662,ميل قوي نحو شيء,ولع,فَعَلٌ,roots-4662:ولع:المحكم — المعاني,roots-4662:ولع:مقاييس — المحور,,وَلَع,APPROVED,,L2_017 haiku b19
AR06844,مُهَيَّأ,اسم مفعول,377,6676,مستعد مسبقاً,هيء,مُفَعَّلٌ,roots-4662:هيء:المحكم — المعاني,roots-4662:هيء:مقاييس — النص,,مُهَيَّأ,APPROVED,,L2_017 haiku b19 | FLAGS: ROOT_NORMALIZED
AR06845,ذَوْق,اسم جامد,377,16514,ميل نحو صفة إيجابية,ذوق,فَعْلٌ,roots-4662:ذوق:المحكم — المعاني,roots-4662:ذوق:مقاييس — المحور,roots-4662:ذوق:الأساس — المجاز,ذَوْق,APPROVED,,L2_017 haiku b19
AR06846,مُزْمِع,اسم فاعل,377,17327,ينوي فعل ما,زمع,مُفْعِلٌ,roots-4662:زمع:المحكم — المعاني,roots-4662:زمع:مقاييس — المحور,roots-4662:زمع:الأساس — المجاز,مُزْمِع,APPROVED,,L2_017 haiku b19
AR06847,خَطَر,اسم جامد,378,6667,موقف قد يسبب خطراً,خطر,فَعَلٌ,roots-4662:خطر:المحكم — المعاني,roots-4662:خطر:مقاييس — المحور,roots-4662:خطر:الأساس — المجاز,خَطَر,APPROVED,,L2_017 haiku b19
AR06848,مُهَدَّد,اسم مفعول,378,6670,معرض للخطر والانقراض,هدد,مُفَعَّلٌ,roots-4662:هدد:المحكم — المعاني,roots-4662:هدد:مقاييس — المحور,roots-4662:هدد:الأساس — المجاز,مُهَدَّد,APPROVED,,L2_017 haiku b19
AR06850,خَطِير,صفة مشبهة,378,13383,ينطوي على مخاطرة,خطر,فَعِيلٌ,roots-4662:خطر:المحكم — المعاني,roots-4662:خطر:مقاييس — المحور,roots-4662:خطر:الأساس — المجاز,خَطِير,APPROVED,,L2_017 haiku b19
AR06851,خَاطَرَ,فعل,378,15663,عرّض للخطر كالمقامرة,خطر,فَاعَلَ,roots-4662:خطر:المحكم — المعاني,roots-4662:خطر:مقاييس — المحور,roots-4662:خطر:الأساس — المجاز,خَاطَرَ,APPROVED,,L2_017 haiku b19
AR06852,مِنْ,حرف,379,6712,نقطة ابتداء الحدث في الزمن أو المكان,,,,,,مِنْ,APPROVED,,L2_017 haiku b20 | FLAGS: ROOT_WAZN_CLEARED_NO_ROOT_POS
AR06853,مِنْ هُنَا,تركيب,379,6713,من هذا الوقت فصاعداً,,,,,,مِنْ هُنَا,APPROVED,,L2_017 haiku b20
AR06854,بَعْدَ,حرف,379,6715;14090;16461,المدة التي تلي الحدث المرجعي,,,,,,بَعْدَ,APPROVED,,L2_017 haiku b20 | FLAGS: ROOT_WAZN_CLEARED_NO_ROOT_POS
AR06855,قَبْلَ,حرف,379,6716;14089;14091,المدة السابقة للحدث المرجعي,,,,,,قَبْلَ,APPROVED,,L2_017 haiku b20 | FLAGS: ROOT_WAZN_CLEARED_NO_ROOT_POS
AR06856,مَضَى,فعل,379,9154,انقضى الوقت قبل الآن,ضيي,فَعَلَ,,,,مَضَى,APPROVED,,L2_017 haiku b20
AR06857,مُنْذُ,ظرف,379,9155,من الوقت المعين إلى الآن,ندز,,,,,مُنْذُ,APPROVED,,L2_017 haiku b20 | FLAGS: WAZN_MISSING
AR06858,لاحِقاً,ظرف,379,10555;10888;10919;11825,وقت يأتي بعد المعني,,,,,,لاحِقاً,APPROVED,,L2_017 haiku b20 | FLAGS: ROOT_MISSING;WAZN_MISSING
AR06859,سَابِقاً,ظرف,379,10647;14035,في الوقت الماضي,سبق,,roots-4662:سبق:المحكم — المعاني,roots-4662:سبق:مقاييس — المحور,,سَابِقاً,APPROVED,,L2_017 haiku b20 | FLAGS: WAZN_MISSING
AR06860,سَابِقٌ,صفة مشبهة,379,10664;14034;14087,ما جاء قبل,سبق,فَاعِلٌ,roots-4662:سبق:المحكم — المعاني,roots-4662:سبق:مقاييس — المحور,,سَابِقٌ,APPROVED,,L2_017 haiku b20
AR06861,مُقَدَّماً,ظرف,379,10887,في وقت سابق لآوانه,,,,,,مُقَدَّماً,APPROVED,,L2_017 haiku b20 | FLAGS: ROOT_MISSING;WAZN_MISSING
AR06862,فَوْراً,ظرف,379,11818,في الحين ذاته بلا تأخير,,,,,,فَوْراً,APPROVED,,L2_017 haiku b20 | FLAGS: ROOT_MISSING;WAZN_MISSING
AR06863,عَاجِلاً,ظرف,379,11824,سريع جداً قريباً,,,,,,عَاجِلاً,APPROVED,,L2_017 haiku b20 | FLAGS: ROOT_MISSING;WAZN_MISSING
AR06865,عَبْرَ,حرف,379,13287,من البداية إلى النهاية,,,,,,عَبْرَ,APPROVED,,L2_017 haiku b20 | FLAGS: ROOT_WAZN_CLEARED_NO_ROOT_POS
AR06866,أَخِيراً,ظرف,379,14036;14176,بعد مرور زمن طويل,خير,,roots-4662:خير:المحكم — المعاني,roots-4662:خير:مقاييس — النص,,أَخِيراً,APPROVED,,L2_017 haiku b20 | FLAGS: WAZN_MISSING
AR06867,آنَذَاكَ,ظرف,379,14528,في ذاك الوقت المعين,,,,,,آنَذَاكَ,APPROVED,,L2_017 haiku b20 | FLAGS: ROOT_MISSING;WAZN_MISSING
AR06868,قَدْ,حرف,379,14573,قد وقع الفعل سابقاً,,,,,,قَدْ,APPROVED,,L2_017 haiku b20
AR06869,حَتَّى,حرف,379,14602,إلى نقطة معينة يحدث عندها شيء,,,,,,حَتَّى,APPROVED,,L2_017 haiku b20
AR06870,مُنْذُ,حرف,379,17643,من وقت معين إلى الآن,,,,,,مُنْذُ,APPROVED,,L2_017 haiku b20 | FLAGS: ROOT_WAZN_CLEARED_NO_ROOT_POS
AR06871,بِمُرُورِ الوَقْتِ,تركيب,379,18381,لاحقاً بعد فترة,,,,,,بِمُرُورِ الوَقْتِ,APPROVED,,L2_017 haiku b20
AR06872,حَتَّى الآنَ,تركيب,379,18667,من الماضي إلى الحاضر,,,,,,حَتَّى الآنَ,APPROVED,,L2_017 haiku b20
AR06874,مُمَارَسَةٌ,اسم جامد,380,6719,الإجراء المعروف المتوقع,مرس,مُفَاعَلَةٌ,roots-4662:مرس:المحكم — المعاني,roots-4662:مرس:مقاييس — المحور,,مُمَارَسَةٌ,APPROVED,,L2_017 haiku b20
AR06876,تَقْلِيدٌ,اسم جامد,380,6721,عادة موروثة معروفة,قلد,تَفْعِيلٌ,roots-4662:قلد:المحكم — المعاني,roots-4662:قلد:مقاييس — المحور,roots-4662:قلد:الأساس — المجاز,تَقْلِيدٌ,APPROVED,,L2_017 haiku b20
AR06878,اتِّفَاقٌ,اسم جامد,380,6726,سلوك معروف متفق عليه,فقق,اِفْتِعَالٌ,roots-4662:فقق:المحكم — المعاني,roots-4662:فقق:مقاييس — المحور,,اتِّفَاقٌ,APPROVED,,L2_017 haiku b20 | FLAGS: WAZN_LEMMA_MISMATCH
AR06879,تَقْلِيدِيٌّ,اسم منسوب,380,6729,متعلق بالتقاليد,قلد,,roots-4662:قلد:المحكم — المعاني,roots-4662:قلد:مقاييس — المحور,roots-4662:قلد:الأساس — المجاز,تَقْلِيدِيٌّ,APPROVED,,L2_017 haiku b20 | FLAGS: WAZN_MISSING
AR06880,طِقْسِيٌّ,اسم منسوب,380,6730,متعلق بالطقوس,طقس,,,,,طِقْسِيٌّ,APPROVED,,L2_017 haiku b20 | FLAGS: WAZN_MISSING
AR06883,تَقْلِيدِياً,ظرف,380,13489,وفقاً للتقليد,قلد,,roots-4662:قلد:المحكم — المعاني,roots-4662:قلد:مقاييس — المحور,roots-4662:قلد:الأساس — المجاز,تَقْلِيدِياً,APPROVED,,L2_017 haiku b20 | FLAGS: WAZN_MISSING
AR06885,أَشْعَلَ,فعل,381,6737;12103,وفر الحافز لبدء الحدث,شعل,أَفْعَلَ,v21:شعل:المحكم — المعاني,v21:شعل:مقاييس — المحور,v21:شعل:الأساس — المجاز,أَشْعَلَ,APPROVED,,L2_017 haiku b20
AR06886,وَلَّدَ,فعل,381,6742;6749,تسبب في ظهور حالة,ولد,فَعَّلَ,roots-4662:ولد:المحكم — المعاني,roots-4662:ولد:مقاييس — المحور,roots-4662:ولد:الأساس — المجاز,وَلَّدَ,APPROVED,,L2_017 haiku b20
AR06887,أَثَارَ,فعل,381,6743;12110;17280,أيقظ شعوراً أو استجابة,ثير,أَفْعَلَ,,,,أَثَارَ,APPROVED,,L2_017 haiku b20
AR06890,أَنْتَجَ,فعل,381,6746,سبب الحدوث,نتج,أَفْعَلَ,roots-4662:نتج:المحكم — المعاني,roots-4662:نتج:مقاييس — النص,roots-4662:نتج:الأساس — المجاز,أَنْتَجَ,APPROVED,,L2_017 haiku b20
AR06891,خَلَقَ,فعل,381,6747,أوجد شيئاً من عدم,خلق,فَعَلَ,roots-4662:خلق:المحكم — المعاني,roots-4662:خلق:مقاييس — المحور,roots-4662:خلق:الأساس — المجاز,خَلَقَ,APPROVED,,L2_017 haiku b20
AR06893,اسْتَخْرَجَ,فعل,381,12102,استنزع من الكمون,خرج,اِسْتَفْعَلَ,roots-4662:خرج:المحكم — المعاني,roots-4662:خرج:مقاييس — المحور,roots-4662:خرج:الأساس — المجاز,اسْتَخْرَجَ,APPROVED,,L2_017 haiku b20
AR06895,حَفَّزَ,فعل,381,12106;12108;12111,حفز على النشاط,حفز,فَعَّلَ,v21:حفز:المحكم — المعاني,v21:حفز:مقاييس — المحور,,حَفَّزَ,APPROVED,,L2_017 haiku b20
AR06896,اسْتَفَزَّ,فعل,381,12112,أثار الغضب,فزز,اِسْتَفْعَلَ,roots-4662:فزز:المحكم — المعاني,roots-4662:فزز:مقاييس — المحور,,اسْتَفَزَّ,APPROVED,,L2_017 haiku b20 | FLAGS: WAZN_LEMMA_MISMATCH
AR06898,نَادِمٌ,اسم فاعل,382,6797;6802;6810,يشعر بالندم,ندم,فَاعِلٌ,roots-4662:ندم:المحكم — المعاني,roots-4662:ندم:مقاييس — المحور,,نَادِمٌ,APPROVED,,L2_017 haiku b20
AR06899,نَدَمٌ,مصدر,382,6799;6809,حالة الشعور بالندم,ندم,فَعَلٌ,roots-4662:ندم:المحكم — المعاني,roots-4662:ندم:مقاييس — المحور,,نَدَمٌ,APPROVED,,L2_017 haiku b20
AR06900,نَدِمَ,فعل,382,6801,أسف على الماضي بمرارة,ندم,فَعِلَ,roots-4662:ندم:المحكم — المعاني,roots-4662:ندم:مقاييس — المحور,,نَدِمَ,APPROVED,,L2_017 haiku b20
AR06905,مُذْنِبٌ,اسم فاعل,382,6818,يشعر بالذنب,ذنب,مُفْعِلٌ,roots-4662:ذنب:المحكم — المعاني,roots-4662:ذنب:مقاييس — المحور,roots-4662:ذنب:الأساس — المجاز,مُذْنِبٌ,APPROVED,,L2_017 haiku b20
AR06906,بِلاَ نَدَمٍ,تركيب,382,6930,دون شعور بالندم,,,,,,بِلاَ نَدَمٍ,APPROVED,,L2_017 haiku b20
AR06907,غَيْرُ تَائِبٍ,تركيب,382,6983,لا يبدي ندماً,,,,,,غَيْرُ تَائِبٍ,APPROVED,,L2_017 haiku b20
AR06908,ذَنْبٌ,اسم جامد,382,6984,الشعور بالخطأ المرتكب,ذنب,فَعْلٌ,roots-4662:ذنب:المحكم — المعاني,roots-4662:ذنب:مقاييس — المحور,roots-4662:ذنب:الأساس — المجاز,ذَنْبٌ,APPROVED,,L2_017 haiku b20
AR06910,رَقَّقَ,فعل,383,6882,صار رقيق القوام,رقق,فَعَّلَ,roots-4662:رقق:المحكم — المعاني,roots-4662:رقق:مقاييس — المحور,roots-4662:رقق:الأساس — المجاز,رَقَّقَ,APPROVED,,L2_017 haiku b20
AR06912,لَيَّنَ,فعل,383,6885,أصبح سهل الثني,لين,فَعَّلَ,roots-4662:لين:المحكم — المعاني,roots-4662:لين:مقاييس — النص,roots-4662:لين:الأساس — المجاز,لَيَّنَ,APPROVED,,L2_017 haiku b20
AR06915,تَخَثَّرَ,فعل,383,12016;12018,تحول السائل لصلب,خثر,تَفَعَّلَ,roots-4662:خثر:المحكم — المعاني,roots-4662:خثر:مقاييس — المحور,roots-4662:خثر:الأساس — المجاز,تَخَثَّرَ,APPROVED,,L2_017 haiku b20
AR06916,تَغَلَّظَ,فعل,383,12017,صار شبه صلب,غلظ,تَفَعَّلَ,roots-4662:غلظ:المحكم — المعاني,,roots-4662:غلظ:الأساس — المجاز,تَغَلَّظَ,APPROVED,,L2_017 haiku b20
AR06919,سَحَقَ,فعل,384,6890,ضغط الإصبع,سحق,فَعَلَ,roots-4662:سحق:المحكم — المعاني,roots-4662:سحق:مقاييس — المحور,roots-4662:سحق:الأساس — المجاز,سَحَقَ,APPROVED,,L2_017 haiku b20
AR06920,آلَمَ,فعل,384,6892,أحس بالألم,ءلم,أَفْعَلَ,v21:ألم:المحكم — المعاني,v21:ألم:مقاييس — المحور,,آلَمَ,APPROVED,,L2_017 haiku b20 | FLAGS: ROOT_NORMALIZED
AR06922,كَسَرَ,فعل,384,6894,حطم العظم,كسر,فَعَلَ,roots-4662:كسر:المحكم — المعاني,roots-4662:كسر:مقاييس — المحور,roots-4662:كسر:الأساس — المجاز,كَسَرَ,APPROVED,,L2_017 haiku b20
AR06923,لَوَى,فعل,384,6898;6900,فتل المفصل بعنف,لوي,فَعَلَ,roots-4662:لوي:المحكم — المعاني,roots-4662:لوي:مقاييس — المحور,roots-4662:لوي:الأساس — المجاز,لَوَى,APPROVED,,L2_017 haiku b20
AR06924,أَرْهَقَ,فعل,384,6899,أتعب العضلة,رهق,أَفْعَلَ,roots-4662:رهق:المحكم — المعاني,roots-4662:رهق:مقاييس — المحور,roots-4662:رهق:الأساس — المجاز,أَرْهَقَ,APPROVED,,L2_017 haiku b20
AR06926,مَزَّقَ,فعل,384,6902,قطع العضلة,مزق,فَعَّلَ,roots-4662:مزق:المحكم — المعاني,roots-4662:مزق:مقاييس — المحور,roots-4662:مزق:الأساس — المجاز,مَزَّقَ,APPROVED,,L2_017 haiku b20
AR06927,قَطَعَ,فعل,384,6903,أحدث جرحاً حاداً,قطع,فَعَلَ,roots-4662:قطع:المحكم — المعاني,roots-4662:قطع:مقاييس — المحور,roots-4662:قطع:الأساس — المجاز,قَطَعَ,APPROVED,,L2_017 haiku b20
AR06931,خَدَشَ,فعل,384,11263;15570,قطع الجلد سطحياً,خدش,فَعَلَ,roots-4662:خدش:المحكم — المعاني,roots-4662:خدش:مقاييس — المحور,roots-4662:خدش:الأساس — المجاز,خَدَشَ,APPROVED,,L2_017 haiku b20
AR06932,كَدَمَ,فعل,384,11264,أصيب بكدمة,كدم,فَعَلَ,roots-4662:كدم:المحكم — المعاني,roots-4662:كدم:مقاييس — النص,roots-4662:كدم:الأساس — المجاز,كَدَمَ,APPROVED,,L2_017 haiku b20
AR06933,إِصَابَةٌ,مصدر,384,17511,الضرر الجسدي,صيب,إِفْعَالَةٌ,v21:صيب:المحكم — المعاني,,,إِصَابَةٌ,APPROVED,,L2_017 haiku b20
AR06934,ذَائِبٌ,صفة مشبهة,385,6887;6888;6897,أصبح سائلاً من الجليد,ذيب,فَاعِلٌ,v21:ذيب:المحكم — المعاني,,,ذَائِبٌ,APPROVED,,L2_017 haiku b20
AR06935,مَسْيُولٌ,اسم مفعول,385,6895,تحول لسائل,سيل,مَفْعُولٌ,roots-4662:سيل:المحكم — المعاني,roots-4662:سيل:مقاييس — المحور,roots-4662:سيل:الأساس — المجاز,مَسْيُولٌ,APPROVED,,L2_017 haiku b20
AR06939,غَازٌ,اسم جامد,385,16334,مادة غير الشكل,غيز,فَاعِلٌ,,,,غَازٌ,APPROVED,,L2_017 haiku b20
AR06940,غَازِيٌّ,اسم منسوب,385,16335,متعلق بالغاز,غيز,,,,,غَازِيٌّ,APPROVED,,L2_017 haiku b20 | FLAGS: WAZN_MISSING
AR06941,بُخَارٌ مُتَأَيِّنٌ,تركيب,385,16336,حالة الغاز المتأين,,,,,,بُخَارٌ مُتَأَيِّنٌ,APPROVED,,L2_017 haiku b20
AR06942,سَائِلٌ,اسم جامد,385,16337,مادة قابلة للسيلان,سيل,فَاعِلٌ,roots-4662:سيل:المحكم — المعاني,roots-4662:سيل:مقاييس — المحور,roots-4662:سيل:الأساس — المجاز,سَائِلٌ,APPROVED,,L2_017 haiku b20
AR06943,سَائِلٌ,صفة مشبهة,385,16338,له خصائص السائل,سيل,فَاعِلٌ,roots-4662:سيل:المحكم — المعاني,roots-4662:سيل:مقاييس — المحور,roots-4662:سيل:الأساس — المجاز,سَائِلٌ,APPROVED,,L2_017 haiku b20
AR06944,دَخَّنَ,فعل,386,6907,استنشق دخان التبغ,دخن,فَعَّلَ,roots-4662:دخن:المحكم — المعاني,roots-4662:دخن:مقاييس — المحور,roots-4662:دخن:الأساس — المجاز,دَخَّنَ,APPROVED,,L2_017 haiku b20
AR06945,اسْتَنْشَقَ,فعل,386,6908;7121,سحب عبر الأنف,نشق,اِسْتَفْعَلَ,roots-4662:نشق:المحكم — المعاني,roots-4662:نشق:مقاييس — المحور,roots-4662:نشق:الأساس — المجاز,اسْتَنْشَقَ,APPROVED,,L2_017 haiku b20
AR06946,شَفَطَ,فعل,386,6909;6912;15301,سحب دخان السيجارة,شفط,فَعَلَ,,,,شَفَطَ,APPROVED,,L2_017 haiku b20
AR06947,شَفْطَةٌ,اسم مرة,386,6910,عملية سحب واحدة,شفط,فَعْلَةٌ,,,,شَفْطَةٌ,APPROVED,,L2_017 haiku b20
AR06948,سَحْبَةٌ,اسم مرة,386,6911,شفطة من السيجارة,سحب,فَعْلَةٌ,roots-4662:سحب:المحكم — المعاني,roots-4662:سحب:مقاييس — المحور,roots-4662:سحب:الأساس — المجاز,سَحْبَةٌ,APPROVED,,L2_017 haiku b20
AR06949,تَعَاطَى,فعل,386,6913;7123;7124,تناول عقار,عطي,تَفَاعَلَ,,,,تَعَاطَى,APPROVED,,L2_017 haiku b20
AR06951,تَنَاوَلَ,فعل,386,7125;17699,تناول العقار,نول,تَفَاعَلَ,roots-4662:نول:المحكم — المعاني,roots-4662:نول:مقاييس — المحور,,تَنَاوَلَ,APPROVED,,L2_017 haiku b20
AR06952,سِجْنٌ,اسم جامد,387,6958;6959;6960;6961;6962;6965;6966,مؤسسة لحبس المجرمين,سجن,فِعْلٌ,roots-4662:سجن:المحكم — المعاني,roots-4662:سجن:مقاييس — المحور,roots-4662:سجن:الأساس — المجاز,سِجْنٌ,APPROVED,,L2_017 haiku b20
AR06953,حِصْنٌ عَسْكَرِيٌّ,تركيب,387,6964,سجن عسكري,,,,,,حِصْنٌ عَسْكَرِيٌّ,APPROVED,,L2_017 haiku b20
AR06954,مُؤَسَّسَةٌ إِصْلاحِيَّةٌ,تركيب,387,6968,دار إصلاح وسجن,,,,,,مُؤَسَّسَةٌ إِصْلاحِيَّةٌ,APPROVED,,L2_017 haiku b20
AR06955,سِجْنٌ بَحْرِيٌّ,تركيب,387,7006,سجن على السفينة,,,,,,سِجْنٌ بَحْرِيٌّ,APPROVED,,L2_017 haiku b20
AR06956,كَفَّرَ,فعل,388,6975;6977,أسقط الذنب بالجبر,كفر,فَعَّلَ,roots-4662:كفر:المحكم — المعاني,roots-4662:كفر:مقاييس — المحور,,كَفَّرَ,APPROVED,,L2_017 haiku b20
AR06957,تَكْفِيرٌ,مصدر,388,6976;6978,جبر الخطأ والذنب,كفر,تَفْعِيلٌ,roots-4662:كفر:المحكم — المعاني,roots-4662:كفر:مقاييس — المحور,,تَكْفِيرٌ,APPROVED,,L2_017 haiku b20
AR06958,تَكْفِيرِيٌّ,اسم منسوب,388,6979,متعلق بالتكفير,كفر,,roots-4662:كفر:المحكم — المعاني,roots-4662:كفر:مقاييس — المحور,,تَكْفِيرِيٌّ,APPROVED,,L2_017 haiku b20 | FLAGS: WAZN_MISSING
AR06959,مُكَفِّرٌ,اسم فاعل,388,6980;6981,من يكفر الذنب,كفر,مُفَعِّلٌ,roots-4662:كفر:المحكم — المعاني,roots-4662:كفر:مقاييس — المحور,,مُكَفِّرٌ,APPROVED,,L2_017 haiku b20
AR06961,هيِرُويِينٌ,اسم جامد,390,7034,عقار مخدر قوي دخيل,,,,,,هيِرُويِينٌ,APPROVED,,L2_017 haiku b20 | FLAGS: ROOT_MISSING;WAZN_MISSING
AR06962,كوكايِينٌ,اسم جامد,390,7035;7061,عقار منبه قوي دخيل,,,,,,كوكايِينٌ,APPROVED,,L2_017 haiku b20 | FLAGS: ROOT_MISSING;WAZN_MISSING
AR06963,أَفِيُونٌ,اسم جامد,390,7036,عقار مخدر من الخشخاش دخيل,,,,,,أَفِيُونٌ,APPROVED,,L2_017 haiku b20 | FLAGS: ROOT_MISSING;WAZN_MISSING
AR06964,إل إس دي,مبني,390,7037;7068,مركب هلوسي قوي دخيل,,,,,,إل إس دي,APPROVED,,L2_017 haiku b20 | FLAGS: UNVOCALIZED
AR06965,مِسْكَالِينٌ,اسم جامد,390,7039,مركب هلوسي من الصبار دخيل,,,,,,مِسْكَالِينٌ,APPROVED,,L2_017 haiku b20 | FLAGS: ROOT_MISSING;WAZN_MISSING
AR06966,إِكْسْتَاسِي,اسم جامد,390,7044,عقار تخديري دخيل,,,,,,إِكْسْتَاسِي,APPROVED,,L2_017 haiku b20 | FLAGS: ROOT_MISSING;WAZN_MISSING
AR06967,ميِثامفيتامِينٌ,اسم جامد,390,7045,عقار منبه دخيل,,,,,,ميِثامفيتامِينٌ,APPROVED,,L2_017 haiku b20 | FLAGS: ROOT_MISSING;WAZN_MISSING
AR06968,أَمفيتامِينٌ,اسم جامد,390,7055;7064,عقار منبه دخيل,,,,,,أَمفيتامِينٌ,APPROVED,,L2_017 haiku b20 | FLAGS: ROOT_MISSING;WAZN_MISSING
AR06969,باربيتوُرَاتٌ,اسم جامد,390,7056,أدوية مهدئة دخيل,,,,,,باربيتوُرَاتٌ,APPROVED,,L2_017 haiku b20 | FLAGS: ROOT_MISSING;WAZN_MISSING
AR06970,مُهَدِّئٌ,اسم فاعل,390,7057;7059;7063,دواء يهدئ,هدء,مُفَعِّلٌ,roots-4662:هدء:المحكم — المعاني,,roots-4662:هدء:الأساس — المجاز,مُهَدِّئٌ,APPROVED,,L2_017 haiku b20 | FLAGS: ROOT_NORMALIZED
AR06971,مُنَشِّطٌ,اسم فاعل,390,7062,دواء منشط,نشط,مُفَعِّلٌ,roots-4662:نشط:المحكم — المعاني,roots-4662:نشط:مقاييس — المحور,roots-4662:نشط:الأساس — المجاز,مُنَشِّطٌ,APPROVED,,L2_017 haiku b20
AR06972,كرَاكٌ,اسم جامد,390,7065,كوكايين متبلور دخيل,,,,,,كرَاكٌ,APPROVED,,L2_017 haiku b20 | FLAGS: ROOT_MISSING;WAZN_MISSING
AR06973,كوكايِينٌ مُنقًّى,تركيب,390,7066,كوكايين معالج,,,,,,كوكايِينٌ مُنقًّى,APPROVED,,L2_017 haiku b20
AR06974,مُهَلْوِسٌ,اسم فاعل,390,7069,عقار يسبب هلاوس,هلس,مُفَعِّلٌ,roots-4662:هلس:المحكم — المعاني,roots-4662:هلس:مقاييس — المحور,,مُهَلْوِسٌ,APPROVED,,L2_017 haiku b20
AR06975,تُتُنٌ,اسم جامد,390,7070,ورق النبات المخدر,تتن,فُعُلٌ,,,,تُتُنٌ,APPROVED,,L2_017 haiku b20
AR06976,نِيكوتِينٌ,اسم جامد,390,7071,مادة سامة من التبغ دخيل,,,,,,نِيكوتِينٌ,APPROVED,,L2_017 haiku b20 | FLAGS: ROOT_MISSING;WAZN_MISSING
AR06977,خَمْرٌ,اسم جامد,390,7072,السائل المسكر,خمر,فَعْلٌ,roots-4662:خمر:المحكم — المعاني,roots-4662:خمر:مقاييس — المحور,roots-4662:خمر:الأساس — المجاز,خَمْرٌ,APPROVED,,L2_017 haiku b20
AR06978,كيتامِينٌ,اسم جامد,390,7073,عقار تخديري دخيل,,,,,,كيتامِينٌ,APPROVED,,L2_017 haiku b20 | FLAGS: ROOT_MISSING;WAZN_MISSING
AR06979,مُورفِينٌ,اسم جامد,390,7074,عقار مسكن من الأفيون دخيل,,,,,,مُورفِينٌ,APPROVED,,L2_017 haiku b20 | FLAGS: ROOT_MISSING;WAZN_MISSING
AR06980,كودِيينٌ,اسم جامد,390,7075,عقار مسكن ومنوم دخيل,,,,,,كودِيينٌ,APPROVED,,L2_017 haiku b20 | FLAGS: ROOT_MISSING;WAZN_MISSING
AR06981,مُسْتَنْشَقٌ,اسم فاعل,390,7076,مادة متطايرة تستنشق,نشق,مُسْتَفْعَلٌ,roots-4662:نشق:المحكم — المعاني,roots-4662:نشق:مقاييس — المحور,roots-4662:نشق:الأساس — المجاز,مُسْتَنْشَقٌ,APPROVED,,L2_017 haiku b20
AR06982,بيِيوتِي,اسم جامد,390,7080,صبار هلوسي دخيل,,,,,,بيِيوتِي,APPROVED,,L2_017 haiku b20 | FLAGS: ROOT_MISSING;WAZN_MISSING
AR06983,نَشُوقٌ,اسم جامد,390,7122,تبغ مسحوق يشمع,نشق,فَعُولٌ,roots-4662:نشق:المحكم — المعاني,roots-4662:نشق:مقاييس — المحور,roots-4662:نشق:الأساس — المجاز,نَشُوقٌ,APPROVED,,L2_017 haiku b20
AR06985,سِيجَارَةٌ,اسم جامد,390,17680,لفافة تبغ دخيل,سجر,فِيعَالَةٌ,roots-4662:سجر:المحكم — المعاني,roots-4662:سجر:مقاييس — المحور,roots-4662:سجر:الأساس — المجاز,سِيجَارَةٌ,APPROVED,,L2_017 haiku b20
AR06986,سَاعَدَ,فعل,391,7040;7041;11696,يساعد بعمل أو مال,سعد,فَاعَلَ,roots-4662:سعد:المحكم — المعاني,roots-4662:سعد:مقاييس — المحور,roots-4662:سعد:الأساس — المجاز,سَاعَدَ,APPROVED,,L2_017 haiku b20
AR06988,أَغَاثَ,فعل,391,7043,نجدة وإعانة,غيث,أَفْعَلَ,roots-4662:غيث:المحكم — المعاني,roots-4662:غيث:مقاييس — المحور,,أَغَاثَ,APPROVED,,L2_017 haiku b20
AR06989,مُسَاعِدٌ,اسم فاعل,391,7046,جاهز لتقديم المساعدة,سعد,مُفَاعِلٌ,roots-4662:سعد:المحكم — المعاني,roots-4662:سعد:مقاييس — المحور,roots-4662:سعد:الأساس — المجاز,مُسَاعِدٌ,APPROVED,,L2_017 haiku b20
AR06990,مُسَاعَدَةٌ,مصدر,391,11591;11699;12165,عملية المساعدة,سعد,مُفَاعَلَةٌ,roots-4662:سعد:المحكم — المعاني,roots-4662:سعد:مقاييس — المحور,roots-4662:سعد:الأساس — المجاز,مُسَاعَدَةٌ,APPROVED,,L2_017 haiku b20
AR06992,خَدَمَ,فعل,391,11869,أدى الخدمة,خدم,فَعَلَ,roots-4662:خدم:المحكم — المعاني,roots-4662:خدم:مقاييس — المحور,roots-4662:خدم:الأساس — المجاز,خَدَمَ,APPROVED,,L2_017 haiku b20
AR06993,وَفَّرَ,فعل,391,11870,قدم المطلوب,وفر,فَعَّلَ,roots-4662:وفر:المحكم — المعاني,roots-4662:وفر:مقاييس — المحور,roots-4662:وفر:الأساس — المجاز,وَفَّرَ,APPROVED,,L2_017 haiku b20
AR06995,مُلْزَمٌ,اسم مفعول,392,7051;8004;18521,مجبور قانوناً,لزم,مُفْعَلٌ,roots-4662:لزم:المحكم — المعاني,roots-4662:لزم:مقاييس — المحور,roots-4662:لزم:الأساس — المجاز,مُلْزَمٌ,APPROVED,,L2_017 haiku b20
AR06996,وَاجِبٌ,اسم جامد,392,7116,التزام أدبي أو قانوني,وجب,فَاعِلٌ,roots-4662:وجب:المحكم — المعاني,roots-4662:وجب:مقاييس — المحور,roots-4662:وجب:الأساس — المجاز,وَاجِبٌ,APPROVED,,L2_017 haiku b20
AR06997,وَظِيفَةٌ,اسم جامد,392,7117,مسؤولية أو التزام,وظف,فَاعِلَةٌ,roots-4662:وظف:المحكم — المعاني,roots-4662:وظف:مقاييس — المحور,roots-4662:وظف:الأساس — المجاز,وَظِيفَةٌ,APPROVED,,L2_017 haiku b20
AR06998,مُهِمَّةٌ,اسم جامد,392,7119,عمل مطلوب,همم,,roots-4662:همم:المحكم — المعاني,,,مُهِمَّةٌ,APPROVED,مُفِعَّلَة,L2_017 haiku b20 | FLAGS: WAZN_LEMMA_MISMATCH;WAZN_NOT_IN_INV
AR06999,مَسْؤُولِيَّةٌ,اسم جامد,392,7120,واجب مطلوب,سول,مَفْعُولِيَّةٌ,roots-4662:سول:المحكم — المعاني,roots-4662:سول:مقاييس — المحور,,مَسْؤُولِيَّةٌ,APPROVED,,L2_017 haiku b20
AR07000,التِزَامٌ,مصدر,392,8003,التزام أدبي أو قانوني,لزم,,roots-4662:لزم:المحكم — المعاني,roots-4662:لزم:مقاييس — المحور,roots-4662:لزم:الأساس — المجاز,التِزَامٌ,APPROVED,اِلْتِفَاع,L2_017 haiku b20 | FLAGS: WAZN_LEMMA_MISMATCH;WAZN_NOT_IN_INV
AR07001,تَكْلِيفٌ,مصدر,392,15547;15549,مهمة مسندة,كلف,تَفْعِيلٌ,roots-4662:كلف:المحكم — المعاني,roots-4662:كلف:مقاييس — المحور,,تَكْلِيفٌ,APPROVED,,L2_017 haiku b20
AR07004,فَرْضٌ,مصدر,392,18522,التزام مفروض,فرض,فَعْلٌ,roots-4662:فرض:المحكم — المعاني,roots-4662:فرض:مقاييس — المحور,roots-4662:فرض:الأساس — المجاز,فَرْضٌ,APPROVED,,L2_017 haiku b20
AR07005,ثُؤْلُول,اسم جامد,393,7083,نمو صغير حميد على الجلد,ثءل,,v21:ثأل:المحكم — المعاني,,,ثُؤْلُول,APPROVED,فُعْلول,L2_017 haiku b21 | FLAGS: WAZN_NOT_IN_INV
AR07007,حَب أَسْوَد,تركيب,393,7085,سداد دهني مؤكسد في المسام,,,,,,حَب أَسْوَد,APPROVED,,L2_017 haiku b21
AR07008,نَدْبَة,اسم جامد,393,7086,أثر على الجلد بعد شفاء جرح,ندب,,roots-4662:ندب:المحكم — المعاني,roots-4662:ندب:مقاييس — النص,,نَدْبَة,APPROVED,فِعْلة,L2_017 haiku b21 | FLAGS: WAZN_NOT_IN_INV
AR07009,خَال,اسم جامد,393,7087,بقعة داكنة من الميلانين,خول,فَعَالٍ,roots-4662:خول:المحكم — المعاني,roots-4662:خول:مقاييس — المحور,roots-4662:خول:الأساس — المجاز,خَال,APPROVED,,L2_017 haiku b21
AR07011,وَحْمَة,اسم جامد,393,7089,علامة ملونة منذ الولادة,وحم,,roots-4662:وحم:المحكم — المعاني,roots-4662:وحم:مقاييس — النص,,وَحْمَة,APPROVED,فِعْلة,L2_017 haiku b21 | FLAGS: WAZN_NOT_IN_INV
AR07012,نَمَش,اسم جامد,393,7090,بقع بنية فاتحة على الجلد,نمش,فَعَلٌ,roots-4662:نمش:المحكم — المعاني,roots-4662:نمش:مقاييس — المحور,roots-4662:نمش:الأساس — المجاز,نَمَش,APPROVED,,L2_017 haiku b21
AR07013,دَمَل,اسم جامد,393,7092,انتفاخ ملتهب ممتلئ قيح,دمل,فَعَلٌ,roots-4662:دمل:المحكم — المعاني,roots-4662:دمل:مقاييس — المحور,roots-4662:دمل:الأساس — المجاز,دَمَل,APPROVED,,L2_017 haiku b21
AR07014,فُقَاعَة,اسم جامد,393,7093,فقاعة على الجلد ممتلئة مصل,فقع,,roots-4662:فقع:المحكم — المعاني,roots-4662:فقع:مقاييس — النص,,فُقَاعَة,APPROVED,فِعَالة,L2_017 haiku b21 | FLAGS: WAZN_NOT_IN_INV
AR07016,عَلَامَة عَض,تركيب,393,7098,أثر من العض أثناء اللعب,,,,,,عَلَامَة عَض,APPROVED,,L2_017 haiku b21
AR07017,بُقْعَة كَبِدِيَّة,تركيب,393,7099,بقعة من تقدم السن,,,,,,بُقْعَة كَبِدِيَّة,APPROVED,,L2_017 haiku b21
AR07019,قُرْح الْفَم,تركيب,393,7103,تقرح ملتهب قرب الفم,,,,,,قُرْح الْفَم,APPROVED,,L2_017 haiku b21
AR07020,مَلَس,اسم جامد,393,7165,جزء سميك من الجلد,ملس,فَعَلٌ,roots-4662:ملس:المحكم — المعاني,roots-4662:ملس:مقاييس — المحور,,مَلَس,APPROVED,,L2_017 haiku b21
AR07021,قُرْحَة,اسم جامد,393,7166,موضع خام مؤلم,قرح,,roots-4662:قرح:المحكم — المعاني,roots-4662:قرح:مقاييس — المحور,roots-4662:قرح:الأساس — المجاز,قُرْحَة,APPROVED,فِعْلة,L2_017 haiku b21 | FLAGS: WAZN_NOT_IN_INV
AR07022,قُرْحَة الْفِرَاش,تركيب,393,7167,قرحة من الاستلقاء المستمر,,,,,,قُرْحَة الْفِرَاش,APPROVED,,L2_017 haiku b21
AR07023,حَب الشَّبَاب,تركيب,393,10122,بثور من التهاب الغدد الدهنية,,,,,,حَب الشَّبَاب,APPROVED,,L2_017 haiku b21
AR07025,لَطَمَ,فعل,395,7223,جعل شيئا يصطدم بصفعة,لطم,فَعَلَ,roots-4662:لطم:المحكم — المعاني,roots-4662:لطم:مقاييس — المحور,roots-4662:لطم:الأساس — المجاز,لَطَمَ,APPROVED,,L2_017 haiku b21
AR07027,قَرَعَ,فعل,395,7225,اضرب بقوة بضوضاء,قرع,فَعَلَ,roots-4662:قرع:المحكم — المعاني,roots-4662:قرع:مقاييس — النص,roots-4662:قرع:الأساس — المجاز,قَرَعَ,APPROVED,,L2_017 haiku b21
AR07030,اخْتَرَقَ,فعل,395,7228,وجه مركبة فتصطدم,خرق,اِفْتَعَلَ,roots-4662:خرق:المحكم — المعاني,roots-4662:خرق:مقاييس — المحور,roots-4662:خرق:الأساس — المجاز,اخْتَرَقَ,APPROVED,,L2_017 haiku b21
AR07032,سَقَطَ,فعل,395,7232,حرك جسما بضوضاء عميقة,سقط,فَعَلَ,roots-4662:سقط:المحكم — المعاني,roots-4662:سقط:مقاييس — المحور,roots-4662:سقط:الأساس — المجاز,سَقَطَ,APPROVED,,L2_017 haiku b21
AR07034,لَمَسَ,فعل,395,9773,جعل شيئين يلتمسان,لمس,فَعَلَ,roots-4662:لمس:المحكم — المعاني,roots-4662:لمس:مقاييس — المحور,roots-4662:لمس:الأساس — المجاز,لَمَسَ,APPROVED,,L2_017 haiku b21
AR07035,تَلَامَسَ,فعل,395,9774,جعل يلمس برفق,لمس,تَفَاعَلَ,roots-4662:لمس:المحكم — المعاني,roots-4662:لمس:مقاييس — المحور,roots-4662:لمس:الأساس — المجاز,تَلَامَسَ,APPROVED,,L2_017 haiku b21
AR07037,خَشْخَشَ,فعل,395,9776,جعل يصطدم برقع سريعة,خشش,فَعْلَلَ,roots-4662:خشش:المحكم — المعاني,roots-4662:خشش:مقاييس — المحور,roots-4662:خشش:الأساس — المجاز,خَشْخَشَ,APPROVED,,L2_017 haiku b21 | FLAGS: WAZN_LEMMA_MISMATCH
AR07041,مُمْتَلِئ,اسم مفعول,396,7256,متمكن من انفعال,ملء,مُفْتَعِلٌ,roots-4662:ملء:المحكم — المعاني,,roots-4662:ملء:الأساس — المجاز,مُمْتَلِئ,APPROVED,,L2_017 haiku b21 | FLAGS: ROOT_NORMALIZED
AR07042,وَجَدَ,فعل,396,7257,عاش انفعالا عاطفيا,وجد,فَعَلَ,roots-4662:وجد:المحكم — المعاني,roots-4662:وجد:مقاييس — المحور,roots-4662:وجد:الأساس — المجاز,وَجَدَ,APPROVED,,L2_017 haiku b21
AR07044,انْفِعَال,مصدر,396,10301,شعور قوي مثل الفرح,نفع,اِنْفِعَالٌ,roots-4662:نفع:المحكم — المعاني,roots-4662:نفع:مقاييس — المحور,,انْفِعَال,APPROVED,,L2_017 haiku b21 | FLAGS: WAZN_LEMMA_MISMATCH
AR07047,أَمْسَكَ,فعل,397,7297,ضم أو يكون قادرا,مسك,أَفْعَلَ,roots-4662:مسك:المحكم — المعاني,roots-4662:مسك:مقاييس — المحور,roots-4662:مسك:الأساس — المجاز,أَمْسَكَ,APPROVED,,L2_017 haiku b21
AR07049,خَزَّنَ,فعل,397,17644,حفظ محتويات في حاوية,خزن,فَعَّلَ,roots-4662:خزن:المحكم — المعاني,roots-4662:خزن:مقاييس — المحور,roots-4662:خزن:الأساس — المجاز,خَزَّنَ,APPROVED,,L2_017 haiku b21
AR07052,مُسْتَهْجَن,اسم مفعول,399,7315,يستحق الانتقاد,هجن,مُفْتَعَلٌ,roots-4662:هجن:المحكم — المعاني,,,مُسْتَهْجَن,APPROVED,,L2_017 haiku b21 | FLAGS: WAZN_LEMMA_MISMATCH
AR07053,مَلُوم,اسم مفعول,399,7317,يستحق العتاب,لوم,مَفْعُولٌ,roots-4662:لوم:المحكم — المعاني,roots-4662:لوم:مقاييس — المحور,,مَلُوم,APPROVED,,L2_017 haiku b21
AR07056,مَسْكِين,صفة مشبهة,399,7322,يستحق الرثاء,سكن,فَعِيلٌ,roots-4662:سكن:المحكم — المعاني,roots-4662:سكن:مقاييس — المحور,roots-4662:سكن:الأساس — المجاز,مَسْكِين,APPROVED,,L2_017 haiku b21 | FLAGS: WAZN_LEMMA_MISMATCH
AR07059,كَرِيه,صفة مشبهة,399,7325,يستحق الكراهية,كره,فَعِيلٌ,roots-4662:كره:المحكم — المعاني,roots-4662:كره:مقاييس — المحور,roots-4662:كره:الأساس — المجاز,كَرِيه,APPROVED,,L2_017 haiku b21
AR07060,فَظِيع,صفة مشبهة,399,7326,يستحق الاشمئزاز,فظع,فَعِيلٌ,roots-4662:فظع:المحكم — المعاني,roots-4662:فظع:مقاييس — النص,,فَظِيع,APPROVED,,L2_017 haiku b21
AR07061,مَلْعُون,اسم مفعول,399,7327,جدير باللعنة,لعن,مَفْعُولٌ,roots-4662:لعن:المحكم — المعاني,roots-4662:لعن:مقاييس — المحور,,مَلْعُون,APPROVED,,L2_017 haiku b21
AR07063,خَزِي,صفة مشبهة,399,7329,يستحق العار,خزي,فَعِيلٌ,roots-4662:خزي:المحكم — المعاني,,,خَزِي,APPROVED,,L2_017 haiku b21
AR07068,سَامَحَ,فعل,401,7333,توقف عن الغضب,سمح,فَاعَلَ,roots-4662:سمح:المحكم — المعاني,roots-4662:سمح:مقاييس — المحور,roots-4662:سمح:الأساس — المجاز,سَامَحَ,APPROVED,,L2_017 haiku b21
AR07069,مَسَامَحَة,مصدر,401,7334,فعل المسامحة,سمح,,roots-4662:سمح:المحكم — المعاني,roots-4662:سمح:مقاييس — المحور,roots-4662:سمح:الأساس — المجاز,مَسَامَحَة,APPROVED,مَفَاعَلة,L2_017 haiku b21 | FLAGS: WAZN_NOT_IN_INV
AR07071,تَغَاضَىٰ,فعل,401,8005,قبل سلوكا خاطئا,غضض,تَفَاعَلَ,roots-4662:غضض:المحكم — المعاني,roots-4662:غضض:مقاييس — المحور,roots-4662:غضض:الأساس — المجاز,تَغَاضَىٰ,APPROVED,,L2_017 haiku b21 | FLAGS: WAZN_LEMMA_MISMATCH
AR07073,رَئِيسِي,اسم منسوب,402,7434,أعظم في الأهمية,رءس,,roots-4662:رءس:المحكم — المعاني,roots-4662:رءس:مقاييس — المحور,roots-4662:رءس:الأساس — المجاز,رَئِيسِي,APPROVED,فَاعِيلِي,L2_017 haiku b21 | FLAGS: ROOT_NORMALIZED;WAZN_NOT_IN_INV
AR07074,أَكْبَر,صفة مشبهة,402,7435,الأهم والأبرز,كبر,أَفْعَلُ,roots-4662:كبر:المحكم — المعاني,roots-4662:كبر:مقاييس — المحور,roots-4662:كبر:الأساس — المجاز,أَكْبَر,APPROVED,,L2_017 haiku b21
AR07075,أَوَّل,صفة مشبهة,402,7436,أول من حيث الأهمية,ءول,,v21:أول:المحكم — المعاني,v21:أول:مقاييس — المحور,v21:أول:الأساس — المجاز,أَوَّل,APPROVED,أَوَّل,L2_017 haiku b21 | FLAGS: ROOT_NORMALIZED;WAZN_NOT_IN_INV
AR07080,زَعِيم,اسم فاعل,402,13254,الأعلى ترتيبا,زعم,فَعِيلٌ,roots-4662:زعم:المحكم — المعاني,roots-4662:زعم:مقاييس — المحور,roots-4662:زعم:الأساس — المجاز,زَعِيم,APPROVED,,L2_017 haiku b21
AR07082,سَبَقَ,فعل,403,7439,كان الأول في فعل,سبق,فَعَلَ,roots-4662:سبق:المحكم — المعاني,roots-4662:سبق:مقاييس — المحور,,سَبَقَ,APPROVED,,L2_017 haiku b21
AR07083,اخْتَرَعَ,فعل,403,7440,أنشأ جهازا جديدا,خرع,اِفْتَعَلَ,roots-4662:خرع:المحكم — المعاني,roots-4662:خرع:مقاييس — المحور,roots-4662:خرع:الأساس — المجاز,اخْتَرَعَ,APPROVED,,L2_017 haiku b21
AR07084,اكْتَشَفَ,فعل,403,7441,كان الأول في الإيجاد,كشف,اِفْتَعَلَ,roots-4662:كشف:المحكم — المعاني,roots-4662:كشف:مقاييس — المحور,roots-4662:كشف:الأساس — المجاز,اكْتَشَفَ,APPROVED,,L2_017 haiku b21
AR07087,اكْتِشَاف,مصدر,403,7444,فعل الإيجاد الأول,كشف,اِفْتِعَالٌ,roots-4662:كشف:المحكم — المعاني,roots-4662:كشف:مقاييس — المحور,roots-4662:كشف:الأساس — المجاز,اكْتِشَاف,APPROVED,,L2_017 haiku b21
AR07088,مُكْتَشِف,اسم فاعل,403,7445,من يكتشف,كشف,مُفْتَعِلٌ,roots-4662:كشف:المحكم — المعاني,roots-4662:كشف:مقاييس — المحور,roots-4662:كشف:الأساس — المجاز,مُكْتَشِف,APPROVED,,L2_017 haiku b21
AR07090,مُخْتَرِع,اسم فاعل,403,7447,من ينشئ جهازا,خرع,مُفْتَعِلٌ,roots-4662:خرع:المحكم — المعاني,roots-4662:خرع:مقاييس — المحور,roots-4662:خرع:الأساس — المجاز,مُخْتَرِع,APPROVED,,L2_017 haiku b21
AR07091,اخْتِرَاع,مصدر,403,7448,فعل الإنشاء,خرع,اِفْتِعَالٌ,roots-4662:خرع:المحكم — المعاني,roots-4662:خرع:مقاييس — المحور,roots-4662:خرع:الأساس — المجاز,اخْتِرَاع,APPROVED,,L2_017 haiku b21
AR07094,مُخْتَرَع,اسم مفعول,403,17657,الكائن من الاختراع,خرع,مُفْتَعَلٌ,roots-4662:خرع:المحكم — المعاني,roots-4662:خرع:مقاييس — المحور,roots-4662:خرع:الأساس — المجاز,مُخْتَرَع,APPROVED,,L2_017 haiku b21
AR07095,مَرَادِف,اسم فاعل,404,7474,كلمة معنى متطابق,ردف,,roots-4662:ردف:المحكم — المعاني,roots-4662:ردف:مقاييس — المحور,roots-4662:ردف:الأساس — المجاز,مَرَادِف,APPROVED,مَفَاعِل,L2_017 haiku b21 | FLAGS: WAZN_NOT_IN_INV
AR07096,نَقِيض,صفة مشبهة,404,7475,كلمة معاكسة,نقص,فَعِيلٌ,roots-4662:نقص:المحكم — المعاني,roots-4662:نقص:مقاييس — النص,,نَقِيض,APPROVED,,L2_017 haiku b21 | FLAGS: WAZN_LEMMA_MISMATCH
AR07098,نَوْع,اسم جامد,404,7477,دلالة نوع,نوع,فَعْلٌ,roots-4662:نوع:المحكم — المعاني,roots-4662:نوع:مقاييس — المحور,,نَوْع,APPROVED,,L2_017 haiku b21
AR07100,مُتَرَادِف,اسم مفعول,404,7492,معنى واحد,ردف,مُتَفَاعِلٌ,roots-4662:ردف:المحكم — المعاني,roots-4662:ردف:مقاييس — المحور,roots-4662:ردف:الأساس — المجاز,مُتَرَادِف,APPROVED,,L2_017 haiku b21
AR07102,كُل,اسم جامد,404,7494,تعبير يسمي الكل,كلل,فُعْلٌ,roots-4662:كلل:المحكم — المعاني,roots-4662:كلل:مقاييس — المحور,roots-4662:كلل:الأساس — المجاز,كُل,APPROVED,,L2_017 haiku b21 | FLAGS: WAZN_LEMMA_MISMATCH
AR07103,لِقَاء,مصدر,404,7495,كلمات نطق واحد,لقي,اِفْتِعَالٌ,roots-4662:لقي:المحكم — المعاني,roots-4662:لقي:مقاييس — المحور,roots-4662:لقي:الأساس — المجاز,لِقَاء,APPROVED,,L2_017 haiku b21
AR07108,مُتَّحِد النَّطْق,تركيب,404,7519,كلمات نطق واحد,,,,,,مُتَّحِد النَّطْق,APPROVED,,L2_017 haiku b21
AR07109,مُوسِيقَىٰ,اسم جامد,405,13846,فن دمج الأصوات,موسق,,,,,مُوسِيقَىٰ,APPROVED,فُولَا,L2_017 haiku b21 | FLAGS: WAZN_NOT_IN_INV
AR07111,مَسْرَحِيَّة,اسم منسوب,405,14194,عمل درامي,سرح,مَفْعَلِيَّةٌ,roots-4662:سرح:المحكم — المعاني,roots-4662:سرح:مقاييس — المحور,roots-4662:سرح:الأساس — المجاز,مَسْرَحِيَّة,APPROVED,,L2_017 haiku b21
AR07112,يَدُلُّ,فعل,406,7480,وظيفة تعبير,دلل,,roots-4662:دلل:المحكم — المعاني,roots-4662:دلل:مقاييس — المحور,roots-4662:دلل:الأساس — المجاز,يَدُلُّ,APPROVED,يَفْعُل,L2_017 haiku b21 | FLAGS: WAZN_LEMMA_MISMATCH;WAZN_NOT_IN_INV
AR07113,دِلَالَة,مصدر,406,7481,معنى مباشر,دلل,,roots-4662:دلل:المحكم — المعاني,roots-4662:دلل:مقاييس — المحور,roots-4662:دلل:الأساس — المجاز,دِلَالَة,APPROVED,فِعَالة,L2_017 haiku b21 | FLAGS: WAZN_NOT_IN_INV
AR07114,غَامِض,صفة مشبهة,406,7482,لغة متعددة المعنى,غمض,فَاعِلٌ,roots-4662:غمض:المحكم — المعاني,roots-4662:غمض:مقاييس — المحور,roots-4662:غمض:الأساس — المجاز,غَامِض,APPROVED,,L2_017 haiku b21
AR07116,أَحَادِي,صفة مشبهة,406,7484,تعبير معنى واحد,حدي,,,,,أَحَادِي,APPROVED,أَفَاعِيل,L2_017 haiku b21 | FLAGS: WAZN_NOT_IN_INV
AR07117,غَيْر مُحَدَّد,تركيب,406,7485,غير واضح المعنى,,,,,,غَيْر مُحَدَّد,APPROVED,,L2_017 haiku b21
AR07118,يُشِير,فعل,406,7486,تعبير يدل,شير,,v21:شير:المحكم — المعاني,,,يُشِير,APPROVED,يُفْعِل,L2_017 haiku b21 | FLAGS: WAZN_NOT_IN_INV
AR07120,نِطَاق,اسم جامد,406,7488,نطاق الحد,نطق,فِعَالٌ,roots-4662:نطق:المحكم — المعاني,roots-4662:نطق:مقاييس — المحور,roots-4662:نطق:الأساس — المجاز,نِطَاق,APPROVED,,L2_017 haiku b21
AR07121,مَعْنَىٰ,اسم جامد,406,7489,ما يقصده تعبير,معن,مَفْعَلٌ,roots-4662:معن:المحكم — المعاني,roots-4662:معن:مقاييس — المحور,roots-4662:معن:الأساس — المجاز,مَعْنَىٰ,APPROVED,,L2_017 haiku b21 | FLAGS: WAZN_LEMMA_MISMATCH
AR07122,يَعْنِي,فعل,406,7490,كلمة لها دلالة,عني,,,v21:عني:مقاييس — النص,,يَعْنِي,APPROVED,يَفْعِل,L2_017 haiku b21 | FLAGS: WAZN_NOT_IN_INV
AR07124,غَيْر إِحَالِي,تركيب,406,7516,تعبير بدون مرجع,,,,,,غَيْر إِحَالِي,APPROVED,,L2_017 haiku b21
AR07125,مَعْنًىٰ,اسم جامد,406,7520,طريقة تفسير,معن,مَفْعَلٌ,roots-4662:معن:المحكم — المعاني,roots-4662:معن:مقاييس — المحور,roots-4662:معن:الأساس — المجاز,مَعْنًىٰ,APPROVED,,L2_017 haiku b21 | FLAGS: WAZN_LEMMA_MISMATCH
AR07126,قِرَاءَة,مصدر,406,7521,فهم معنى كلمة,قرء,,roots-4662:قرء:المحكم — المعاني,,,قِرَاءَة,APPROVED,فِعَالة,L2_017 haiku b21 | FLAGS: ROOT_NORMALIZED;WAZN_NOT_IN_INV
AR07130,مُهِم,اسم فاعل,407,7528,عظيم الدلالة,همم,,roots-4662:همم:المحكم — المعاني,,,مُهِم,APPROVED,مُفِعْل,L2_017 haiku b21 | FLAGS: WAZN_LEMMA_MISMATCH;WAZN_NOT_IN_INV
AR07131,ذُو شَأْن,تركيب,407,7529,مهم يجدر بالانتباه,,,,,,ذُو شَأْن,APPROVED,,L2_017 haiku b21
AR07132,أَهَمِّيَّة,اسم منسوب,407,7530;7532,حالة كون مهما,همم,,roots-4662:همم:المحكم — المعاني,,,أَهَمِّيَّة,APPROVED,أَفَعِّيَّة,L2_017 haiku b21 | FLAGS: WAZN_NOT_IN_INV
AR07134,أَكْبَر,صفة مشبهة,407,12252,مهم أو خطير,كبر,أَفْعَلُ,roots-4662:كبر:المحكم — المعاني,roots-4662:كبر:مقاييس — المحور,roots-4662:كبر:الأساس — المجاز,أَكْبَر,APPROVED,,L2_017 haiku b21
AR07135,حَيَوِي,اسم منسوب,407,13148,ضروري جدا,حيو,,,,,حَيَوِي,APPROVED,فَعَوِي,L2_017 haiku b21 | FLAGS: WAZN_NOT_IN_INV
AR07138,بِجِدِّيَّة,تركيب,407,14314,بدرجة خطيرة,,,,,,بِجِدِّيَّة,APPROVED,,L2_017 haiku b21
AR07141,يُهِم,فعل,407,15064,يكون مهما,همم,,roots-4662:همم:المحكم — المعاني,,,يُهِم,APPROVED,يُفْعِل,L2_017 haiku b21 | FLAGS: WAZN_LEMMA_MISMATCH;WAZN_NOT_IN_INV
AR07142,أَوْلَوِيَّة,اسم منسوب,407,17507,تأكيد الأهمية,ولي,أَفْعَلِيَّةٌ,roots-4662:ولي:المحكم — المعاني,roots-4662:ولي:مقاييس — المحور,roots-4662:ولي:الأساس — المجاز,أَوْلَوِيَّة,APPROVED,,L2_017 haiku b21
AR07144,أَنْتَجَ,فعل,408,7523,صنع أو أنشأ,نتج,أَفْعَلَ,roots-4662:نتج:المحكم — المعاني,roots-4662:نتج:مقاييس — النص,roots-4662:نتج:الأساس — المجاز,أَنْتَجَ,APPROVED,,L2_017 haiku b21
AR07148,إِنْتَاج,مصدر,408,11441,فعل الإنتاج,نتج,إِفْعَالٌ,roots-4662:نتج:المحكم — المعاني,roots-4662:نتج:مقاييس — النص,roots-4662:نتج:الأساس — المجاز,إِنْتَاج,APPROVED,,L2_017 haiku b21
AR07149,مُنْتِج,اسم فاعل,408,11595,شركة تنتج,نتج,مُفْعِلٌ,roots-4662:نتج:المحكم — المعاني,roots-4662:نتج:مقاييس — النص,roots-4662:نتج:الأساس — المجاز,مُنْتِج,APPROVED,,L2_017 haiku b21
AR07152,مُنْتَج,اسم مفعول,408,16139,السلعة النهائية,نتج,مُفْعَلٌ,roots-4662:نتج:المحكم — المعاني,roots-4662:نتج:مقاييس — النص,roots-4662:نتج:الأساس — المجاز,مُنْتَج,APPROVED,,L2_017 haiku b21
AR07153,خَطّ إِنْتَاج,تركيب,408,18332,موقع التصنيع,,,,,,خَطّ إِنْتَاج,APPROVED,,L2_017 haiku b21
AR07154,صَانِع أَفْلَام,تركيب,409,7557,شخص يخرج أفلاما,,,,,,صَانِع أَفْلَام,APPROVED,,L2_017 haiku b21
AR07155,مُخْرِج,اسم فاعل,409,7558,شخص يخرج فيلما,خرج,مُفْعِلٌ,roots-4662:خرج:المحكم — المعاني,roots-4662:خرج:مقاييس — المحور,roots-4662:خرج:الأساس — المجاز,مُخْرِج,APPROVED,,L2_017 haiku b21
AR07156,مُنْتِج,اسم فاعل,409,7559,شخص يدير فيلما,نتج,مُفْعِلٌ,roots-4662:نتج:المحكم — المعاني,roots-4662:نتج:مقاييس — النص,roots-4662:نتج:الأساس — المجاز,مُنْتِج,APPROVED,,L2_017 haiku b21
AR07157,خَرَّجَ,فعل,409,7560,أشرف على الإنتاج,خرج,فَعَّلَ,roots-4662:خرج:المحكم — المعاني,roots-4662:خرج:مقاييس — المحور,roots-4662:خرج:الأساس — المجاز,خَرَّجَ,APPROVED,,L2_017 haiku b21
AR07158,أَنْتَجَ,فعل,409,7561,أدار جوانب فيلم,نتج,أَفْعَلَ,roots-4662:نتج:المحكم — المعاني,roots-4662:نتج:مقاييس — النص,roots-4662:نتج:الأساس — المجاز,أَنْتَجَ,APPROVED,,L2_017 haiku b21
AR07160,فَيْلَمَ,فعل,409,7577,صنع فيلما,فيلم,فَيْعَلَ,,,,فَيْلَمَ,APPROVED,,L2_017 haiku b21
AR07161,تَرْتِيب مُوسِيقِي,تركيب,409,7617,تمثيل موسيقي,,,,,,تَرْتِيب مُوسِيقِي,APPROVED,,L2_017 haiku b21
AR07162,مُوسِيقَىٰ الْفِيلْم,تركيب,409,7618,الصوت المصاحب,,,,,,مُوسِيقَىٰ الْفِيلْم,APPROVED,,L2_017 haiku b21
AR07163,لَحَّنَ,فعل,409,11106,ابتكر قطعة موسيقية,لحن,فَعَّلَ,roots-4662:لحن:المحكم — المعاني,roots-4662:لحن:مقاييس — النص,roots-4662:لحن:الأساس — المجاز,لَحَّنَ,APPROVED,,L2_017 haiku b21
AR07164,مَثَّلَ,فعل,409,11944,قدم أداء مسرحي,ثيل,فَعَّلَ,v21:ثيل:المحكم — المعاني,v21:ثيل:مقاييس — النص,,مَثَّلَ,APPROVED,,L2_017 haiku b21
AR07165,اخْتَارَ,فعل,409,11945,اختر ممثلين,خور,اِفْتَعَلَ,roots-4662:خور:المحكم — المعاني,roots-4662:خور:مقاييس — المحور,roots-4662:خور:الأساس — المجاز,اخْتَارَ,APPROVED,,L2_017 haiku b21
AR07167,اسْتَوْلَىٰ,فعل,410,7535,أخذ بقوة,ولي,اِسْتَفْعَلَ,roots-4662:ولي:المحكم — المعاني,roots-4662:ولي:مقاييس — المحور,roots-4662:ولي:الأساس — المجاز,اسْتَوْلَىٰ,APPROVED,,L2_017 haiku b21
AR07168,اسْتِيلَاء,مصدر,410,7536,فعل الاستيلاء,ولي,اِسْتِفْعَالٌ,roots-4662:ولي:المحكم — المعاني,roots-4662:ولي:مقاييس — المحور,roots-4662:ولي:الأساس — المجاز,اسْتِيلَاء,APPROVED,,L2_017 haiku b21
AR07169,اغْتَنَمَ,فعل,410,15065,أخذ من مصدر,غنم,اِفْتَعَلَ,roots-4662:غنم:المحكم — المعاني,roots-4662:غنم:مقاييس — المحور,,اغْتَنَمَ,APPROVED,,L2_017 haiku b21
AR07171,اسْتَقْبَلَ,فعل,411,7537,أخذ موهوبا,قبل,اِسْتَفْعَلَ,roots-4662:قبل:المحكم — المعاني,roots-4662:قبل:مقاييس — المحور,roots-4662:قبل:الأساس — المجاز,اسْتَقْبَلَ,APPROVED,,L2_017 haiku b21
AR07172,قَبِلَ,فعل,411,7538,استقبل شيئا موهوبا,قبل,فَعِلَ,roots-4662:قبل:المحكم — المعاني,roots-4662:قبل:مقاييس — المحور,roots-4662:قبل:الأساس — المجاز,قَبِلَ,APPROVED,,L2_017 haiku b21
AR07173,اسْتِقْبَال,مصدر,411,10811,فعل التلقي,قبل,اِسْتِفْعَالٌ,roots-4662:قبل:المحكم — المعاني,roots-4662:قبل:مقاييس — المحور,roots-4662:قبل:الأساس — المجاز,اسْتِقْبَال,APPROVED,,L2_017 haiku b21
AR07174,نَبَّأَ,فعل,412,7540;7546;7551;7554;7739,علامة تحذير,نبء,فَعَّلَ,roots-4662:نبء:المحكم — المعاني,roots-4662:نبء:مقاييس — النص,roots-4662:نبء:الأساس — المجاز,نَبَّأَ,APPROVED,,L2_017 haiku b21 | FLAGS: ROOT_NORMALIZED
AR07175,نَبَأ,اسم جامد,412,7541,علامة حدث مهم,نبء,فَعَلٌ,roots-4662:نبء:المحكم — المعاني,roots-4662:نبء:مقاييس — النص,roots-4662:نبء:الأساس — المجاز,نَبَأ,APPROVED,,L2_017 haiku b21 | FLAGS: ROOT_NORMALIZED
AR07176,أَنْبَأَ,فعل,412,7543;7741,علامة على شيء,نبء,أَفْعَلَ,roots-4662:نبء:المحكم — المعاني,roots-4662:نبء:مقاييس — النص,roots-4662:نبء:الأساس — المجاز,أَنْبَأَ,APPROVED,,L2_017 haiku b21 | FLAGS: ROOT_NORMALIZED
AR07177,دَلَّ,فعل,412,7544,تحذير أو علامة,دلل,فَعَّلَ,roots-4662:دلل:المحكم — المعاني,roots-4662:دلل:مقاييس — المحور,roots-4662:دلل:الأساس — المجاز,دَلَّ,APPROVED,,L2_017 haiku b21 | FLAGS: WAZN_LEMMA_MISMATCH
AR07179,فَأْل,اسم جامد,412,7547;7548,فأل أو نذير,فءل,فَعْلٌ,v21:فأل:المحكم — المعاني,v21:فأل:مقاييس — النص,,فَأْل,APPROVED,,L2_017 haiku b21 | FLAGS: ROOT_NORMALIZED
AR07180,تَوَقَّعَ,فعل,412,7549,تنبيه مقدم,وقع,تَفَعَّلَ,roots-4662:وقع:المحكم — المعاني,roots-4662:وقع:مقاييس — المحور,roots-4662:وقع:الأساس — المجاز,تَوَقَّعَ,APPROVED,,L2_017 haiku b21
AR07181,تَفَاءَلَ,فعل,412,7550,نبأ بنتيجة,فءل,تَفَاعَلَ,v21:فأل:المحكم — المعاني,v21:فأل:مقاييس — النص,,تَفَاءَلَ,APPROVED,,L2_017 haiku b21 | FLAGS: ROOT_NORMALIZED
AR07182,نَحِس,صفة مشبهة,412,7552,يعطي انطباع سيء,نحس,فَعِيلٌ,roots-4662:نحس:المحكم — المعاني,roots-4662:نحس:مقاييس — المحور,,نَحِس,APPROVED,,L2_017 haiku b21
AR07183,نَذِير,اسم فاعل,412,7553,شخص ينبئ,نذر,فَعِيلٌ,roots-4662:نذر:المحكم — المعاني,roots-4662:نذر:مقاييس — المحور,,نَذِير,APPROVED,,L2_017 haiku b21
AR07184,تَنْبِيه,مصدر,412,7740,عرض إشارة,نبه,تَفْعِيلٌ,roots-4662:نبه:المحكم — المعاني,roots-4662:نبه:مقاييس — المحور,roots-4662:نبه:الأساس — المجاز,تَنْبِيه,APPROVED,,L2_017 haiku b21
AR07185,أَعْطَىٰ,فعل,412,10366,أسباب توقع جيد,عطي,أَفْعَلَ,,,,أَعْطَىٰ,APPROVED,,L2_017 haiku b21
AR07189,وَعْد,اسم جامد,412,13367,إشارة احتمال,وعد,فَعْلٌ,roots-4662:وعد:المحكم — المعاني,roots-4662:وعد:مقاييس — النص,roots-4662:وعد:الأساس — المجاز,وَعْد,APPROVED,,L2_017 haiku b21
AR07190,تَهَدَّدَ,فعل,412,14810,أشر إلى شيء سيء,هدد,تَفَعَّلَ,roots-4662:هدد:المحكم — المعاني,roots-4662:هدد:مقاييس — المحور,roots-4662:هدد:الأساس — المجاز,تَهَدَّدَ,APPROVED,,L2_017 haiku b21
AR07191,أَبْطَلَ,فعل,413,7563;7573,ممثل رئيسي,بطل,أَفْعَلَ,v21:بطل:المحكم — المعاني,v21:بطل:مقاييس — المحور,,أَبْطَلَ,APPROVED,,L2_017 haiku b21
AR07192,مَثَّلَ,فعل,413,7564;7565;7566,أداء دور خيالي,ثيل,فَعَّلَ,v21:ثيل:المحكم — المعاني,v21:ثيل:مقاييس — النص,,مَثَّلَ,APPROVED,,L2_017 haiku b21
AR07193,نَجْم,اسم جامد,413,7569,ممثل مهم,نجم,فَعْلٌ,roots-4662:نجم:المحكم — المعاني,roots-4662:نجم:مقاييس — المحور,roots-4662:نجم:الأساس — المجاز,نَجْم,APPROVED,,L2_017 haiku b21
AR07194,نَجْم مُشَارِك,تركيب,413,7570,ممثل بأهمية متساوية,,,,,,نَجْم مُشَارِك,APPROVED,,L2_017 haiku b21
AR07196,دَوْر رَئِيسِي,تركيب,413,7572,الدور الرئيسي,,,,,,دَوْر رَئِيسِي,APPROVED,,L2_017 haiku b21
AR07197,مُمَثِّلًا عَن,تركيب,413,7574,تمثيل دور,,,,,,مُمَثِّلًا عَن,APPROVED,,L2_017 haiku b21
AR07201,دَوْر,اسم جامد,413,13931;14015,دور ممثل,دور,فَعْلٌ,roots-4662:دور:المحكم — المعاني,roots-4662:دور:مقاييس — المحور,,دَوْر,APPROVED,,L2_017 haiku b21
AR07202,كَسَّرَ,فعل,414,7578;7581;7584,فصل العامل المتأثر إلى أجزاء متعددة.,كسر,فَعَّلَ,roots-4662:كسر:المحكم — المعاني,roots-4662:كسر:مقاييس — المحور,roots-4662:كسر:الأساس — المجاز,كَسَّرَ,APPROVED,,L2_017 haiku b22
AR07203,مَزَّقَ,فعل,414,7579;7587;7588;7589;7591,فصل الشيء إلى قطع صغيرة بقوة.,مزق,فَعَّلَ,roots-4662:مزق:المحكم — المعاني,roots-4662:مزق:مقاييس — المحور,roots-4662:مزق:الأساس — المجاز,مَزَّقَ,APPROVED,,L2_017 haiku b22
AR07204,انكَسَرَ,فعل,414,7580,انفصل الشيء بعد تطبيق ضغط عليه.,كسر,اِنْفَعَلَ,roots-4662:كسر:المحكم — المعاني,roots-4662:كسر:مقاييس — المحور,roots-4662:كسر:الأساس — المجاز,انكَسَرَ,APPROVED,,L2_017 haiku b22
AR07206,فَتَّتَ,فعل,414,7583,كسر الشيء إلى قطع طويلة رقيقة.,فتت,فَعَّلَ,roots-4662:فتت:المحكم — المعاني,roots-4662:فتت:مقاييس — المحور,,فَتَّتَ,APPROVED,,L2_017 haiku b22
AR07208,فَصَّلَ,فعل,414,7593;12093,فصل الشيء بطريقة منهجية.,فصل,فَعَّلَ,roots-4662:فصل:المحكم — المعاني,roots-4662:فصل:مقاييس — النص,,فَصَّلَ,APPROVED,,L2_017 haiku b22
AR07209,انفَصَلَ,فعل,414,12089;12090,تباعد أجزاء الشيء بقوة.,فصل,اِنْفَعَلَ,roots-4662:فصل:المحكم — المعاني,roots-4662:فصل:مقاييس — النص,,انفَصَلَ,APPROVED,,L2_017 haiku b22
AR07210,فَكَّكَ,فعل,414,12091;12098,فصل أجزاء الشيء المركب.,فكك,فَعَّلَ,roots-4662:فكك:المحكم — المعاني,roots-4662:فكك:مقاييس — المحور,roots-4662:فكك:الأساس — المجاز,فَكَّكَ,APPROVED,,L2_017 haiku b22
AR07211,كَسَرَ,فعل,414,12092,انقطع قطعة من الشيء الصلب.,كسر,فَعَلَ,roots-4662:كسر:المحكم — المعاني,roots-4662:كسر:مقاييس — المحور,roots-4662:كسر:الأساس — المجاز,كَسَرَ,APPROVED,,L2_017 haiku b22
AR07212,ذَابَ,فعل,414,12094,انفصل الصلب في السائل.,ذوب,فَعَلَ,roots-4662:ذوب:المحكم — المعاني,roots-4662:ذوب:مقاييس — المحور,roots-4662:ذوب:الأساس — المجاز,ذَابَ,APPROVED,,L2_017 haiku b22
AR07213,قَطَّعَ,فعل,414,12096,قطع الشيء إلى شرائح رقيقة.,قطع,فَعَّلَ,roots-4662:قطع:المحكم — المعاني,roots-4662:قطع:مقاييس — المحور,roots-4662:قطع:الأساس — المجاز,قَطَّعَ,APPROVED,,L2_017 haiku b22
AR07215,شَوَّهَ,فعل,415,7595;7596,ألحق ضررا بسطح الشيء.,شوه,فَعَّلَ,v21:شوه:المحكم — المعاني,,v21:شوه:الأساس — المجاز,شَوَّهَ,APPROVED,,L2_017 haiku b22
AR07216,نَقَرَ,فعل,415,7597,أحدث حزا صغيرا في الشيء.,نقر,فَعَلَ,roots-4662:نقر:المحكم — المعاني,roots-4662:نقر:مقاييس — المحور,roots-4662:نقر:الأساس — المجاز,نَقَرَ,APPROVED,,L2_017 haiku b22
AR07219,خَدَشَ,فعل,415,7605;7607;7609,أحدث خطوطا في سطح الشيء.,خدش,فَعَلَ,roots-4662:خدش:المحكم — المعاني,roots-4662:خدش:مقاييس — المحور,roots-4662:خدش:الأساس — المجاز,خَدَشَ,APPROVED,,L2_017 haiku b22
AR07220,كَسَرَ,فعل,415,7606,فصل قطعة صغيرة من الشيء.,كسر,فَعَلَ,roots-4662:كسر:المحكم — المعاني,roots-4662:كسر:مقاييس — المحور,roots-4662:كسر:الأساس — المجاز,كَسَرَ,APPROVED,,L2_017 haiku b22
AR07221,خَرَّبَ,فعل,415,7608,ألحق ضررا متعمدا لإعاقة عملية.,خرب,فَعَّلَ,roots-4662:خرب:المحكم — المعاني,roots-4662:خرب:مقاييس — المحور,roots-4662:خرب:الأساس — المجاز,خَرَّبَ,APPROVED,,L2_017 haiku b22
AR07222,تَخْرِيب,اسم مصدر,415,7610,عملية الإضرار المتعمد بالممتلكات.,خرب,تَفْعِيلٌ,roots-4662:خرب:المحكم — المعاني,roots-4662:خرب:مقاييس — المحور,roots-4662:خرب:الأساس — المجاز,تَخْرِيب,APPROVED,,L2_017 haiku b22
AR07223,مَزَّقَ,فعل,415,11161;11162;11494,فصل الشيء بقوة إلى أجزاء.,مزق,فَعَّلَ,roots-4662:مزق:المحكم — المعاني,roots-4662:مزق:مقاييس — المحور,roots-4662:مزق:الأساس — المجاز,مَزَّقَ,APPROVED,,L2_017 haiku b22
AR07226,دَمَّرَ,فعل,416,8463,جعل الشيء غير قابل للعمل.,دمر,فَعَّلَ,roots-4662:دمر:المحكم — المعاني,roots-4662:دمر:مقاييس — المحور,roots-4662:دمر:الأساس — المجاز,دَمَّرَ,APPROVED,,L2_017 haiku b22
AR07228,أَفْسَدَ,فعل,416,8465,جعل الشيء عديم الفائدة تماما.,فسد,أَفْعَلَ,roots-4662:فسد:المحكم — المعاني,roots-4662:فسد:مقاييس — النص,,أَفْسَدَ,APPROVED,,L2_017 haiku b22
AR07229,شَلَّ,فعل,416,14977,جعل الشيء عاجزا عن الحركة.,شلل,فَعَّلَ,v21:شلل:المحكم — المعاني,v21:شلل:مقاييس — المحور,v21:شلل:الأساس — المجاز,شَلَّ,APPROVED,,L2_017 haiku b22 | FLAGS: WAZN_LEMMA_MISMATCH
AR07230,هَدَّمَ,فعل,417,7619;7621;7634,دمر المباني بالنار.,هدم,فَعَّلَ,roots-4662:هدم:المحكم — المعاني,roots-4662:هدم:مقاييس — المحور,roots-4662:هدم:الأساس — المجاز,هَدَّمَ,APPROVED,,L2_017 haiku b22
AR07231,فَسَدَ,فعل,417,7620,أزال البناء أو الهيكل.,فسد,فَعَلَ,roots-4662:فسد:المحكم — المعاني,roots-4662:فسد:مقاييس — النص,,فَسَدَ,APPROVED,,L2_017 haiku b22
AR07232,دَمَّرَ,فعل,417,7622;7626,ألحق قوة لإزالة الشيء.,دمر,فَعَّلَ,roots-4662:دمر:المحكم — المعاني,roots-4662:دمر:مقاييس — المحور,roots-4662:دمر:الأساس — المجاز,دَمَّرَ,APPROVED,,L2_017 haiku b22
AR07233,مَحَا,فعل,417,7623,دمر الشيء تماما وأزاله.,محو,فَعَلَ,roots-4662:محو:المحكم — المعاني,roots-4662:محو:مقاييس — المحور,,مَحَا,APPROVED,,L2_017 haiku b22
AR07234,محْو,اسم مصدر,417,7624,عملية إزالة الشيء كاملا.,محو,فَعْلٌ,roots-4662:محو:المحكم — المعاني,roots-4662:محو:مقاييس — المحور,,محْو,APPROVED,,L2_017 haiku b22
AR07235,تَدْمِير,اسم مصدر,417,7625;7627,حدث إزالة الشيء بالكامل.,دمر,تَفْعِيلٌ,roots-4662:دمر:المحكم — المعاني,roots-4662:دمر:مقاييس — المحور,roots-4662:دمر:الأساس — المجاز,تَدْمِير,APPROVED,,L2_017 haiku b22
AR07237,أَفْنَى,فعل,417,7629,دمر الشيء بالكامل تماما.,فني,أَفْعَلَ,roots-4662:فني:المحكم — المعاني,roots-4662:فني:مقاييس — النص,,أَفْنَى,APPROVED,,L2_017 haiku b22
AR07238,فَنَاء,اسم مصدر,417,7630,الدمار الكامل والتام.,فني,فَعَالٍ,roots-4662:فني:المحكم — المعاني,roots-4662:فني:مقاييس — النص,,فَنَاء,APPROVED,,L2_017 haiku b22
AR07239,خَرَّبَ,فعل,417,7633;17612,دمر المباني والحقول.,خرب,فَعَّلَ,roots-4662:خرب:المحكم — المعاني,roots-4662:خرب:مقاييس — المحور,roots-4662:خرب:الأساس — المجاز,خَرَّبَ,APPROVED,,L2_017 haiku b22
AR07240,هَدْم,اسم مصدر,417,7635,عملية تحطيم المباني.,هدم,فَعْلٌ,roots-4662:هدم:المحكم — المعاني,roots-4662:هدم:مقاييس — المحور,roots-4662:هدم:الأساس — المجاز,هَدْم,APPROVED,,L2_017 haiku b22
AR07241,فَكَّكَ,فعل,417,7648,فصل أجزاء الشيء.,فكك,فَعَّلَ,roots-4662:فكك:المحكم — المعاني,roots-4662:فكك:مقاييس — المحور,roots-4662:فكك:الأساس — المجاز,فَكَّكَ,APPROVED,,L2_017 haiku b22
AR07242,تَفْكِيك,اسم مصدر,417,11594,عملية فصل الشيء عن أجزاءه.,فكك,تَفْعِيلٌ,roots-4662:فكك:المحكم — المعاني,roots-4662:فكك:مقاييس — المحور,roots-4662:فكك:الأساس — المجاز,تَفْكِيك,APPROVED,,L2_017 haiku b22
AR07243,مُدَمِّر,صفة مشبهة,417,13919,الذي يسبب التدمير.,دمر,مُفَعِّلٌ,roots-4662:دمر:المحكم — المعاني,roots-4662:دمر:مقاييس — المحور,roots-4662:دمر:الأساس — المجاز,مُدَمِّر,APPROVED,,L2_017 haiku b22
AR07244,فَجَّرَ,فعل,417,14692;16801,دمر الشيء بانفجار.,فجر,فَعَّلَ,roots-4662:فجر:المحكم — المعاني,roots-4662:فجر:مقاييس — المحور,roots-4662:فجر:الأساس — المجاز,فَجَّرَ,APPROVED,,L2_017 haiku b22
AR07245,أَزَالَ,فعل,417,16450,أوقف وحطم الشيء.,زيل,أَفْعَلَ,roots-4662:زيل:المحكم — المعاني,roots-4662:زيل:مقاييس — النص,,أَزَالَ,APPROVED,,L2_017 haiku b22
AR07250,تَواطُؤ,اسم جامد,418,7642,اتفاق سري على تآمر.,وطء,تَفَاعُلٌ,roots-4662:وطء:المحكم — المعاني,roots-4662:وطء:مقاييس — المحور,,تَواطُؤ,APPROVED,,L2_017 haiku b22
AR07253,زَمِيل,اسم جامد,418,7646,شخص يعمل معه في مشروع.,زمل,فَعِيلٌ,roots-4662:زمل:المحكم — المعاني,roots-4662:زمل:مقاييس — المحور,,زَمِيل,APPROVED,,L2_017 haiku b22
AR07256,تَوَاطَأَ,فعل,418,7715,اتفق سرا على غش.,وطء,تَفَاعَلَ,roots-4662:وطء:المحكم — المعاني,roots-4662:وطء:مقاييس — المحور,,تَوَاطَأَ,APPROVED,,L2_017 haiku b22
AR07257,تَوَاطُؤ,اسم جامد,418,7716,تعاون سري للخداع.,وطء,تَفَاعُلٌ,roots-4662:وطء:المحكم — المعاني,roots-4662:وطء:مقاييس — المحور,,تَوَاطُؤ,APPROVED,,L2_017 haiku b22
AR07258,تَفَرَّقَ,فعل,418,8444,اجتمع فريق لتحقيق هدف.,فرق,تَفَعَّلَ,roots-4662:فرق:المحكم — المعاني,roots-4662:فرق:مقاييس — المحور,roots-4662:فرق:الأساس — المجاز,تَفَرَّقَ,APPROVED,,L2_017 haiku b22
AR07259,مُرْتَبِط,اسم مفعول,418,13441,متصل بمنظمة أو جهة.,ربط,مُفْتَعِلٌ,roots-4662:ربط:المحكم — المعاني,roots-4662:ربط:مقاييس — المحور,roots-4662:ربط:الأساس — المجاز,مُرْتَبِط,APPROVED,,L2_017 haiku b22
AR07261,مَعاً,ظرف,418,14706;15232,بطريقة تعاونية مع الآخرين.,,,,,,مَعاً,APPROVED,,L2_017 haiku b22 | FLAGS: ROOT_MISSING;WAZN_MISSING
AR07264,خَيْط,اسم جامد,419,7670,خيط رقيق للخياطة.,خيط,فَعْلٌ,roots-4662:خيط:المحكم — المعاني,roots-4662:خيط:مقاييس — المحور,roots-4662:خيط:الأساس — المجاز,خَيْط,APPROVED,,L2_017 haiku b22
AR07265,سِلْسِلَة,اسم جامد,419,7673,سلسلة معدنية للربط.,سلس,فِعْلِيلَةٌ,roots-4662:سلس:المحكم — المعاني,roots-4662:سلس:مقاييس — المحور,roots-4662:سلس:الأساس — المجاز,سِلْسِلَة,APPROVED,,L2_017 haiku b22 | FLAGS: WAZN_LEMMA_MISMATCH
AR07266,قَيْد,اسم جامد,419,7674,قيود لتقييد السجين.,قيد,فَعْلٌ,roots-4662:قيد:المحكم — المعاني,roots-4662:قيد:مقاييس — النص,,قَيْد,APPROVED,,L2_017 haiku b22
AR07267,غِرَاء,اسم جامد,419,7676;7678,مادة لاصقة للربط.,غري,فِعَالٌ,,,,غِرَاء,APPROVED,,L2_017 haiku b22
AR07268,مِسْمَار,اسم جامد,419,7679;7681,مسمار بلولب للربط.,سمر,فِعْلالٌ (رباعي),roots-4662:سمر:المحكم — المعاني,roots-4662:سمر:مقاييس — المحور,roots-4662:سمر:الأساس — المجاز,مِسْمَار,APPROVED,,L2_017 haiku b22 | FLAGS: WAZN_LEMMA_MISMATCH
AR07269,صَامُولَة,اسم جامد,419,7680,قطعة معدنية لللولب دخيل.,,,,,,صَامُولَة,APPROVED,,L2_017 haiku b22 | FLAGS: ROOT_MISSING;WAZN_MISSING
AR07270,وَتِد,اسم جامد,419,7682,وتد لتثبيت الأشياء.,وتد,فَعِلٌ,roots-4662:وتد:المحكم — المعاني,roots-4662:وتد:مقاييس — النص,roots-4662:وتد:الأساس — المجاز,وَتِد,APPROVED,,L2_017 haiku b22
AR07272,دَبُّوس,اسم جامد,419,7684,دبوس رفيع حاد دخيل.,,,,,,دَبُّوس,APPROVED,,L2_017 haiku b22 | FLAGS: ROOT_MISSING;WAZN_MISSING
AR07274,غِصْن,اسم جامد,419,7691,غصن مرن للربط.,غصن,فِعْلٌ,roots-4662:غصن:المحكم — المعاني,roots-4662:غصن:مقاييس — النص,,غِصْن,APPROVED,,L2_017 haiku b22
AR07275,رِبَاط,اسم جامد,419,7693;7694;7695,حبل أو شريط للربط.,ربط,فِعَالٌ,roots-4662:ربط:المحكم — المعاني,roots-4662:ربط:مقاييس — المحور,roots-4662:ربط:الأساس — المجاز,رِبَاط,APPROVED,,L2_017 haiku b22
AR07276,سِلْك,اسم جامد,419,7696,سلك معدني رقيق.,سلك,فِعْلٌ,roots-4662:سلك:المحكم — المعاني,roots-4662:سلك:مقاييس — المحور,roots-4662:سلك:الأساس — المجاز,سِلْك,APPROVED,,L2_017 haiku b22
AR07277,لَوْلَب,اسم جامد,419,7697,لولب حلزوني معدني.,لوب,فَعْلَلٌ,roots-4662:لوب:المحكم — المعاني,roots-4662:لوب:مقاييس — المحور,roots-4662:لوب:الأساس — المجاز,لَوْلَب,APPROVED,,L2_017 haiku b22
AR07279,مُوصِل,اسم فاعل,419,13667,ما يربط الأشياء معا.,وصل,مُفْعِلٌ,roots-4662:وصل:المحكم — المعاني,roots-4662:وصل:مقاييس — المحور,,مُوصِل,APPROVED,,L2_017 haiku b22
AR07280,سِمَة,اسم جامد,419,16250,حبال ربط حرث الحصان.,سمت,فِعْلَةٌ,roots-4662:سمت:المحكم — المعاني,roots-4662:سمت:مقاييس — المحور,,سِمَة,APPROVED,,L2_017 haiku b22 | FLAGS: WAZN_LEMMA_MISMATCH
AR07282,مَنْطِقَة,اسم جامد,420,7662,منطقة معزولة متأخرة.,نطق,فَعْلَةٌ,roots-4662:نطق:المحكم — المعاني,roots-4662:نطق:مقاييس — المحور,roots-4662:نطق:الأساس — المجاز,مَنْطِقَة,APPROVED,,L2_017 haiku b22 | FLAGS: WAZN_LEMMA_MISMATCH
AR07283,غَابَة,اسم جامد,420,7663,منطقة غابات نائية.,غيب,,roots-4662:غيب:المحكم — المعاني,roots-4662:غيب:مقاييس — المحور,roots-4662:غيب:الأساس — المجاز,غَابَة,APPROVED,فَاعَة,L2_017 haiku b22 | FLAGS: WAZN_NOT_IN_INV
AR07285,مَنْسِيّ,اسم منسوب,420,7685,مكان معزول لا يحظى بالاهتمام.,نسي,مَفْعُولٌ,roots-4662:نسي:المحكم — المعاني,roots-4662:نسي:مقاييس — المحور,,مَنْسِيّ,APPROVED,,L2_017 haiku b22
AR07286,نَائِي,صفة مشبهة,420,7686,مكان بعيد عن التطور.,نوي,فَاعِلٌ,,roots-4662:نوي:مقاييس — المحور,roots-4662:نوي:الأساس — المجاز,نَائِي,APPROVED,,L2_017 haiku b22
AR07287,رِيف,اسم جامد,420,7688;7692,منطقة ريفية معزولة.,ريف,فِعْلٌ,roots-4662:ريف:المحكم — المعاني,roots-4662:ريف:مقاييس — المحور,,رِيف,APPROVED,,L2_017 haiku b22
AR07288,داخِل,اسم جامد,420,7689,منطقة داخلية معزولة.,دخل,فَاعِلٌ,roots-4662:دخل:المحكم — المعاني,roots-4662:دخل:مقاييس — المحور,,داخِل,APPROVED,,L2_017 haiku b22
AR07289,نَائِي,ظرف,420,18383,مكان معزول صعب الوصول.,,,,,,نَائِي,APPROVED,,L2_017 haiku b22 | FLAGS: ROOT_MISSING;WAZN_MISSING
AR07291,تِقْنِيَّة,اسم منسوب,421,11662;11663,منتج من ابتكار الإنسان.,تقن,فِعْلِيٌّ,v21:تقن:المحكم — المعاني,v21:تقن:مقاييس — المحور,,تِقْنِيَّة,APPROVED,,L2_017 haiku b22
AR07293,لَوحَة,اسم جامد,421,16596,لوحة تحكم بمفاتيح وأزرار.,لوح,فَعْلَةٌ,roots-4662:لوح:المحكم — المعاني,roots-4662:لوح:مقاييس — النص,roots-4662:لوح:الأساس — المجاز,لَوحَة,APPROVED,,L2_017 haiku b22
AR07294,لَوح,اسم جامد,421,16606,لوح طويل مسطح للاستعمال.,لوح,فَعْلٌ,roots-4662:لوح:المحكم — المعاني,roots-4662:لوح:مقاييس — النص,roots-4662:لوح:الأساس — المجاز,لَوح,APPROVED,,L2_017 haiku b22
AR07295,لِعْبَة,اسم جامد,421,16607,لوح مرسوم لتطبيق اللعبة.,لعب,فِعْلَةٌ,roots-4662:لعب:المحكم — المعاني,roots-4662:لعب:مقاييس — المحور,roots-4662:لعب:الأساس — المجاز,لِعْبَة,APPROVED,,L2_017 haiku b22
AR07296,ملعقة,اسم جامد,421,18620,أداة معدنية لرفع ونشر.,ملع,فِعْلَةٌ,roots-4662:ملع:المحكم — المعاني,roots-4662:ملع:مقاييس — المحور,,ملعقة,APPROVED,,L2_017 haiku b22 | FLAGS: UNVOCALIZED;WAZN_LEMMA_MISMATCH
AR07297,خَفَّاقَة,اسم جامد,421,18621,أداة لخفق أو ضرب المواد.,خفق,فَعَّالَةٌ,roots-4662:خفق:المحكم — المعاني,roots-4662:خفق:مقاييس — المحور,,خَفَّاقَة,APPROVED,,L2_017 haiku b22
AR07298,حَوض,اسم جامد,421,18622,حوض للاستحمام.,حوض,فَعْلٌ,v21:حوض:المحكم — المعاني,v21:حوض:مقاييس — النص,v21:حوض:الأساس — المجاز,حَوض,APPROVED,,L2_017 haiku b22
AR07299,مُؤَقِّت,اسم فاعل,421,18624,جهاز لقياس الوقت المنقضي.,وقت,مُفَعِّلٌ,roots-4662:وقت:المحكم — المعاني,roots-4662:وقت:مقاييس — المحور,,مُؤَقِّت,APPROVED,,L2_017 haiku b22
AR07300,فِرْن,اسم جامد,421,18625,فرن للخبز والشوي.,فرن,فِعْلٌ,v21:فرن:المحكم — المعاني,,,فِرْن,APPROVED,,L2_017 haiku b22
AR07301,هَاتِف,اسم جامد,421,18626,جهاز لنقل الصوت بعد.,هتف,فَاعِلٌ,roots-4662:هتف:المحكم — المعاني,roots-4662:هتف:مقاييس — النص,,هَاتِف,APPROVED,,L2_017 haiku b22
AR07302,نَقَلَ,فعل,422,7698,نقل البضاعة بين وسائل نقل.,نقل,فَعَلَ,roots-4662:نقل:المحكم — المعاني,roots-4662:نقل:مقاييس — المحور,roots-4662:نقل:الأساس — المجاز,نَقَلَ,APPROVED,,L2_017 haiku b22
AR07304,مُسْتَوْرِد,اسم فاعل,422,7704,من يحرك البضاعة إلى المنطقة.,ورد,مُفْتَعِلٌ,roots-4662:ورد:المحكم — المعاني,roots-4662:ورد:مقاييس — المحور,roots-4662:ورد:الأساس — المجاز,مُسْتَوْرِد,APPROVED,,L2_017 haiku b22
AR07305,نَقْل,اسم مصدر,422,7712,نقل البضاعة بين السفن.,نقل,فَعْلٌ,roots-4662:نقل:المحكم — المعاني,roots-4662:نقل:مقاييس — المحور,roots-4662:نقل:الأساس — المجاز,نَقْل,APPROVED,,L2_017 haiku b22
AR07307,أَخْضَر,صفة مشبهة,423,7725,لون كلون العشب.,خضر,أَفْعَلُ,roots-4662:خضر:المحكم — المعاني,roots-4662:خضر:مقاييس — المحور,roots-4662:خضر:الأساس — المجاز,أَخْضَر,APPROVED,,L2_017 haiku b22
AR07309,أَرْجَوَاني,صفة مشبهة,423,7727,لون أحمر براق دخيل.,,,,,,أَرْجَوَاني,APPROVED,,L2_017 haiku b22 | FLAGS: ROOT_MISSING;WAZN_MISSING
AR07310,أَسْوَد,صفة مشبهة,423,7728;7737;17260,لون أسود داكن جدا.,سود,أَفْعَلُ,roots-4662:سود:المحكم — المعاني,roots-4662:سود:مقاييس — المحور,roots-4662:سود:الأساس — المجاز,أَسْوَد,APPROVED,,L2_017 haiku b22
AR07311,بَنَفْسَجِيّ,اسم منسوب,423,7729;7734,لون بين الأحمر والأزرق دخيل.,,,,,,بَنَفْسَجِيّ,APPROVED,,L2_017 haiku b22 | FLAGS: ROOT_MISSING;WAZN_MISSING
AR07312,أَزْرَق,صفة مشبهة,423,7730,لون السماء الصافية.,زرق,أَفْعَلُ,roots-4662:زرق:المحكم — المعاني,,roots-4662:زرق:الأساس — المجاز,أَزْرَق,APPROVED,,L2_017 haiku b22
AR07313,بُرْتُقَالِيّ,اسم منسوب,423,7731,لون أحمر مصفّر دخيل.,,,,,,بُرْتُقَالِيّ,APPROVED,,L2_017 haiku b22 | FLAGS: ROOT_MISSING;WAZN_MISSING
AR07316,رَمَادِيّ,اسم منسوب,423,7736,لون بين الأسود والأبيض.,رمد,فَعَالِيٌّ,roots-4662:رمد:المحكم — المعاني,roots-4662:رمد:مقاييس — المحور,roots-4662:رمد:الأساس — المجاز,رَمَادِيّ,APPROVED,,L2_017 haiku b22
AR07318,وَرْدِيّ,اسم منسوب,423,7757,لون أحمر فاتح جدا.,ورد,فَعْلِيٌّ,roots-4662:ورد:المحكم — المعاني,roots-4662:ورد:مقاييس — المحور,roots-4662:ورد:الأساس — المجاز,وَرْدِيّ,APPROVED,,L2_017 haiku b22
AR07319,قِرْمِزِيّ,اسم منسوب,423,8073;8173,لون أحمر غني وعميق دخيل.,,,,,,قِرْمِزِيّ,APPROVED,,L2_017 haiku b22 | FLAGS: ROOT_MISSING;WAZN_MISSING
AR07320,كَرَمِزِيّ,اسم منسوب,423,8074,لون أحمر بنفسجي دخيل.,,,,,,كَرَمِزِيّ,APPROVED,,L2_017 haiku b22 | FLAGS: ROOT_MISSING;WAZN_MISSING
AR07321,فيروزيّ,اسم منسوب,423,8075,لون أزرق مخضّر دخيل.,,,,,,فيروزيّ,APPROVED,,L2_017 haiku b22 | FLAGS: ROOT_MISSING;WAZN_MISSING
AR07322,سَمَاوِيّ,اسم منسوب,423,8076,لون أزرق فاتح.,سمو,فَعَالِيٌّ,roots-4662:سمو:المحكم — المعاني,roots-4662:سمو:مقاييس — المحور,roots-4662:سمو:الأساس — المجاز,سَمَاوِيّ,APPROVED,,L2_017 haiku b22
AR07323,بَيْجِيّ,اسم منسوب,423,8139,لون رملي فاتح دخيل.,,,,,,بَيْجِيّ,APPROVED,,L2_017 haiku b22 | FLAGS: ROOT_MISSING;WAZN_MISSING
AR07324,بِنَفْسَجِيّ,اسم منسوب,423,8170,لون أرجواني فاتح دخيل.,,,,,,بِنَفْسَجِيّ,APPROVED,,L2_017 haiku b22 | FLAGS: ROOT_MISSING;WAZN_MISSING
AR07325,كَاكِيّ,اسم منسوب,423,8171;8172,لون بني محمّر دخيل.,,,,,,كَاكِيّ,APPROVED,,L2_017 haiku b22 | FLAGS: ROOT_MISSING;WAZN_MISSING
AR07327,نِيلِيّ,اسم منسوب,423,18390,لون بين الأزرق والبنفسج دخيل.,,,,,,نِيلِيّ,APPROVED,,L2_017 haiku b22 | FLAGS: ROOT_MISSING;WAZN_MISSING
AR07328,هَاجَمَ,فعل,424,7742,شنّ هجوما عدواني.,هجم,فَاعَلَ,roots-4662:هجم:المحكم — المعاني,roots-4662:هجم:مقاييس — المحور,roots-4662:هجم:الأساس — المجاز,هَاجَمَ,APPROVED,,L2_017 haiku b22
AR07329,اعْتَدَى,فعل,424,7743;11876,شنّ اعتداء عنيفا.,عدي,اِفْتَعَلَ,,,,اعْتَدَى,APPROVED,,L2_017 haiku b22
AR07330,اعْتِدَاء,اسم جامد,424,7744,حملة هجوم عنيفة.,عدي,اِفْتِعَالٌ,,,,اعْتِدَاء,APPROVED,,L2_017 haiku b22
AR07331,هُجُوم,اسم جامد,424,7745;7760,حدث الهجوم أو الاعتداء.,هجم,فُعُولٌ,roots-4662:هجم:المحكم — المعاني,roots-4662:هجم:مقاييس — المحور,roots-4662:هجم:الأساس — المجاز,هُجُوم,APPROVED,,L2_017 haiku b22
AR07332,انقَضَّ,فعل,424,7746;7767;7768,انقضّ بقوة على الهدف.,قضض,,roots-4662:قضض:المحكم — المعاني,roots-4662:قضض:مقاييس — المحور,,انقَضَّ,APPROVED,اِنْفَعَّلَ,L2_017 haiku b22 | FLAGS: WAZN_LEMMA_MISMATCH;WAZN_NOT_IN_INV
AR07333,اقْتِحَام,اسم مصدر,424,7758,هجوم أو غزو مفاجئ.,قحم,اِفْتِعَالٌ,roots-4662:قحم:المحكم — المعاني,roots-4662:قحم:مقاييس — المحور,roots-4662:قحم:الأساس — المجاز,اقْتِحَام,APPROVED,,L2_017 haiku b22
AR07336,انقِضَاض,اسم مصدر,424,7763,هجوم شرس ومدمّر.,قضض,اِنْفِعَالٌ,roots-4662:قضض:المحكم — المعاني,roots-4662:قضض:مقاييس — المحور,,انقِضَاض,APPROVED,,L2_017 haiku b22
AR07339,اقْتَحَمَ,فعل,424,7769,هاجم واستولى على المكان.,قحم,اِفْتَعَلَ,roots-4662:قحم:المحكم — المعاني,roots-4662:قحم:مقاييس — المحور,roots-4662:قحم:الأساس — المجاز,اقْتَحَمَ,APPROVED,,L2_017 haiku b22
AR07341,كَمَنَ,فعل,424,7771,هاجم بغتة من كمين.,كمن,فَعَلَ,roots-4662:كمن:المحكم — المعاني,roots-4662:كمن:مقاييس — المحور,roots-4662:كمن:الأساس — المجاز,كَمَنَ,APPROVED,,L2_017 haiku b22
AR07342,كَمِين,اسم جامد,424,7772,هجوم مباغت من مكان ما.,كمن,فَعِيلٌ,roots-4662:كمن:المحكم — المعاني,roots-4662:كمن:مقاييس — المحور,roots-4662:كمن:الأساس — المجاز,كَمِين,APPROVED,,L2_017 haiku b22
AR07343,قَفَزَ,فعل,424,7773,هاجم فجأة بلا توقع.,قفز,فَعَلَ,roots-4662:قفز:المحكم — المعاني,roots-4662:قفز:مقاييس — المحور,roots-4662:قفز:الأساس — المجاز,قَفَزَ,APPROVED,,L2_017 haiku b22
AR07344,غَارَ,فعل,424,11878,قام بغارة مفاجئة.,غير,فَاعَلَ,roots-4662:غير:المحكم — المعاني,roots-4662:غير:مقاييس — المحور,roots-4662:غير:الأساس — المجاز,غَارَ,APPROVED,,L2_017 haiku b22
AR07345,قَصَفَ,فعل,424,12379;16803,هاجم بالقنابل.,قصف,فَعَلَ,roots-4662:قصف:المحكم — المعاني,roots-4662:قصف:مقاييس — المحور,roots-4662:قصف:الأساس — المجاز,قَصَفَ,APPROVED,,L2_017 haiku b22
AR07346,قَصْف,اسم مصدر,424,12380;16802,عملية الهجوم بالقنابل.,قصف,فَعْلٌ,roots-4662:قصف:المحكم — المعاني,roots-4662:قصف:مقاييس — المحور,roots-4662:قصف:الأساس — المجاز,قَصْف,APPROVED,,L2_017 haiku b22
AR07347,غَارَة,اسم جامد,424,12781,هجوم مفاجئ سريع.,غير,,roots-4662:غير:المحكم — المعاني,roots-4662:غير:مقاييس — المحور,roots-4662:غير:الأساس — المجاز,غَارَة,APPROVED,فَاعَة,L2_017 haiku b22 | FLAGS: WAZN_NOT_IN_INV
AR07348,مُهَاجِم,اسم فاعل,424,13355,من يشنّ الهجوم.,هجم,مُفَاعِلٌ,roots-4662:هجم:المحكم — المعاني,roots-4662:هجم:مقاييس — المحور,roots-4662:هجم:الأساس — المجاز,مُهَاجِم,APPROVED,,L2_017 haiku b22
AR07349,هُجُومِيّ,اسم منسوب,424,13750,متعلق بعملية الهجوم.,هجم,فُعُولِيٌّ,roots-4662:هجم:المحكم — المعاني,roots-4662:هجم:مقاييس — المحور,roots-4662:هجم:الأساس — المجاز,هُجُومِيّ,APPROVED,,L2_017 haiku b22
AR07350,تَسَلَّلَ,فعل,424,14710,تسلل بنية التجسس.,سلل,تَفَعَّلَ,roots-4662:سلل:المحكم — المعاني,roots-4662:سلل:مقاييس — المحور,,تَسَلَّلَ,APPROVED,,L2_017 haiku b22
AR07351,تَسَلُّل,اسم جامد,424,14711,عملية التسلل الخفي.,سلل,تَفَعُّلٌ,roots-4662:سلل:المحكم — المعاني,roots-4662:سلل:مقاييس — المحور,,تَسَلُّل,APPROVED,,L2_017 haiku b22
AR07352,نَار,اسم جامد,424,16541;16608;16609;16610,هجوم بأسلحة نارية.,نور,فَعَلٌ,roots-4662:نور:المحكم — المعاني,roots-4662:نور:مقاييس — المحور,,نَار,APPROVED,,L2_017 haiku b22
AR07354,غَزْوَة,اسم جامد,424,16746,هجوم بالطائرات.,غزو,,roots-4662:غزو:المحكم — المعاني,roots-4662:غزو:مقاييس — النص,roots-4662:غزو:الأساس — المجاز,غَزْوَة,APPROVED,فَعْوَة,L2_017 haiku b22 | FLAGS: WAZN_NOT_IN_INV
AR07355,مُعْتَدٍ,اسم فاعل,424,16772,من يشنّ الهجوم.,عدي,مُفْتَعِلٌ,,,,مُعْتَدٍ,APPROVED,,L2_017 haiku b22
AR07356,تَنَبَّأَ,فعل,425,7747;7749;7750;7751;8251,أعلن حدثا مستقبليا.,نبء,تَفَعَّلَ,roots-4662:نبء:المحكم — المعاني,roots-4662:نبء:مقاييس — النص,roots-4662:نبء:الأساس — المجاز,تَنَبَّأَ,APPROVED,,L2_017 haiku b22
AR07357,تَفَائَلَ,فعل,425,7748;9852,تنبأ بالمستقبل.,فال,تَفَاعَلَ,,,,تَفَائَلَ,APPROVED,,L2_017 haiku b22 | FLAGS: ROOT_ALIF
AR07358,نَبَّأَ,فعل,425,7752,توقع ما هو قادم.,نبء,فَعَّلَ,roots-4662:نبء:المحكم — المعاني,roots-4662:نبء:مقاييس — النص,roots-4662:نبء:الأساس — المجاز,نَبَّأَ,APPROVED,,L2_017 haiku b22
AR07359,نُبُوءَة,اسم جامد,425,13301,تنبؤ بالمستقبل.,نبء,فُعُولَةٌ,roots-4662:نبء:المحكم — المعاني,roots-4662:نبء:مقاييس — النص,roots-4662:نبء:الأساس — المجاز,نُبُوءَة,APPROVED,,L2_017 haiku b22
AR07360,تَنَبُّؤ,اسم مصدر,425,13481,عملية التنبؤ.,نبء,تَفَعُّلٌ,roots-4662:نبء:المحكم — المعاني,roots-4662:نبء:مقاييس — النص,roots-4662:نبء:الأساس — المجاز,تَنَبُّؤ,APPROVED,,L2_017 haiku b22
AR07365,دَالّ,اسم فاعل,428,7805,يخدم دلالة على شيء.,دلل,فَاعِلٌ,roots-4662:دلل:المحكم — المعاني,roots-4662:دلل:مقاييس — المحور,roots-4662:دلل:الأساس — المجاز,دَالّ,APPROVED,,L2_017 haiku b22 | FLAGS: WAZN_LEMMA_MISMATCH
AR07366,دَلَّ,فعل,428,7806;7807,كان دلالة على شيء.,دلل,فَعَّلَ,roots-4662:دلل:المحكم — المعاني,roots-4662:دلل:مقاييس — المحور,roots-4662:دلل:الأساس — المجاز,دَلَّ,APPROVED,,L2_017 haiku b22 | FLAGS: WAZN_LEMMA_MISMATCH
AR07367,وَسَمَ,فعل,428,14662,دل على شيء أو ميزه.,وسم,فَعَلَ,roots-4662:وسم:المحكم — المعاني,roots-4662:وسم:مقاييس — المحور,roots-4662:وسم:الأساس — المجاز,وَسَمَ,APPROVED,,L2_017 haiku b22
AR07368,حَفَزَ,فعل,428,15074,كان سبب أو بادرة.,حفز,فَعَلَ,v21:حفز:المحكم — المعاني,v21:حفز:مقاييس — المحور,,حَفَزَ,APPROVED,,L2_017 haiku b22
AR07369,سيّارة,اسم جامد,429,7808;8144,مركبة برّية مُحرّكة لنقل عدد قليل من الأشخاص,سير,,roots-4662:سير:المحكم — المعاني,roots-4662:سير:مقاييس — المحور,,سيّارة,APPROVED,فِيعَلَة,L2_017 haiku b23 | FLAGS: WAZN_NOT_IN_INV
AR07372,دَرّاجة,اسم جامد,429,7834,دراجة ناريّة أو عاديّة ذات عجلتين,درج,فَعَّالَةٌ,roots-4662:درج:المحكم — المعاني,roots-4662:درج:مقاييس — المحور,roots-4662:درج:الأساس — المجاز,دَرّاجة,APPROVED,,L2_017 haiku b23
AR07373,تاكسي,اسم جامد,429,7835;8152,مركبة مأجورة لنقل الركاب,,,,,,تاكسي,APPROVED,,L2_017 haiku b23 | FLAGS: ROOT_MISSING;UNVOCALIZED;WAZN_MISSING
AR07376,قارب,اسم جامد,429,8140,وسيلة نقل صغيرة في الماء,قرب,فَاعِلٌ,roots-4662:قرب:المحكم — المعاني,roots-4662:قرب:مقاييس — المحور,roots-4662:قرب:الأساس — المجاز,قارب,APPROVED,,L2_017 haiku b23 | FLAGS: UNVOCALIZED
AR07377,دَرّاجة هوائيّة,تركيب,429,8141,مركبة ذات عجلتين تُقاد بالدوّاسات,,,,,,دَرّاجة هوائيّة,APPROVED,,L2_017 haiku b23
AR07378,سفينة,اسم جامد,429,8142;13131,وسيلة نقل بحريّة كبيرة,سفن,فِعَالَةٌ,roots-4662:سفن:المحكم — المعاني,roots-4662:سفن:مقاييس — المحور,,سفينة,APPROVED,,L2_017 haiku b23 | FLAGS: UNVOCALIZED
AR07379,تراموي,اسم جامد,429,8143,مركبة كهربائيّة تسير على سكّة حديديّة,,,,,,تراموي,APPROVED,,L2_017 haiku b23 | FLAGS: ROOT_MISSING;UNVOCALIZED;WAZN_MISSING
AR07380,ثلاثيّة العجلات,تركيب,429,8145,مركبة ثلاثيّة العجلات,,,,,,ثلاثيّة العجلات,APPROVED,,L2_017 haiku b23
AR07381,دَرّاجة نارية خفيفة,تركيب,429,8148,دراجة ناريّة خفيفة ذات عجلتين,,,,,,دَرّاجة نارية خفيفة,APPROVED,,L2_017 haiku b23
AR07382,سفينة شراعيّة,تركيب,429,8149,سفينة شراعيّة ذات أكثر من صارٍ,,,,,,سفينة شراعيّة,APPROVED,,L2_017 haiku b23
AR07383,قطار,اسم جامد,429,8150,سلسلة عرّبات حديديّة تجرّها محرّكة,قطر,فِعَالٌ,roots-4662:قطر:المحكم — المعاني,roots-4662:قطر:مقاييس — النص,roots-4662:قطر:الأساس — المجاز,قطار,APPROVED,,L2_017 haiku b23 | FLAGS: UNVOCALIZED
AR07385,حافلة فاخرة,تركيب,429,8153,حافلة مُريحة للرحلات الطويلة,,,,,,حافلة فاخرة,APPROVED,,L2_017 haiku b23 | FLAGS: UNVOCALIZED
AR07386,مركبة,اسم جامد,429,8154,وسيلة نقل عامّة للأشخاص والبضائع,ركب,فِعَالَةٌ,roots-4662:ركب:المحكم — المعاني,roots-4662:ركب:مقاييس — المحور,,مركبة,APPROVED,,L2_017 haiku b23 | FLAGS: UNVOCALIZED;WAZN_LEMMA_MISMATCH
AR07387,غوّاصة,اسم جامد,429,8156,سفينة حربيّة تعمل تحت الماء,غوص,فَعَّالَةٌ,roots-4662:غوص:المحكم — المعاني,roots-4662:غوص:مقاييس — المحور,roots-4662:غوص:الأساس — المجاز,غوّاصة,APPROVED,,L2_017 haiku b23
AR07388,دبّابة,اسم جامد,429,8157,مركبة حربيّة مُدرّعة على مسارات,دبب,فَعَّالَةٌ,roots-4662:دبب:المحكم — المعاني,roots-4662:دبب:مقاييس — المحور,,دبّابة,APPROVED,,L2_017 haiku b23
AR07389,زحّافة,اسم جامد,429,8159,مركبة خفيفة للانزلاق على الثلج,زحف,فَعَّالَةٌ,roots-4662:زحف:المحكم — المعاني,roots-4662:زحف:مقاييس — المحور,roots-4662:زحف:الأساس — المجاز,زحّافة,APPROVED,,L2_017 haiku b23
AR07390,شاحنة صغيرة,تركيب,429,8160,مركبة صغيرة لنقل البضائع,,,,,,شاحنة صغيرة,APPROVED,,L2_017 haiku b23 | FLAGS: UNVOCALIZED
AR07391,سيّارة نقل,تركيب,429,8161,مركبة مُغلقة لنقل البضائع,,,,,,سيّارة نقل,APPROVED,,L2_017 haiku b23
AR07392,ليموزين,اسم جامد,429,8162,سيّارة فاخرة فسيحة,,,,,,ليموزين,APPROVED,,L2_017 haiku b23 | FLAGS: ROOT_MISSING;UNVOCALIZED;WAZN_MISSING
AR07393,سيّارة مكشوفة,تركيب,429,8163,سيّارة يُمكن فتح سقفها,,,,,,سيّارة مكشوفة,APPROVED,,L2_017 haiku b23
AR07394,هليكوبتر,اسم جامد,429,8164;16501;16527,مركبة طائرة بمراوح أفقيّة,,,,,,هليكوبتر,APPROVED,,L2_017 haiku b23 | FLAGS: ROOT_MISSING;UNVOCALIZED;WAZN_MISSING
AR07395,قنطورة,اسم جامد,429,8165,زورق ضيّق مُدبّب النهايات,قنطر,فِعْلَةٌ,,,,قنطورة,APPROVED,,L2_017 haiku b23 | FLAGS: UNVOCALIZED
AR07396,كاياك,اسم جامد,429,8166,زورق خفيف من الإسكيمو,,,,,,كاياك,APPROVED,,L2_017 haiku b23 | FLAGS: ROOT_MISSING;UNVOCALIZED;WAZN_MISSING
AR07397,سيّارة مكشوفة صغيرة,تركيب,429,8167,مركبة صغيرة خفيفة,,,,,,سيّارة مكشوفة صغيرة,APPROVED,,L2_017 haiku b23
AR07398,سفينة ركاب فاخرة,تركيب,429,8168,سفينة ركاب كبيرة شهيرة,,,,,,سفينة ركاب فاخرة,APPROVED,,L2_017 haiku b23 | FLAGS: UNVOCALIZED
AR07399,سيّارة ركّاب,تركيب,429,8169,سيّارة تتّسع لأربعة أشخاص فأكثر,,,,,,سيّارة ركّاب,APPROVED,,L2_017 haiku b23
AR07400,عربة خزّان,تركيب,429,13374,عربة قطار مخصّصة لنقل السوائل,,,,,,عربة خزّان,APPROVED,,L2_017 haiku b23
AR07401,طائرة حربيّة,تركيب,429,14730,طائرة مستخدمة في الحرب,,,,,,طائرة حربيّة,APPROVED,,L2_017 haiku b23
AR07402,يخت,اسم جامد,429,15379,سفينة شراعيّة أو مُحرّكة للتسلية,,,,,,يخت,APPROVED,,L2_017 haiku b23 | FLAGS: ROOT_MISSING;UNVOCALIZED;WAZN_MISSING
AR07403,ميني فان,اسم جامد,429,16790,مركبة عائليّة كبيرة فسيحة,,,,,,ميني فان,APPROVED,,L2_017 haiku b23 | FLAGS: ROOT_MISSING;UNVOCALIZED;WAZN_MISSING
AR07404,سيّارة إسعاف,تركيب,429,16800,مركبة طبّيّة لنقل المرضى,,,,,,سيّارة إسعاف,APPROVED,,L2_017 haiku b23
AR07405,قانونياً,ظرف,430,7810,بخصوص القانون والتشريع,قنن,,roots-4662:قنن:المحكم — المعاني,roots-4662:قنن:مقاييس — النص,roots-4662:قنن:الأساس — المجاز,قانونياً,APPROVED,فَاعِلًا,L2_017 haiku b23 | FLAGS: WAZN_NOT_IN_INV
AR07406,اقتصادياً,ظرف,430,7811,بخصوص الاقتصاد والإنتاج,قصد,,roots-4662:قصد:المحكم — المعاني,roots-4662:قصد:مقاييس — المحور,,اقتصادياً,APPROVED,فِعْلِيًّا,L2_017 haiku b23 | FLAGS: WAZN_LEMMA_MISMATCH;WAZN_NOT_IN_INV
AR07408,جغرافياً,ظرف,430,7813,بخصوص الجغرافيا والمواقع,جغرف,,,,,جغرافياً,APPROVED,فِعْلِيًّا,L2_017 haiku b23 | FLAGS: WAZN_NOT_IN_INV
AR07409,نفسياً,ظرف,430,7814,بخصوص الحالة النفسيّة,نفس,,roots-4662:نفس:المحكم — المعاني,roots-4662:نفس:مقاييس — المحور,roots-4662:نفس:الأساس — المجاز,نفسياً,APPROVED,فِعْلًا,L2_017 haiku b23 | FLAGS: WAZN_NOT_IN_INV
AR07410,تاريخياً,ظرف,430,7815,بخصوص التاريخ والأحداث,خرج,,roots-4662:خرج:المحكم — المعاني,roots-4662:خرج:مقاييس — المحور,roots-4662:خرج:الأساس — المجاز,تاريخياً,APPROVED,فِعْلِيًّا,L2_017 haiku b23 | FLAGS: WAZN_LEMMA_MISMATCH;WAZN_NOT_IN_INV
AR07411,اجتماعياً,ظرف,430,7816,بخصوص المجتمع والعلاقات,جتع,,,,,اجتماعياً,APPROVED,فِعْلِيًّا,L2_017 haiku b23 | FLAGS: WAZN_LEMMA_MISMATCH;WAZN_NOT_IN_INV
AR07413,مالياً,ظرف,430,7818,بخصوص المال والتمويل,مول,,roots-4662:مول:المحكم — المعاني,roots-4662:مول:مقاييس — النص,,مالياً,APPROVED,فِعْلًا,L2_017 haiku b23 | FLAGS: WAZN_NOT_IN_INV
AR07414,من حيث,تركيب,430,7819,فيما يتعلّق بجانب معيّن,,,,,,من حيث,APPROVED,,L2_017 haiku b23 | FLAGS: UNVOCALIZED
AR07415,اعتداء,اسم جامد,432,7838,فعل يهدّد بإيذاء جسدي,عدي,,,,,اعتداء,APPROVED,افتعال,L2_017 haiku b23 | FLAGS: UNVOCALIZED;WAZN_NOT_IN_INV
AR07416,قَتْل,مصدر,432,7839;8926,إزهاق الروح بطريقة غير شرعيّة,قتل,فَعْلٌ,roots-4662:قتل:المحكم — المعاني,roots-4662:قتل:مقاييس — المحور,roots-4662:قتل:الأساس — المجاز,قَتْل,APPROVED,,L2_017 haiku b23
AR07417,اغتصاب قاصر,تركيب,432,7842,اتصال جنسي بقاصر دون الموافقة,,,,,,اغتصاب قاصر,APPROVED,,L2_017 haiku b23 | FLAGS: UNVOCALIZED
AR07418,تخريب,مصدر,432,7843,إتلاف الممتلكات عن قصد,خرب,,roots-4662:خرب:المحكم — المعاني,roots-4662:خرب:مقاييس — المحور,roots-4662:خرب:الأساس — المجاز,تخريب,APPROVED,فَعْلِيل,L2_017 haiku b23 | FLAGS: UNVOCALIZED;WAZN_LEMMA_MISMATCH;WAZN_NOT_IN_INV
AR07419,قَتْل غير مقصود,تركيب,432,7844,إزهاق الروح دون نيّة القتل,,,,,,قَتْل غير مقصود,APPROVED,,L2_017 haiku b23
AR07420,اختطاف,مصدر,432,7845,الاستيلاء على مركبة بالقوّة,خطف,,roots-4662:خطف:المحكم — المعاني,roots-4662:خطف:مقاييس — المحور,roots-4662:خطف:الأساس — المجاز,اختطاف,APPROVED,افتعال,L2_017 haiku b23 | FLAGS: UNVOCALIZED;WAZN_NOT_IN_INV
AR07421,سَرِقة,مصدر,432,7846;7977,أخذ ممتلكات الغير بدون إذن,سرق,فِعَالَةٌ,roots-4662:سرق:المحكم — المعاني,roots-4662:سرق:مقاييس — المحور,roots-4662:سرق:الأساس — المجاز,سَرِقة,APPROVED,,L2_017 haiku b23
AR07422,سَرِقة بالكسر,تركيب,432,7847,الدخول غير القانوني ببيت بنيّة السرقة,,,,,,سَرِقة بالكسر,APPROVED,,L2_017 haiku b23
AR07423,نَهْب,مصدر,432,7848,أخذ المال من شخص بالعنف,نهب,فَعْلٌ,roots-4662:نهب:المحكم — المعاني,roots-4662:نهب:مقاييس — المحور,roots-4662:نهب:الأساس — المجاز,نَهْب,APPROVED,,L2_017 haiku b23
AR07424,تآمر,مصدر,432,7976,خطّة سريّة لفعل غير قانوني,تءمر,,,,,تآمر,APPROVED,تفاعل,L2_017 haiku b23 | FLAGS: ROOT_NORMALIZED;UNVOCALIZED;WAZN_NOT_IN_INV
AR07425,انتهاك حقوق النشر,تركيب,432,7978,استخدام محتوى مشمول بالحماية,,,,,,انتهاك حقوق النشر,APPROVED,,L2_017 haiku b23 | FLAGS: UNVOCALIZED
AR07426,إهمال,مصدر,432,7982,عدم الاعتناء الذي يُحدث ضرراً,همل,,roots-4662:همل:المحكم — المعاني,roots-4662:همل:مقاييس — النص,roots-4662:همل:الأساس — المجاز,إهمال,APPROVED,افتعال,L2_017 haiku b23 | FLAGS: UNVOCALIZED;WAZN_LEMMA_MISMATCH;WAZN_NOT_IN_INV
AR07429,تحرّش جنسي,تركيب,432,7993,تصرفات جنسيّة غير مرغوبة متكررة,,,,,,تحرّش جنسي,APPROVED,,L2_017 haiku b23
AR07430,خيانة,مصدر,432,7995,الخيانة للوطن والدولة,خون,فِعَالَةٌ,,roots-4662:خون:مقاييس — المحور,,خيانة,APPROVED,,L2_017 haiku b23 | FLAGS: UNVOCALIZED
AR07432,خَطْف,مصدر,432,8070,أخذ شخص بالقوّة والعنف,خطف,فَعْلٌ,roots-4662:خطف:المحكم — المعاني,roots-4662:خطف:مقاييس — المحور,roots-4662:خطف:الأساس — المجاز,خَطْف,APPROVED,,L2_017 haiku b23
AR07433,احتيال,مصدر,432,8254,غش متعمّد للحصول على منفعة,حيل,,v21:حيل:المحكم — المعاني,,,احتيال,APPROVED,افتعال,L2_017 haiku b23 | FLAGS: UNVOCALIZED;WAZN_NOT_IN_INV
AR07434,اعتداء فاحش,تركيب,432,8442,تصرفات جنسيّة بدون موافقة,,,,,,اعتداء فاحش,APPROVED,,L2_017 haiku b23 | FLAGS: UNVOCALIZED
AR07435,اعتداء جنسي,تركيب,432,8443,اتصال جنسي بدون موافقة,,,,,,اعتداء جنسي,APPROVED,,L2_017 haiku b23 | FLAGS: UNVOCALIZED
AR07436,إيذاء الطفل,تركيب,432,8680,معاملة الطفل بقسوة وعنف,,,,,,إيذاء الطفل,APPROVED,,L2_017 haiku b23 | FLAGS: UNVOCALIZED
AR07438,اغتصاب,مصدر,432,11314,فرض الاتصال الجنسي بدون موافقة,غصب,,roots-4662:غصب:المحكم — المعاني,,,اغتصاب,APPROVED,افتعال,L2_017 haiku b23 | FLAGS: UNVOCALIZED;WAZN_NOT_IN_INV
AR07439,مسلّح,صفة مشبهة,470,7930,حامل أو متزوّد بأسلحة,سلح,مُفَعَّلٌ,roots-4662:سلح:المحكم — المعاني,roots-4662:سلح:مقاييس — النص,,مسلّح,APPROVED,,L2_017 haiku b23
AR07441,بدون أسلحة,تركيب,470,8006,لا يملك سلاحاً,,,,,,بدون أسلحة,APPROVED,,L2_017 haiku b23 | FLAGS: UNVOCALIZED
AR07442,حَمَل السلاح,تركيب,470,9132,يملك أسلحة على شخصه,,,,,,حَمَل السلاح,APPROVED,,L2_017 haiku b23
AR07444,نووي,صفة مشبهة,470,12575,يملك أسلحة نوويّة,نوو,,,,,نووي,APPROVED,فِعْلِي,L2_017 haiku b23 | FLAGS: UNVOCALIZED;WAZN_NOT_IN_INV
AR07445,مسلّح,اسم جامد,470,13130,رجل يستخدم السلاح في الجريمة,سلح,مُفَعَّلٌ,roots-4662:سلح:المحكم — المعاني,roots-4662:سلح:مقاييس — النص,,مسلّح,APPROVED,,L2_017 haiku b23
AR07446,سَحَب,فعل,470,15546,إخراج السلاح من مكانه بسرعة,سحب,,roots-4662:سحب:المحكم — المعاني,roots-4662:سحب:مقاييس — المحور,roots-4662:سحب:الأساس — المجاز,سَحَب,APPROVED,فَعَل,L2_017 haiku b23 | FLAGS: WAZN_NOT_IN_INV
AR07448,عَرْقَل,فعل,480,7922,يؤخّر أو يحول دون التقدّم,عرقل,,,,,عَرْقَل,APPROVED,فَعْلَل,L2_017 haiku b23 | FLAGS: WAZN_NOT_IN_INV
AR07449,سَدّ,فعل,480,7923;17825,يمنع أو يعطّل,سدد,,roots-4662:سدد:المحكم — المعاني,roots-4662:سدد:مقاييس — المحور,roots-4662:سدد:الأساس — المجاز,سَدّ,APPROVED,فَعَل,L2_017 haiku b23 | FLAGS: WAZN_LEMMA_MISMATCH;WAZN_NOT_IN_INV
AR07450,قَيّد,فعل,480,7924;7925,يقيّد أو يعرقل الحركة,قيد,,roots-4662:قيد:المحكم — المعاني,roots-4662:قيد:مقاييس — النص,,قَيّد,APPROVED,فَعَّل,L2_017 haiku b23 | FLAGS: WAZN_NOT_IN_INV
AR07454,سدّ,مصدر,480,8043,فعل الحاجز أو حالة الحاجز,سدد,فَعْلٌ,roots-4662:سدد:المحكم — المعاني,roots-4662:سدد:مقاييس — المحور,roots-4662:سدد:الأساس — المجاز,سدّ,APPROVED,,L2_017 haiku b23 | FLAGS: WAZN_LEMMA_MISMATCH
AR07456,معرقِل,صفة مشبهة,480,8045,يسبّب عرقلة أو معوقات,عرقل,مُفَعِّلٌ,,,,معرقِل,APPROVED,,L2_017 haiku b23
AR07457,تدخّل,فعل,480,8113,يمنع تنفيذ الخطّة أو الفعل,دخل,,roots-4662:دخل:المحكم — المعاني,roots-4662:دخل:مقاييس — المحور,,تدخّل,APPROVED,تفاعل,L2_017 haiku b23 | FLAGS: WAZN_NOT_IN_INV
AR07458,تدخّل,مصدر,480,10890,فعل أو حالة التدخّل,دخل,,roots-4662:دخل:المحكم — المعاني,roots-4662:دخل:مقاييس — المحور,,تدخّل,APPROVED,تفاعل,L2_017 haiku b23 | FLAGS: WAZN_NOT_IN_INV
AR07461,قَمَع,فعل,480,18541,يكبح أو يقمع,قمع,,roots-4662:قمع:المحكم — المعاني,roots-4662:قمع:مقاييس — المحور,roots-4662:قمع:الأساس — المجاز,قَمَع,APPROVED,فَعَل,L2_017 haiku b23 | FLAGS: WAZN_NOT_IN_INV
AR07462,قمعي,صفة مشبهة,480,18542,يؤدّي إلى القمع والكبح,قمع,,roots-4662:قمع:المحكم — المعاني,roots-4662:قمع:مقاييس — المحور,roots-4662:قمع:الأساس — المجاز,قمعي,APPROVED,فِعْلِي,L2_017 haiku b23 | FLAGS: UNVOCALIZED;WAZN_NOT_IN_INV
AR07463,كَبَح,فعل,480,18543;18546,يحبس أو يقيّد أو يمنع,كبح,,roots-4662:كبح:المحكم — المعاني,roots-4662:كبح:مقاييس — النص,roots-4662:كبح:الأساس — المجاز,كَبَح,APPROVED,فَعَل,L2_017 haiku b23 | FLAGS: WAZN_NOT_IN_INV
AR07464,كبح,مصدر,480,18544,حالة الحبس أو القيد,كبح,فَعْلٌ,roots-4662:كبح:المحكم — المعاني,roots-4662:كبح:مقاييس — النص,roots-4662:كبح:الأساس — المجاز,كبح,APPROVED,,L2_017 haiku b23 | FLAGS: UNVOCALIZED
AR07465,أبطأ,فعل,480,18545,يؤخّر التقدّم والنموّ,بطء,,v21:بطأ:المحكم — المعاني,v21:بطأ:مقاييس — المحور,,أبطأ,APPROVED,أفْعَل,L2_017 haiku b23 | FLAGS: ROOT_NORMALIZED;UNVOCALIZED;WAZN_NOT_IN_INV
AR07466,قَلّل,فعل,480,18691,يبطّئ عمليّة أو حدثاً,قلل,,roots-4662:قلل:المحكم — المعاني,roots-4662:قلل:مقاييس — المحور,roots-4662:قلل:الأساس — المجاز,قَلّل,APPROVED,فَعَّل,L2_017 haiku b23 | FLAGS: WAZN_NOT_IN_INV
AR07467,متشابه,صفة مشبهة,481,7967,له نفس الطابع دون هويّة,شبه,,v21:شبه:المحكم — المعاني,v21:شبه:مقاييس — المحور,,متشابه,APPROVED,مُتفَعِّل,L2_017 haiku b23 | FLAGS: UNVOCALIZED;WAZN_NOT_IN_INV
AR07468,مختلف,صفة مشبهة,481,7969;7989;7997,ليس متشابهاً,خلف,مُفْتَعِلٌ,roots-4662:خلف:المحكم — المعاني,roots-4662:خلف:مقاييس — المحور,roots-4662:خلف:الأساس — المجاز,مختلف,APPROVED,,L2_017 haiku b23 | FLAGS: UNVOCALIZED
AR07469,تشابه,مصدر,481,7970,حالة التشابه مع الآخر,شبه,,v21:شبه:المحكم — المعاني,v21:شبه:مقاييس — المحور,,تشابه,APPROVED,تفاعل,L2_017 haiku b23 | FLAGS: UNVOCALIZED;WAZN_NOT_IN_INV
AR07470,اختلاف,مصدر,481,7971;11100,عدم التشابه أو الاختلاف,خلف,,roots-4662:خلف:المحكم — المعاني,roots-4662:خلف:مقاييس — المحور,roots-4662:خلف:الأساس — المجاز,اختلاف,APPROVED,افتعال,L2_017 haiku b23 | FLAGS: UNVOCALIZED;WAZN_NOT_IN_INV
AR07471,مثل,صفة مشبهة,481,7973;8996,متشابه,مثل,فِعْلٌ,roots-4662:مثل:المحكم — المعاني,roots-4662:مثل:مقاييس — المحور,,مثل,APPROVED,,L2_017 haiku b23 | FLAGS: UNVOCALIZED
AR07472,شَابَه,فعل,481,7974,له مظهر مشابه,شبه,,v21:شبه:المحكم — المعاني,v21:شبه:مقاييس — المحور,,شَابَه,APPROVED,فَعَل,L2_017 haiku b23 | FLAGS: WAZN_NOT_IN_INV
AR07473,بخلاف,حرف,481,7992,في تناقض مع,,,,,,بخلاف,APPROVED,,L2_017 haiku b23 | FLAGS: UNVOCALIZED
AR07474,تشابه,اسم جامد,481,7994;8994,حالة التشابه,شبه,,v21:شبه:المحكم — المعاني,v21:شبه:مقاييس — المحور,,تشابه,APPROVED,تفاعل,L2_017 haiku b23 | FLAGS: UNVOCALIZED;WAZN_NOT_IN_INV
AR07475,شبيه,اسم جامد,481,8671;8681,شخص يشبه آخر بشدّة,شبه,,v21:شبه:المحكم — المعاني,v21:شبه:مقاييس — المحور,,شبيه,APPROVED,فِعيل,L2_017 haiku b23 | FLAGS: UNVOCALIZED;WAZN_NOT_IN_INV
AR07476,صورة طبق الأصل,تركيب,481,8672,الشبيه الدقيق,,,,,,صورة طبق الأصل,APPROVED,,L2_017 haiku b23 | FLAGS: UNVOCALIZED
AR07477,مثل,حرف,481,8995,بطريقة,,,,,,مثل,APPROVED,,L2_017 haiku b23 | FLAGS: UNVOCALIZED
AR07478,اختَلَف,فعل,481,10594,يكون مختلفاً أو غير متشابه,خلف,,roots-4662:خلف:المحكم — المعاني,roots-4662:خلف:مقاييس — المحور,roots-4662:خلف:الأساس — المجاز,اختَلَف,APPROVED,افتعل,L2_017 haiku b23 | FLAGS: WAZN_NOT_IN_INV
AR07479,متميّز,صفة مشبهة,481,10595,مختلف بوضوح في الطبيعة,ميز,,roots-4662:ميز:المحكم — المعاني,roots-4662:ميز:مقاييس — المحور,roots-4662:ميز:الأساس — المجاز,متميّز,APPROVED,مُتفَعِّل,L2_017 haiku b23 | FLAGS: WAZN_NOT_IN_INV
AR07480,فرق,اسم جامد,481,10853,طريقة في الاختلاف,فرق,فِعْلٌ,roots-4662:فرق:المحكم — المعاني,roots-4662:فرق:مقاييس — المحور,roots-4662:فرق:الأساس — المجاز,فرق,APPROVED,,L2_017 haiku b23 | FLAGS: UNVOCALIZED
AR07481,موازاة,اسم جامد,481,10891,تشابه أو مقارنة,وازي,مُفَاعَلَةٌ,,,,موازاة,APPROVED,,L2_017 haiku b23 | FLAGS: ROOT_ALIF;UNVOCALIZED
AR07482,تَنَوّع,فعل,481,12299,يختلف في الحجم أو الدرجة,نوع,,roots-4662:نوع:المحكم — المعاني,roots-4662:نوع:مقاييس — المحور,,تَنَوّع,APPROVED,تفاعل,L2_017 haiku b23 | FLAGS: WAZN_NOT_IN_INV
AR07483,عدم توافق,اسم جامد,481,12320,عدم التوافقيّة المنطقيّة,وفق,,roots-4662:وفق:المحكم — المعاني,roots-4662:وفق:مقاييس — المحور,,عدم توافق,APPROVED,عدم افتعال,L2_017 haiku b23 | FLAGS: UNVOCALIZED;WAZN_NOT_IN_INV
AR07484,متنافر,صفة مشبهة,481,12321,يظهر عدم توافق,نفر,,roots-4662:نفر:المحكم — المعاني,roots-4662:نفر:مقاييس — المحور,roots-4662:نفر:الأساس — المجاز,متنافر,APPROVED,مُتفَعِّل,L2_017 haiku b23 | FLAGS: UNVOCALIZED;WAZN_NOT_IN_INV
AR07485,فَجْوة,اسم جامد,481,12323,اختلاف كبير,فجو,فِعْلَةٌ,roots-4662:فجو:المحكم — المعاني,,,فَجْوة,APPROVED,,L2_017 haiku b23
AR07486,مختلف جذرياً,صفة مشبهة,481,12324,مختلف بشكل جوهري,خلف,مُفْتَعِلٌ,roots-4662:خلف:المحكم — المعاني,roots-4662:خلف:مقاييس — المحور,roots-4662:خلف:الأساس — المجاز,مختلف جذرياً,APPROVED,,L2_017 haiku b23 | FLAGS: WAZN_LEMMA_MISMATCH
AR07487,تمايز,اسم جامد,481,13796,فرق واضح أو تناقض,ميز,,roots-4662:ميز:المحكم — المعاني,roots-4662:ميز:مقاييس — المحور,roots-4662:ميز:الأساس — المجاز,تمايز,APPROVED,تفاعل,L2_017 haiku b23 | FLAGS: UNVOCALIZED;WAZN_NOT_IN_INV
AR07488,نسخة,اسم جامد,481,14037,صيغة تختلف عن الأصل,نسخ,فِعْلَةٌ,roots-4662:نسخ:المحكم — المعاني,roots-4662:نسخ:مقاييس — النص,roots-4662:نسخ:الأساس — المجاز,نسخة,APPROVED,,L2_017 haiku b23 | FLAGS: UNVOCALIZED
AR07489,عدم تشابه,مصدر,481,14490,حقيقة عدم التشابه,شبه,,v21:شبه:المحكم — المعاني,v21:شبه:مقاييس — المحور,,عدم تشابه,APPROVED,عدم تفاعل,L2_017 haiku b23 | FLAGS: UNVOCALIZED;WAZN_LEMMA_MISMATCH;WAZN_NOT_IN_INV
AR07491,صورة حقيقيّة,تركيب,481,15715,الشبيه الدقيق جداً,,,,,,صورة حقيقيّة,APPROVED,,L2_017 haiku b23
AR07492,أشبَه,فعل,481,15741,يشبه أو يحاكي,شبه,,v21:شبه:المحكم — المعاني,v21:شبه:مقاييس — المحور,,أشبَه,APPROVED,أفْعَل,L2_017 haiku b23 | FLAGS: WAZN_NOT_IN_INV
AR07494,إساءة,اسم جامد,482,7931;13461,معاملة قاسية وعنيفة,ساء,,,,,إساءة,APPROVED,افتعال,L2_017 haiku b23 | FLAGS: ROOT_ALIF;UNVOCALIZED;WAZN_NOT_IN_INV
AR07495,أَسَاء,فعل,482,7932;13460,يعامل بقسوة أو عنف,ساء,,,,,أَسَاء,APPROVED,أفْعَل,L2_017 haiku b23 | FLAGS: ROOT_ALIF;WAZN_NOT_IN_INV
AR07496,مُسيء,صفة مشبهة,482,7934,متّسم بالإساءة المتكررة,ساء,مُفْتَعِلٌ,,,,مُسيء,APPROVED,,L2_017 haiku b23 | FLAGS: ROOT_ALIF
AR07498,عنف أسري,تركيب,482,8081,عنف يحدث في الأسرة,,,,,,عنف أسري,APPROVED,,L2_017 haiku b23 | FLAGS: UNVOCALIZED
AR07500,نَمّ,فعل,483,7945;7984;8010;8011;12690,يخبر على شخص,نمم,,roots-4662:نمم:المحكم — المعاني,roots-4662:نمم:مقاييس — النص,roots-4662:نمم:الأساس — المجاز,نَمّ,APPROVED,فَعَّل,L2_017 haiku b23 | FLAGS: WAZN_LEMMA_MISMATCH;WAZN_NOT_IN_INV
AR07502,أَنَمّ,فعل,483,7947,يخبر على شخص,نمم,,roots-4662:نمم:المحكم — المعاني,roots-4662:نمم:مقاييس — النص,roots-4662:نمم:الأساس — المجاز,أَنَمّ,APPROVED,أفْعَل,L2_017 haiku b23 | FLAGS: WAZN_LEMMA_MISMATCH;WAZN_NOT_IN_INV
AR07505,نَمّام,اسم جامد,483,8128,شخص يخبر على الآخرين,نمم,فَعَّالٌ,roots-4662:نمم:المحكم — المعاني,roots-4662:نمم:مقاييس — النص,roots-4662:نمم:الأساس — المجاز,نَمّام,APPROVED,,L2_017 haiku b23
AR07508,انتقى,فعل,485,7985,يطلق النار على,نقي,,roots-4662:نقي:المحكم — المعاني,roots-4662:نقي:مقاييس — المحور,roots-4662:نقي:الأساس — المجاز,انتقى,APPROVED,افتعل,L2_017 haiku b23 | FLAGS: UNVOCALIZED;WAZN_NOT_IN_INV
AR07509,سلوك,اسم جامد,491,7998;8000;8001;8230,طريقة تصرف الشخص,سلك,فِعْلٌ,roots-4662:سلك:المحكم — المعاني,roots-4662:سلك:مقاييس — المحور,roots-4662:سلك:الأساس — المجاز,سلوك,APPROVED,,L2_017 haiku b23 | FLAGS: UNVOCALIZED
AR07510,ساء,فعل,491,8231;10183,يتصرف بسوء,ساء,,,,,ساء,APPROVED,فَعَل,L2_017 haiku b23 | FLAGS: ROOT_ALIF;UNVOCALIZED;WAZN_NOT_IN_INV
AR07511,سوء سلوك,تركيب,491,8233,تصرف سيّء,,,,,,سوء سلوك,APPROVED,,L2_017 haiku b23 | FLAGS: UNVOCALIZED
AR07514,حَمَل نفسه,تركيب,491,11153,يقف ويتحرك بطريقة معيّنة,,,,,,حَمَل نفسه,APPROVED,,L2_017 haiku b23
AR07516,أسلوب,اسم جامد,491,12536,السلوك والتصرف نحو الآخرين,سلب,فِعْلٌ,roots-4662:سلب:المحكم — المعاني,roots-4662:سلب:مقاييس — المحور,roots-4662:سلب:الأساس — المجاز,أسلوب,APPROVED,,L2_017 haiku b23 | FLAGS: UNVOCALIZED;WAZN_LEMMA_MISMATCH
AR07518,استفسار,مصدر,500,7958,تحقيق رسمي,فسر,,roots-4662:فسر:المحكم — المعاني,roots-4662:فسر:مقاييس — المحور,,استفسار,APPROVED,افتعال,L2_017 haiku b23 | FLAGS: UNVOCALIZED;WAZN_LEMMA_MISMATCH;WAZN_NOT_IN_INV
AR07521,استفسر,فعل,500,7965,يطرح أسئلة لجمع أدلة,فسر,,roots-4662:فسر:المحكم — المعاني,roots-4662:فسر:مقاييس — المحور,,استفسر,APPROVED,افتعل,L2_017 haiku b23 | FLAGS: UNVOCALIZED;WAZN_LEMMA_MISMATCH;WAZN_NOT_IN_INV
AR07522,دليل,اسم جامد,500,8402,مؤشر لحل مشكلة,دلل,فِعْلٌ,roots-4662:دلل:المحكم — المعاني,roots-4662:دلل:مقاييس — المحور,roots-4662:دلل:الأساس — المجاز,دليل,APPROVED,,L2_017 haiku b23 | FLAGS: UNVOCALIZED
AR07524,قضيّة,اسم جامد,500,18702,حالة قيد التحقيق القانوني,قضي,فِعْلَةٌ,roots-4662:قضي:المحكم — المعاني,roots-4662:قضي:مقاييس — المحور,roots-4662:قضي:الأساس — المجاز,قضيّة,APPROVED,,L2_017 haiku b23
AR07525,غير قانوني,صفة مشبهة,501,7953,يخالف القانون,قنن,,roots-4662:قنن:المحكم — المعاني,roots-4662:قنن:مقاييس — النص,roots-4662:قنن:الأساس — المجاز,غير قانوني,APPROVED,غير فِعْلِي,L2_017 haiku b23 | FLAGS: UNVOCALIZED;WAZN_NOT_IN_INV
AR07526,قانوني,صفة مشبهة,501,7954,يسمح به القانون,قنن,,roots-4662:قنن:المحكم — المعاني,roots-4662:قنن:مقاييس — النص,roots-4662:قنن:الأساس — المجاز,قانوني,APPROVED,فِعْلِي,L2_017 haiku b23 | FLAGS: UNVOCALIZED;WAZN_NOT_IN_INV
AR07529,خاطئ,صفة مشبهة,501,7957;10481,ليس عادلاً أو قانونياً,خطء,فَاعِلٌ,roots-4662:خطء:المحكم — المعاني,roots-4662:خطء:مقاييس — المحور,roots-4662:خطء:الأساس — المجاز,خاطئ,APPROVED,,L2_017 haiku b23 | FLAGS: ROOT_NORMALIZED;UNVOCALIZED
AR07532,مسموح,صفة مشبهة,501,7964,مرخّص ومسموح به,سمح,,roots-4662:سمح:المحكم — المعاني,roots-4662:سمح:مقاييس — المحور,roots-4662:سمح:الأساس — المجاز,مسموح,APPROVED,مَفْعول,L2_017 haiku b23 | FLAGS: UNVOCALIZED;WAZN_NOT_IN_INV
AR07533,بشكل خاطئ,ظرف,501,10480,بطريقة تنتهك القانون,خطء,,roots-4662:خطء:المحكم — المعاني,roots-4662:خطء:مقاييس — المحور,roots-4662:خطء:الأساس — المجاز,بشكل خاطئ,APPROVED,فاعلاً,L2_017 haiku b23 | FLAGS: ROOT_NORMALIZED;UNVOCALIZED;WAZN_NOT_IN_INV
AR07536,استسلَم,فعل,502,7968;8009,يسلّم نفسه للسلطات,سلم,,roots-4662:سلم:المحكم — المعاني,roots-4662:سلم:مقاييس — المحور,roots-4662:سلم:الأساس — المجاز,استسلَم,APPROVED,افتعل,L2_017 haiku b23 | FLAGS: WAZN_LEMMA_MISMATCH;WAZN_NOT_IN_INV
AR07537,أَسْلَم,فعل,502,8008,يسلّم نفسه للسلطات,سلم,,roots-4662:سلم:المحكم — المعاني,roots-4662:سلم:مقاييس — المحور,roots-4662:سلم:الأساس — المجاز,أَسْلَم,APPROVED,أفْعَل,L2_017 haiku b23 | FLAGS: WAZN_NOT_IN_INV
AR07538,استسلام,مصدر,502,14763,عمليّة الاستسلام,سلم,,roots-4662:سلم:المحكم — المعاني,roots-4662:سلم:مقاييس — المحور,roots-4662:سلم:الأساس — المجاز,استسلام,APPROVED,افتعال,L2_017 haiku b23 | FLAGS: UNVOCALIZED;WAZN_LEMMA_MISMATCH;WAZN_NOT_IN_INV
AR07539,اشتبَه,فعل,503,7975,يعتقد بذنب شخص,شبه,,v21:شبه:المحكم — المعاني,v21:شبه:مقاييس — المحور,,اشتبَه,APPROVED,افتعل,L2_017 haiku b23 | FLAGS: WAZN_NOT_IN_INV
AR07540,موضع اشتباه,تركيب,503,8014,متّهم بارتكاب جريمة,,,,,,موضع اشتباه,APPROVED,,L2_017 haiku b23 | FLAGS: UNVOCALIZED
AR07541,مشتبَه به,اسم مفعول,503,8071,شخص يُشتبَه بارتكابه جريمة,شبه,,v21:شبه:المحكم — المعاني,v21:شبه:مقاييس — المحور,,مشتبَه به,APPROVED,مُفْتَعَل به,L2_017 haiku b23 | FLAGS: WAZN_NOT_IN_INV
AR07549,مواجهة,اسم جامد,507,8030,اختصار الاستجواب المتقابل,وجه,مُفَاعَلَةٌ,roots-4662:وجه:المحكم — المعاني,roots-4662:وجه:مقاييس — المحور,roots-4662:وجه:الأساس — المجاز,مواجهة,APPROVED,,L2_017 haiku b23 | FLAGS: UNVOCALIZED
AR07550,استجواب متقابل,تركيب,507,8031,فحص الشاهد في المحكمة,,,,,,استجواب متقابل,APPROVED,,L2_017 haiku b23 | FLAGS: UNVOCALIZED
AR07554,دافَع,فعل,512,8036,يحاول تبرير شيء,دفع,,roots-4662:دفع:المحكم — المعاني,roots-4662:دفع:مقاييس — المحور,roots-4662:دفع:الأساس — المجاز,دافَع,APPROVED,فاعل,L2_017 haiku b23 | FLAGS: WAZN_NOT_IN_INV
AR07556,فسّر,فعل,512,8039,يبرر أو يعتذر عن شيء,فسر,,roots-4662:فسر:المحكم — المعاني,roots-4662:فسر:مقاييس — المحور,,فسّر,APPROVED,فَعَّل,L2_017 haiku b23 | FLAGS: WAZN_NOT_IN_INV
AR07557,غَرَض,اسم جامد,513,8047,الشيء المقصود,غرض,فَعَلٌ,,roots-4662:غرض:مقاييس — النص,roots-4662:غرض:الأساس — المجاز,غَرَض,APPROVED,,L2_017 haiku b24
AR07558,هَدَف,اسم جامد,513,8048;8050;8053,ما يسعى إليه,هدف,فَعَلٌ,roots-4662:هدف:المحكم — المعاني,roots-4662:هدف:مقاييس — المحور,roots-4662:هدف:الأساس — المجاز,هَدَف,APPROVED,,L2_017 haiku b24
AR07559,قَصْد,اسم جامد,513,8049,النية والعزم,قصد,فَعْلٌ,roots-4662:قصد:المحكم — المعاني,roots-4662:قصد:مقاييس — المحور,,قَصْد,APPROVED,,L2_017 haiku b24
AR07560,غَايَة,اسم جامد,513,8052,النهاية المطلوبة,غيي,,v21:غىي:المحكم — المعاني,v21:غىي:مقاييس — المحور,,غَايَة,APPROVED,فَاعَة,L2_017 haiku b24 | FLAGS: WAZN_NOT_IN_INV
AR07561,قَصَدَ,فعل,513,8236;13808,عزم على أمر,قصد,فَعَلَ,roots-4662:قصد:المحكم — المعاني,roots-4662:قصد:مقاييس — المحور,,قَصَدَ,APPROVED,,L2_017 haiku b24
AR07563,نِيَّة,اسم جامد,513,10718,القصد والعزم,نيي,,,,,نِيَّة,APPROVED,فِعَّة,L2_017 haiku b24 | FLAGS: WAZN_NOT_IN_INV
AR07564,اسْتِخْدَام,مصدر,513,11692,الطريقة,خدم,اِسْتِفْعَالٌ,roots-4662:خدم:المحكم — المعاني,roots-4662:خدم:مقاييس — المحور,roots-4662:خدم:الأساس — المجاز,اسْتِخْدَام,APPROVED,,L2_017 haiku b24
AR07565,خَطَّطَ,فعل,513,12276,رتب مسبقاً,خطط,فَعَّلَ,roots-4662:خطط:المحكم — المعاني,roots-4662:خطط:مقاييس — المحور,roots-4662:خطط:الأساس — المجاز,خَطَّطَ,APPROVED,,L2_017 haiku b24
AR07566,كَيْ,حرف,513,12278,للدلالة على قصد,,,,,,كَيْ,APPROVED,,L2_017 haiku b24
AR07567,خِطَّة,اسم جامد,513,12294,الترتيب المسبق,خطط,,roots-4662:خطط:المحكم — المعاني,roots-4662:خطط:مقاييس — المحور,roots-4662:خطط:الأساس — المجاز,خِطَّة,APPROVED,فِعَّة,L2_017 haiku b24 | FLAGS: WAZN_NOT_IN_INV
AR07571,سَبَب,اسم جامد,514,8054,العامل المترتب,سبب,فَعَلٌ,roots-4662:سبب:المحكم — المعاني,roots-4662:سبب:مقاييس — النص,roots-4662:سبب:الأساس — المجاز,سَبَب,APPROVED,,L2_017 haiku b24
AR07572,لِمَاذَا,مبني,514,8055,الاستفهام عن السبب,,,,,,لِمَاذَا,APPROVED,,L2_017 haiku b24
AR07574,دَافِع,اسم فاعل,514,8058,المحرك,دفع,فَاعِلٌ,roots-4662:دفع:المحكم — المعاني,roots-4662:دفع:مقاييس — المحور,roots-4662:دفع:الأساس — المجاز,دَافِع,APPROVED,,L2_017 haiku b24
AR07576,مَنَعَ,فعل,516,8087;17496,حال دون الوقوع,منع,فَعَلَ,roots-4662:منع:المحكم — المعاني,roots-4662:منع:مقاييس — المحور,roots-4662:منع:الأساس — المجاز,مَنَعَ,APPROVED,,L2_017 haiku b24
AR07577,دَرَأَ,فعل,516,8111;8121,دفع الضرر,درء,فَعَلَ,roots-4662:درء:المحكم — المعاني,,roots-4662:درء:الأساس — المجاز,دَرَأَ,APPROVED,,L2_017 haiku b24
AR07579,قَطَعَ,فعل,516,8117,توقيف مبكر,قطع,فَعَلَ,roots-4662:قطع:المحكم — المعاني,roots-4662:قطع:مقاييس — المحور,roots-4662:قطع:الأساس — المجاز,قَطَعَ,APPROVED,,L2_017 haiku b24
AR07581,أَوْقَفَ,فعل,516,8123;11292,وقّف التقدم,وقف,أَفْعَلَ,roots-4662:وقف:المحكم — المعاني,roots-4662:وقف:مقاييس — المحور,roots-4662:وقف:الأساس — المجاز,أَوْقَفَ,APPROVED,,L2_017 haiku b24
AR07583,مَنْع,مصدر,516,8174,العملية,منع,فَعْلٌ,roots-4662:منع:المحكم — المعاني,roots-4662:منع:مقاييس — المحور,roots-4662:منع:الأساس — المجاز,مَنْع,APPROVED,,L2_017 haiku b24
AR07584,إيقاف,مصدر,516,8177,الإنهاء,وقف,,roots-4662:وقف:المحكم — المعاني,roots-4662:وقف:مقاييس — المحور,roots-4662:وقف:الأساس — المجاز,إيقاف,APPROVED,إفْعَال,L2_017 haiku b24 | FLAGS: UNVOCALIZED;WAZN_NOT_IN_INV
AR07586,أَفْسَدَ,فعل,516,15051,أبطل,فسد,أَفْعَلَ,roots-4662:فسد:المحكم — المعاني,roots-4662:فسد:مقاييس — النص,,أَفْسَدَ,APPROVED,,L2_017 haiku b24
AR07589,وِقَائِي,اسم منسوب,516,18783,الوقائي,وقي,,roots-4662:وقي:المحكم — المعاني,roots-4662:وقي:مقاييس — المحور,roots-4662:وقي:الأساس — المجاز,وِقَائِي,APPROVED,فِعَالِي,L2_017 haiku b24 | FLAGS: ROOT_NORMALIZED;WAZN_NOT_IN_INV
AR07592,سَمَحَ,فعل,516,18788,أذن,سمح,فَعَلَ,roots-4662:سمح:المحكم — المعاني,roots-4662:سمح:مقاييس — المحور,roots-4662:سمح:الأساس — المجاز,سَمَحَ,APPROVED,,L2_017 haiku b24
AR07593,مَكَّنَ,فعل,516,18789,جعل ممكناً,مكن,فَعَّلَ,roots-4662:مكن:المحكم — المعاني,roots-4662:مكن:مقاييس — النص,roots-4662:مكن:الأساس — المجاز,مَكَّنَ,APPROVED,,L2_017 haiku b24
AR07594,تَمْكِين,مصدر,516,18790,الإمكانية,مكن,تَفْعِيلٌ,roots-4662:مكن:المحكم — المعاني,roots-4662:مكن:مقاييس — النص,roots-4662:مكن:الأساس — المجاز,تَمْكِين,APPROVED,,L2_017 haiku b24
AR07596,قَابِل,صفة مشبهة,517,8083,يستوجب إجراء,قبل,فَاعِلٌ,roots-4662:قبل:المحكم — المعاني,roots-4662:قبل:مقاييس — المحور,roots-4662:قبل:الأساس — المجاز,قَابِل,APPROVED,,L2_017 haiku b24
AR07597,رَأْسِي,اسم منسوب,517,8084,يستحق الموت,رءس,,roots-4662:رءس:المحكم — المعاني,roots-4662:رءس:مقاييس — المحور,roots-4662:رءس:الأساس — المجاز,رَأْسِي,APPROVED,فَعْلِي,L2_017 haiku b24 | FLAGS: ROOT_NORMALIZED;WAZN_NOT_IN_INV
AR07601,فَشَّلَ,فعل,518,8095,منع التحقق,فشل,فَعَّلَ,roots-4662:فشل:المحكم — المعاني,roots-4662:فشل:مقاييس — النص,,فَشَّلَ,APPROVED,,L2_017 haiku b24
AR07603,شَلَّ,فعل,518,8097,شل القدرة,شلل,فَعَّلَ,v21:شلل:المحكم — المعاني,v21:شلل:مقاييس — المحور,v21:شلل:الأساس — المجاز,شَلَّ,APPROVED,,L2_017 haiku b24 | FLAGS: WAZN_LEMMA_MISMATCH
AR07607,أَفْسَدَ,فعل,518,8102,أفسد الخطة,فسد,أَفْعَلَ,roots-4662:فسد:المحكم — المعاني,roots-4662:فسد:مقاييس — النص,,أَفْسَدَ,APPROVED,,L2_017 haiku b24
AR07608,خَيَّبَ,فعل,518,8114,خيب الآمال,خيب,فَعَّلَ,roots-4662:خيب:المحكم — المعاني,roots-4662:خيب:مقاييس — المحور,roots-4662:خيب:الأساس — المجاز,خَيَّبَ,APPROVED,,L2_017 haiku b24
AR07610,رَدَّ,فعل,518,15332,رد الفعل,ردد,فَعَّلَ,roots-4662:ردد:المحكم — المعاني,roots-4662:ردد:مقاييس — المحور,roots-4662:ردد:الأساس — المجاز,رَدَّ,APPROVED,,L2_017 haiku b24 | FLAGS: WAZN_LEMMA_MISMATCH
AR07611,قَيَّمَ,فعل,519,8131;8133;13792,حكم على النوعية,قيم,فَعَّلَ,,,,قَيَّمَ,APPROVED,,L2_017 haiku b24
AR07613,تَقْيِيم,مصدر,519,8135;8136;13793,الحكم,قيم,تَفْعِيلٌ,,,,تَقْيِيم,APPROVED,,L2_017 haiku b24
AR07614,وَزَنَ,فعل,519,8137,قاس الوزن,وزن,فَعَلَ,roots-4662:وزن:المحكم — المعاني,roots-4662:وزن:مقاييس — المحور,roots-4662:وزن:الأساس — المجاز,وَزَنَ,APPROVED,,L2_017 haiku b24
AR07616,قَدَّرَ,فعل,519,11868,أعلن القيمة,قدر,فَعَّلَ,roots-4662:قدر:المحكم — المعاني,roots-4662:قدر:مقاييس — المحور,roots-4662:قدر:الأساس — المجاز,قَدَّرَ,APPROVED,,L2_017 haiku b24
AR07617,رَتَّبَ,فعل,519,11911,حدد الترتيب,رتب,فَعَّلَ,roots-4662:رتب:المحكم — المعاني,,roots-4662:رتب:الأساس — المجاز,رَتَّبَ,APPROVED,,L2_017 haiku b24
AR07618,أَعَادَ تَقْيِيم,تركيب,519,13791,أعاد تقييم,,,,,,أَعَادَ تَقْيِيم,APPROVED,,L2_017 haiku b24
AR07619,إعَادَة تَقْيِيم,تركيب,519,13794,فحص ثاني,,,,,,إعَادَة تَقْيِيم,APPROVED,,L2_017 haiku b24
AR07620,نَهَى,فعل,520,8178,أمر بعدم الفعل,نهي,فَعَلَ,roots-4662:نهي:المحكم — المعاني,roots-4662:نهي:مقاييس — المحور,roots-4662:نهي:الأساس — المجاز,نَهَى,APPROVED,,L2_017 haiku b24
AR07623,رَفَضَ,فعل,520,18538,رفض الموافقة,رفض,فَعَلَ,roots-4662:رفض:المحكم — المعاني,roots-4662:رفض:مقاييس — المحور,roots-4662:رفض:الأساس — المجاز,رَفَضَ,APPROVED,,L2_017 haiku b24
AR07624,مُوَافَقَة,مصدر,520,18761,الموافقة,وفق,مُفَاعَلَةٌ,roots-4662:وفق:المحكم — المعاني,roots-4662:وفق:مقاييس — المحور,,مُوَافَقَة,APPROVED,,L2_017 haiku b24
AR07625,وَافَقَ,فعل,520,18762;18764;18769,قبل رسمياً,وفق,فَاعَلَ,roots-4662:وفق:المحكم — المعاني,roots-4662:وفق:مقاييس — المحور,,وَافَقَ,APPROVED,,L2_017 haiku b24
AR07627,أَعْطَى الضَّوْء الأَخْضَر,تركيب,520,18765,أعطى الإذن,,,,,,أَعْطَى الضَّوْء الأَخْضَر,APPROVED,,L2_017 haiku b24
AR07628,إِجَازَة,اسم جامد,520,18766,رخصة الغياب,جيز,,,v21:جيز:مقاييس — النص,,إِجَازَة,APPROVED,إفْعَالَة,L2_017 haiku b24 | FLAGS: WAZN_NOT_IN_INV
AR07629,وِلاَيَة,اسم جامد,520,18768,تفويض,ولي,فِعَالَةٌ,roots-4662:ولي:المحكم — المعاني,roots-4662:ولي:مقاييس — المحور,roots-4662:ولي:الأساس — المجاز,وِلاَيَة,APPROVED,,L2_017 haiku b24
AR07631,قَيَّدَ,فعل,520,18772,حد من الحرية,قيد,فَعَّلَ,roots-4662:قيد:المحكم — المعاني,roots-4662:قيد:مقاييس — النص,,قَيَّدَ,APPROVED,,L2_017 haiku b24
AR07633,الضَّوْء الأَخْضَر,تركيب,520,18774;18775;18776,الإذن,,,,,,الضَّوْء الأَخْضَر,APPROVED,,L2_017 haiku b24
AR07634,الموَافَقَة,تركيب,520,18777,الموافقة,,,,,,الموَافَقَة,APPROVED,,L2_017 haiku b24
AR07638,نَهَى,فعل,521,8182,أمر بعدم الفعل,نهي,فَعَلَ,roots-4662:نهي:المحكم — المعاني,roots-4662:نهي:مقاييس — المحور,roots-4662:نهي:الأساس — المجاز,نَهَى,APPROVED,,L2_017 haiku b24
AR07641,مَنَعَ,فعل,521,14690,حال دون,منع,فَعَلَ,roots-4662:منع:المحكم — المعاني,roots-4662:منع:مقاييس — المحور,roots-4662:منع:الأساس — المجاز,مَنَعَ,APPROVED,,L2_017 haiku b24
AR07642,أَجَازَ,فعل,521,18752;18755,أقرّ,جيز,أَفْعَلَ,,v21:جيز:مقاييس — النص,,أَجَازَ,APPROVED,,L2_017 haiku b24
AR07643,أَعْطَى الحَقّ,تركيب,521,18753,منح الحق,,,,,,أَعْطَى الحَقّ,APPROVED,,L2_017 haiku b24
AR07646,وَعَظَ,فعل,523,8193,ألقى موعظة,وعظ,فَعَلَ,roots-4662:وعظ:المحكم — المعاني,roots-4662:وعظ:مقاييس — النص,,وَعَظَ,APPROVED,,L2_017 haiku b24
AR07648,خَطَبَ,فعل,523,8195,ألقى خطبة,خطب,فَعَلَ,roots-4662:خطب:المحكم — المعاني,roots-4662:خطب:مقاييس — المحور,roots-4662:خطب:الأساس — المجاز,خَطَبَ,APPROVED,,L2_017 haiku b24
AR07649,خاطَبَ بإطالة,تركيب,523,8196,تكلم بطول,,,,,,خاطَبَ بإطالة,APPROVED,,L2_017 haiku b24
AR07650,أَسْهَبَ,فعل,523,8197,تكلم بتفصيل,سهب,أَفْعَلَ,roots-4662:سهب:المحكم — المعاني,roots-4662:سهب:مقاييس — المحور,,أَسْهَبَ,APPROVED,,L2_017 haiku b24
AR07652,اسْتَمَرَّ يَتَكَلَّم,تركيب,523,8199,استمر بالكلام,,,,,,اسْتَمَرَّ يَتَكَلَّم,APPROVED,,L2_017 haiku b24
AR07653,نَاقَشَ,فعل,523,8200,تبادل آراء,نقش,فَاعَلَ,roots-4662:نقش:المحكم — المعاني,roots-4662:نقش:مقاييس — المحور,roots-4662:نقش:الأساس — المجاز,نَاقَشَ,APPROVED,,L2_017 haiku b24
AR07654,خَاطَبَ,فعل,523,9170,ألقى خطاباً,خطب,فَاعَلَ,roots-4662:خطب:المحكم — المعاني,roots-4662:خطب:مقاييس — المحور,roots-4662:خطب:الأساس — المجاز,خَاطَبَ,APPROVED,,L2_017 haiku b24
AR07655,خِطَاب,اسم جامد,523,9186,كلام موجه,خطب,فِعَالٌ,roots-4662:خطب:المحكم — المعاني,roots-4662:خطب:مقاييس — المحور,roots-4662:خطب:الأساس — المجاز,خِطَاب,APPROVED,,L2_017 haiku b24
AR07657,أَدْلَى برأيه بغرور,تركيب,523,9901,أعرب بتعجرف,,,,,,أَدْلَى برأيه بغرور,APPROVED,,L2_017 haiku b24
AR07661,مَرْؤُوس,اسم مفعول,530,8212;8214,التابع,رءس,مَفْعُولٌ,roots-4662:رءس:المحكم — المعاني,roots-4662:رءس:مقاييس — المحور,roots-4662:رءس:الأساس — المجاز,مَرْؤُوس,APPROVED,,L2_017 haiku b24 | FLAGS: ROOT_NORMALIZED
AR07662,خَادِم,اسم فاعل,530,8213;8218,الخادم,خدم,فَاعِلٌ,roots-4662:خدم:المحكم — المعاني,roots-4662:خدم:مقاييس — المحور,roots-4662:خدم:الأساس — المجاز,خَادِم,APPROVED,,L2_017 haiku b24
AR07664,رَئِيس,اسم جامد,530,8219,الأعلى رتبة,رءس,فَيْعِلٌ,roots-4662:رءس:المحكم — المعاني,roots-4662:رءس:مقاييس — المحور,roots-4662:رءس:الأساس — المجاز,رَئِيس,APPROVED,,L2_017 haiku b24 | FLAGS: ROOT_NORMALIZED
AR07665,مُسَاعِد,اسم فاعل,530,8220,المساعد,سعد,مُفَاعِلٌ,roots-4662:سعد:المحكم — المعاني,roots-4662:سعد:مقاييس — المحور,roots-4662:سعد:الأساس — المجاز,مُسَاعِد,APPROVED,,L2_017 haiku b24
AR07669,أَدَاة,اسم جامد,530,13549,الأداة,,,,,,أَدَاة,APPROVED,,L2_017 haiku b24 | FLAGS: ROOT_MISSING;WAZN_MISSING
AR07670,أَعْلَى رُتْبَة,تركيب,530,14160,ذو مركز أعلى,,,,,,أَعْلَى رُتْبَة,APPROVED,,L2_017 haiku b24
AR07671,أَقَلّ رُتْبَة,تركيب,530,14161,ذو مركز أقل,,,,,,أَقَلّ رُتْبَة,APPROVED,,L2_017 haiku b24
AR07672,خَدَمَ,فعل,530,17139,عمل لمصلحة,خدم,فَعَلَ,roots-4662:خدم:المحكم — المعاني,roots-4662:خدم:مقاييس — المحور,roots-4662:خدم:الأساس — المجاز,خَدَمَ,APPROVED,,L2_017 haiku b24
AR07673,مَرِيب,صفة مشبهة,531,8224;8225,محتمل الخطر,ريب,فَعِيلٌ,roots-4662:ريب:المحكم — المعاني,roots-4662:ريب:مقاييس — المحور,,مَرِيب,APPROVED,,L2_017 haiku b24
AR07675,غَرِيب,صفة مشبهة,531,8227,يثير الريبة,غرب,فَعِيلٌ,roots-4662:غرب:المحكم — المعاني,roots-4662:غرب:مقاييس — النص,roots-4662:غرب:الأساس — المجاز,غَرِيب,APPROVED,,L2_017 haiku b24
AR07676,غَيْر مَوْثُوق,تركيب,531,8228,غير معتمد,,,,,,غَيْر مَوْثُوق,APPROVED,,L2_017 haiku b24
AR07680,أَسْبَاب,اسم جامد,541,8242,العوامل,سبب,,roots-4662:سبب:المحكم — المعاني,roots-4662:سبب:مقاييس — النص,roots-4662:سبب:الأساس — المجاز,أَسْبَاب,APPROVED,أَفْعَال,L2_017 haiku b24 | FLAGS: WAZN_NOT_IN_INV
AR07682,يَسْتَلْزِم,فعل,541,8312,يقتضي,لزم,,roots-4662:لزم:المحكم — المعاني,roots-4662:لزم:مقاييس — المحور,roots-4662:لزم:الأساس — المجاز,يَسْتَلْزِم,APPROVED,يَسْتَفْعِل,L2_017 haiku b24 | FLAGS: WAZN_NOT_IN_INV
AR07684,ادَّعَى,فعل,550,8265,ادعى,دعي,اِفْتَعَلَ,,,,ادَّعَى,APPROVED,,L2_017 haiku b24
AR07687,تَأْشِيرَة,اسم جامد,560,8290,إذن الدخول,شير,تَفْعِيلَةٌ,v21:شير:المحكم — المعاني,,,تَأْشِيرَة,APPROVED,,L2_017 haiku b24
AR07688,جَوَاز سَفَر,تركيب,560,8291,وثيقة الهوية,,,,,,جَوَاز سَفَر,APPROVED,,L2_017 haiku b24
AR07689,إِسْتِدْعَاء,اسم جامد,560,8292;8365,أمر الحضور,دعا,,,,,إِسْتِدْعَاء,APPROVED,إفْتِعَال,L2_017 haiku b24 | FLAGS: ROOT_ALIF;WAZN_NOT_IN_INV
AR07692,أَوْرَاق,اسم جامد,560,8331,وثائق,ورق,,roots-4662:ورق:المحكم — المعاني,roots-4662:ورق:مقاييس — المحور,roots-4662:ورق:الأساس — المجاز,أَوْرَاق,APPROVED,أَفْعَال,L2_017 haiku b24 | FLAGS: WAZN_NOT_IN_INV
AR07693,رُخْصَة,اسم جامد,560,8364;11165,إذن عمل,رخص,فُعْلَةٌ,roots-4662:رخص:المحكم — المعاني,roots-4662:رخص:مقاييس — المحور,roots-4662:رخص:الأساس — المجاز,رُخْصَة,APPROVED,,L2_017 haiku b24
AR07694,وَثِيقَة,اسم جامد,560,8367;11422,عقد قانوني,وثق,فَاعِلَةٌ,roots-4662:وثق:المحكم — المعاني,roots-4662:وثق:مقاييس — المحور,,وَثِيقَة,APPROVED,,L2_017 haiku b24
AR07695,عَقْد إِيجَار,تركيب,560,8368,عقد استئجار,,,,,,عَقْد إِيجَار,APPROVED,,L2_017 haiku b24
AR07697,مُعَاهَدَة,اسم جامد,560,8370,اتفاق دولي,عاهد,مُفَاعَلَةٌ,,,,مُعَاهَدَة,APPROVED,,L2_017 haiku b24 | FLAGS: ROOT_ALIF
AR07698,قَانُون أَسَاسِي,تركيب,560,8371,قانون تأسيسي,,,,,,قَانُون أَسَاسِي,APPROVED,,L2_017 haiku b24
AR07700,مُلَخَّص,اسم مفعول,560,8383,موجز,لخص,مُفَعَّلٌ,roots-4662:لخص:المحكم — المعاني,roots-4662:لخص:مقاييس — النص,,مُلَخَّص,APPROVED,,L2_017 haiku b24
AR07702,إِقْرَار حَلْفِي,تركيب,560,8385,تصريح موثق,,,,,,إِقْرَار حَلْفِي,APPROVED,,L2_017 haiku b24
AR07703,وَصِيَّة,اسم جامد,560,8386;8388,وثيقة وصايا,وصي,فَعِيلَةٌ,roots-4662:وصي:المحكم — المعاني,roots-4662:وصي:مقاييس — المحور,,وَصِيَّة,APPROVED,,L2_017 haiku b24
AR07705,نَتِيجَة,اسم جامد,560,8390,خلاصة,نتج,فَاعِلَةٌ,roots-4662:نتج:المحكم — المعاني,roots-4662:نتج:مقاييس — النص,roots-4662:نتج:الأساس — المجاز,نَتِيجَة,APPROVED,,L2_017 haiku b24
AR07706,رَأْي,اسم جامد,560,8391,تصريح الحكم,ريي,فَعْلٌ,,,,رَأْي,APPROVED,,L2_017 haiku b24
AR07707,حَقّ الملكية,تركيب,560,8392,حق الملك,,,,,,حَقّ الملكية,APPROVED,,L2_017 haiku b24
AR07710,اتِّفَاق,اسم جامد,560,13767,اتفاق,وفق,اِفْتِعَالٌ,roots-4662:وفق:المحكم — المعاني,roots-4662:وفق:مقاييس — المحور,,اتِّفَاق,APPROVED,,L2_017 haiku b24
AR07712,بِطَاقَة هُوِيَّة,تركيب,560,17352,وثيقة إثبات,,,,,,بِطَاقَة هُوِيَّة,APPROVED,,L2_017 haiku b24
AR07713,بِطَاقَة عَمَل,تركيب,560,18640,بطاقة مهنية,,,,,,بِطَاقَة عَمَل,APPROVED,,L2_017 haiku b24
AR07717,قِتَال,اسم جامد,563,8271,الحرب,قتل,فِعَالٌ,roots-4662:قتل:المحكم — المعاني,roots-4662:قتل:مقاييس — المحور,roots-4662:قتل:الأساس — المجاز,قِتَال,APPROVED,,L2_017 haiku b24
AR07718,خِصَام,اسم جامد,563,8272,نزاع عنيف,خصم,فِعَالٌ,roots-4662:خصم:المحكم — المعاني,roots-4662:خصم:مقاييس — المحور,roots-4662:خصم:الأساس — المجاز,خِصَام,APPROVED,,L2_017 haiku b24
AR07719,فِتْنَة,اسم جامد,563,8280,اضطراب صاخب,فتن,فِعْلَةٌ,roots-4662:فتن:المحكم — المعاني,roots-4662:فتن:مقاييس — المحور,,فِتْنَة,APPROVED,,L2_017 haiku b24
AR07723,نَتِيجَة,اسم جامد,602,11102,الرقم,نتج,فَاعِلَةٌ,roots-4662:نتج:المحكم — المعاني,roots-4662:نتج:مقاييس — النص,roots-4662:نتج:الأساس — المجاز,نَتِيجَة,APPROVED,,L2_017 haiku b24
AR07724,كُلِّي,اسم منسوب,602,13174,الشامل,كلل,,roots-4662:كلل:المحكم — المعاني,roots-4662:كلل:مقاييس — المحور,roots-4662:كلل:الأساس — المجاز,كُلِّي,APPROVED,فُعِّي,L2_017 haiku b24 | FLAGS: WAZN_NOT_IN_INV
AR07725,بَلَغَ عَدَدُه,تركيب,602,13463,وصل عدده,,,,,,بَلَغَ عَدَدُه,APPROVED,,L2_017 haiku b24
AR07726,بِمَقْدَار,تركيب,602,18669,بكمية,,,,,,بِمَقْدَار,APPROVED,,L2_017 haiku b24
AR07731,جَلْفَنَ,فعل,620,8580,طلى بزنك,جلفن,فَعْلَلَ,,,,جَلْفَنَ,APPROVED,,L2_017 haiku b24
AR07732,أَثْرَى,فعل,620,10645,زاد النسبة,ثري,أَفْعَلَ,,v21:ثري:مقاييس — النص,v21:ثري:الأساس — المجاز,أَثْرَى,APPROVED,,L2_017 haiku b24
AR07733,إِثْرَاء,مصدر,620,10646,زيادة النسبة,ثري,,,v21:ثري:مقاييس — النص,v21:ثري:الأساس — المجاز,إِثْرَاء,APPROVED,إفْعَال,L2_017 haiku b24 | FLAGS: WAZN_NOT_IN_INV
AR07734,أَعَاد مُعَالَجَة,تركيب,620,11439,معالجة ثانية,,,,,,أَعَاد مُعَالَجَة,APPROVED,,L2_017 haiku b24
AR07735,إعَادَة مُعَالَجَة,تركيب,620,11440,معالجة متكررة,,,,,,إعَادَة مُعَالَجَة,APPROVED,,L2_017 haiku b24
AR07736,سَلِّح,فعل,620,12447,حوّل لسلاح,سلح,فَعَّلَ,roots-4662:سلح:المحكم — المعاني,roots-4662:سلح:مقاييس — النص,,سَلِّح,APPROVED,,L2_017 haiku b24
AR07737,تَسْلِيح,مصدر,620,12448,التحويل لسلاح,سلح,تَفْعِيلٌ,roots-4662:سلح:المحكم — المعاني,roots-4662:سلح:مقاييس — النص,,تَسْلِيح,APPROVED,,L2_017 haiku b24
AR07738,غَزَلَ,فعل,620,15058,حوّل إلى خيط,غزل,فَعَلَ,roots-4662:غزل:المحكم — المعاني,roots-4662:غزل:مقاييس — النص,roots-4662:غزل:الأساس — المجاز,غَزَلَ,APPROVED,,L2_017 haiku b24
AR07742,اسْتَحْصَلَ المَجْمُوع,تركيب,621,8508,احسب,,,,,,اسْتَحْصَلَ المَجْمُوع,APPROVED,,L2_017 haiku b24
AR07744,عَرَّضَ للخَطَر,تركيب,631,8503,وضع في الخطر,,,,,,عَرَّضَ للخَطَر,APPROVED,,L2_017 haiku b24
AR07747,هَدَّدَ,فعل,631,11704,عرّض للخطر,هدد,فَعَّلَ,roots-4662:هدد:المحكم — المعاني,roots-4662:هدد:مقاييس — المحور,roots-4662:هدد:الأساس — المجاز,هَدَّدَ,APPROVED,,L2_017 haiku b24
AR07750,سَتَرَ,فعل,652,8536,يخفي عن العيون,ستر,فَعَلَ,roots-4662:ستر:المحكم — المعاني,roots-4662:ستر:مقاييس — المحور,,سَتَرَ,APPROVED,,L2_017 haiku b25
AR07751,غَطَّى,فعل,652,8537,يحجب جزئياً أو كلياً,غطي,فَعَّلَ,,,,غَطَّى,APPROVED,,L2_017 haiku b25
AR07752,أَخْفَى,فعل,652,8538,لا يجعله يُرى,خفي,أَفْعَلَ,roots-4662:خفي:المحكم — المعاني,roots-4662:خفي:مقاييس — المحور,,أَخْفَى,APPROVED,,L2_017 haiku b25
AR07754,مَوَّهَ,فعل,652,8540,يختفي جزئياً,موه,فَعَّلَ,roots-4662:موه:المحكم — المعاني,roots-4662:موه:مقاييس — النص,,مَوَّهَ,APPROVED,,L2_017 haiku b25
AR07756,طَمَسَ,فعل,652,8542,يمحو من المرأى,طمس,فَعَلَ,v21:طمس:المحكم — المعاني,v21:طمس:مقاييس — المحور,v21:طمس:الأساس — المجاز,طَمَسَ,APPROVED,,L2_017 haiku b25
AR07758,سَدَّ,فعل,652,8545,يسد الرؤية,سدد,فَعَّلَ,roots-4662:سدد:المحكم — المعاني,roots-4662:سدد:مقاييس — المحور,roots-4662:سدد:الأساس — المجاز,سَدَّ,APPROVED,,L2_017 haiku b25 | FLAGS: WAZN_LEMMA_MISMATCH
AR07760,مُقَنَّع,اسم مفعول,652,8548,مخفى البشرة,قنع,مُفَعَّلٌ,roots-4662:قنع:المحكم — المعاني,roots-4662:قنع:مقاييس — المحور,roots-4662:قنع:الأساس — المجاز,مُقَنَّع,APPROVED,,L2_017 haiku b25
AR07761,مُنَقَّب,اسم مفعول,652,8549,محجوب كبالنقاب,نقب,مُفَعَّلٌ,roots-4662:نقب:المحكم — المعاني,roots-4662:نقب:مقاييس — المحور,,مُنَقَّب,APPROVED,,L2_017 haiku b25
AR07762,مُغَطَّى,اسم مفعول,652,8550,محاط كلياً,غطي,مُفَعَّلٌ,,,,مُغَطَّى,APPROVED,,L2_017 haiku b25
AR07763,أَسْدَد,فعل,652,8551,يوقف الفتحة,سدد,أَفْعَلَ,roots-4662:سدد:المحكم — المعاني,roots-4662:سدد:مقاييس — المحور,roots-4662:سدد:الأساس — المجاز,أَسْدَد,APPROVED,,L2_017 haiku b25
AR07765,لَفَّ,فعل,652,8555,يلف كاملاً,لفف,فَعَّلَ,roots-4662:لفف:المحكم — المعاني,roots-4662:لفف:مقاييس — المحور,,لَفَّ,APPROVED,,L2_017 haiku b25 | FLAGS: WAZN_LEMMA_MISMATCH
AR07766,مَلْفُوف,اسم مفعول,652,8556,ملفوف بالكفن,لفف,مَفْعُولٌ,roots-4662:لفف:المحكم — المعاني,roots-4662:لفف:مقاييس — المحور,,مَلْفُوف,APPROVED,,L2_017 haiku b25
AR07767,مُتَرَجِّح,اسم فاعل,652,8557,محجوب باللباس,رجح,مُتَفَعِّلٌ,roots-4662:رجح:المحكم — المعاني,roots-4662:رجح:مقاييس — المحور,roots-4662:رجح:الأساس — المجاز,مُتَرَجِّح,APPROVED,,L2_017 haiku b25
AR07768,كُسُوف,اسم مصدر,652,8559,اختفاء ضوء الجرم السماوي,كسف,فُعُولٌ,roots-4662:كسف:المحكم — المعاني,roots-4662:كسف:مقاييس — المحور,roots-4662:كسف:الأساس — المجاز,كُسُوف,APPROVED,,L2_017 haiku b25
AR07769,سِدّ,اسم جامد,652,8560,ما يسد الفتحة,سدد,فِعْلٌ,roots-4662:سدد:المحكم — المعاني,roots-4662:سدد:مقاييس — المحور,roots-4662:سدد:الأساس — المجاز,سِدّ,APPROVED,,L2_017 haiku b25 | FLAGS: WAZN_LEMMA_MISMATCH
AR07772,عَرْقَلَ,فعل,652,8565,يعيق الطريق,عرقل,فَعْلَلَ,,,,عَرْقَلَ,APPROVED,,L2_017 haiku b25
AR07774,مُغَيَّم,اسم مفعول,652,8693,محجوب بالغيوم,غيم,مُفَعَّلٌ,roots-4662:غيم:المحكم — المعاني,roots-4662:غيم:مقاييس — المحور,roots-4662:غيم:الأساس — المجاز,مُغَيَّم,APPROVED,,L2_017 haiku b25
AR07776,كَفَّن,فعل,652,8713,يحجب كالكفن,كفن,فَعَّلَ,roots-4662:كفن:المحكم — المعاني,roots-4662:كفن:مقاييس — النص,roots-4662:كفن:الأساس — المجاز,كَفَّن,APPROVED,,L2_017 haiku b25
AR07777,مُكَفَّن,اسم مفعول,652,8714,مغطى كالكفن,كفن,مُفَعَّلٌ,roots-4662:كفن:المحكم — المعاني,roots-4662:كفن:مقاييس — النص,roots-4662:كفن:الأساس — المجاز,مُكَفَّن,APPROVED,,L2_017 haiku b25
AR07778,وُجِدَ,فعل,660,8570,كان موجوداً بالفعل,وجد,,roots-4662:وجد:المحكم — المعاني,roots-4662:وجد:مقاييس — المحور,roots-4662:وجد:الأساس — المجاز,وُجِدَ,APPROVED,فُعِلَ,L2_017 haiku b25 | FLAGS: WAZN_NOT_IN_INV
AR07779,وُجُود,مصدر,660,8571,حالة كون الشيء موجوداً,وجد,فُعُولٌ,roots-4662:وجد:المحكم — المعاني,roots-4662:وجد:مقاييس — المحور,roots-4662:وجد:الأساس — المجاز,وُجُود,APPROVED,,L2_017 haiku b25
AR07783,هَزَّ,فعل,670,9105,اهتز بقوة,هزز,فَعَّلَ,roots-4662:هزز:المحكم — المعاني,roots-4662:هزز:مقاييس — المحور,roots-4662:هزز:الأساس — المجاز,هَزَّ,APPROVED,,L2_017 haiku b25 | FLAGS: WAZN_LEMMA_MISMATCH
AR07784,دَارَ,فعل,670,9106;12882,دوران حول محور ثابت,دور,فَعَلَ,roots-4662:دور:المحكم — المعاني,roots-4662:دور:مقاييس — المحور,,دَارَ,APPROVED,,L2_017 haiku b25
AR07785,ارْتِعَاش,مصدر,670,9107,اهتزاز خفيف,رعش,اِفْتِعَالٌ,roots-4662:رعش:المحكم — المعاني,roots-4662:رعش:مقاييس — النص,roots-4662:رعش:الأساس — المجاز,ارْتِعَاش,APPROVED,,L2_017 haiku b25
AR07786,دَوَّرَ,فعل,670,9108,دوران سريع,دور,فَعَّلَ,roots-4662:دور:المحكم — المعاني,roots-4662:دور:مقاييس — المحور,,دَوَّرَ,APPROVED,,L2_017 haiku b25
AR07787,ذَبْذَبَ,فعل,670,9109,اهتزاز سريع,ذبب,فَعْلَلَ,roots-4662:ذبب:المحكم — المعاني,roots-4662:ذبب:مقاييس — المحور,roots-4662:ذبب:الأساس — المجاز,ذَبْذَبَ,APPROVED,,L2_017 haiku b25 | FLAGS: WAZN_LEMMA_MISMATCH
AR07788,تَرَنَّح,فعل,670,10142,تأرجح معلق,ترنح,تَفَعَّلَ,,,,تَرَنَّح,APPROVED,,L2_017 haiku b25
AR07789,تَدَلَّى,فعل,670,10870,سقط معه,تدلي,تَفَعَّلَ,,,,تَدَلَّى,APPROVED,,L2_017 haiku b25
AR07790,وَرِفَ,فعل,670,10872,اهتز خفيفاً,وروف,فَعِلَ,,,,وَرِفَ,APPROVED,,L2_017 haiku b25
AR07791,رِعْشَة,اسم مرة,670,10873,اهتزاز طفيف,رعش,فِعْلَةٌ,roots-4662:رعش:المحكم — المعاني,roots-4662:رعش:مقاييس — النص,roots-4662:رعش:الأساس — المجاز,رِعْشَة,APPROVED,,L2_017 haiku b25 | FLAGS: MARRA_NOT_FALA
AR07792,لَوَّحَ,فعل,670,10877,حركة جانبية ثابتة,لوح,فَعَّلَ,roots-4662:لوح:المحكم — المعاني,roots-4662:لوح:مقاييس — النص,roots-4662:لوح:الأساس — المجاز,لَوَّحَ,APPROVED,,L2_017 haiku b25
AR07793,تَمَايَلَ,فعل,670,10880,حركة رقيقة جانبية,ميل,تَفَاعَلَ,roots-4662:ميل:المحكم — المعاني,roots-4662:ميل:مقاييس — النص,roots-4662:ميل:الأساس — المجاز,تَمَايَلَ,APPROVED,,L2_017 haiku b25
AR07794,تَدَحْرَجَ,فعل,670,10881,انقلاب حول محور,درج,تَفَعْلَلَ,roots-4662:درج:المحكم — المعاني,roots-4662:درج:مقاييس — المحور,roots-4662:درج:الأساس — المجاز,تَدَحْرَجَ,APPROVED,,L2_017 haiku b25 | FLAGS: WAZN_LEMMA_MISMATCH
AR07796,دَوَّمَ,فعل,670,11242,دوران سريع,دوم,فَعَّلَ,roots-4662:دوم:المحكم — المعاني,roots-4662:دوم:مقاييس — المحور,roots-4662:دوم:الأساس — المجاز,دَوَّمَ,APPROVED,,L2_017 haiku b25
AR07797,زَلْزَال,اسم جامد,670,13726,اهتزاز الأرض الشديد,زلزل,فَعْلالٌ (مضاعف),,,,زَلْزَال,APPROVED,,L2_017 haiku b25
AR07798,زَلْزِلَة,اسم مصدر,670,13727;13728,اهتزاز الأرض القوي,زلزل,,,,,زَلْزِلَة,APPROVED,فَعْلِلَة,L2_017 haiku b25 | FLAGS: WAZN_NOT_IN_INV
AR07805,غَيَّرَ,فعل,683,9271,يبدل الطبيعة,غير,فَعَّلَ,roots-4662:غير:المحكم — المعاني,roots-4662:غير:مقاييس — المحور,roots-4662:غير:الأساس — المجاز,غَيَّرَ,APPROVED,,L2_017 haiku b25
AR07811,نَوَّعَ,فعل,683,13324,جعله متنوعاً,نوع,فَعَّلَ,roots-4662:نوع:المحكم — المعاني,roots-4662:نوع:مقاييس — المحور,,نَوَّعَ,APPROVED,,L2_017 haiku b25
AR07812,تَنَوُّع,مصدر,683,13325,تغيير طفيف,نوع,تَفَعُّلٌ,roots-4662:نوع:المحكم — المعاني,roots-4662:نوع:مقاييس — المحور,,تَنَوُّع,APPROVED,,L2_017 haiku b25
AR07813,أَعَادَ تَشْكِيلَ,تركيب,683,14025,إعادة التشكيل,,,,,,أَعَادَ تَشْكِيلَ,APPROVED,,L2_017 haiku b25
AR07814,انْتَقَلَ,فعل,683,17514,الانتقال من صنف لآخر,نقل,اِنْفَعَلَ,roots-4662:نقل:المحكم — المعاني,roots-4662:نقل:مقاييس — المحور,roots-4662:نقل:الأساس — المجاز,انْتَقَلَ,APPROVED,,L2_017 haiku b25 | FLAGS: WAZN_LEMMA_MISMATCH
AR07815,شَوَّهَ,فعل,683,18453,تشويه الشكل,شوه,فَعَّلَ,v21:شوه:المحكم — المعاني,,v21:شوه:الأساس — المجاز,شَوَّهَ,APPROVED,,L2_017 haiku b25
AR07816,رَكِبَ,فعل,690,8752,السفر على مركبة,ركب,فَعِلَ,roots-4662:ركب:المحكم — المعاني,roots-4662:ركب:مقاييس — المحور,,رَكِبَ,APPROVED,,L2_017 haiku b25
AR07820,اسْتَقْلَعَ,فعل,690,8757,استخدام مركبة,قلع,اِسْتَفْعَلَ,roots-4662:قلع:المحكم — المعاني,roots-4662:قلع:مقاييس — المحور,,اسْتَقْلَعَ,APPROVED,,L2_017 haiku b25
AR07821,اِنْزَلَقَ,فعل,690,8857,حركة بدون وقود,زلق,اِفْتَعَلَ,roots-4662:زلق:المحكم — المعاني,roots-4662:زلق:مقاييس — المحور,roots-4662:زلق:الأساس — المجاز,اِنْزَلَقَ,APPROVED,,L2_017 haiku b25 | FLAGS: WAZN_LEMMA_MISMATCH
AR07823,توَقَّفَ,فعل,690,8917,الحصول على تنقل,وقف,تَفَعَّلَ,roots-4662:وقف:المحكم — المعاني,roots-4662:وقف:مقاييس — المحور,roots-4662:وقف:الأساس — المجاز,توَقَّفَ,APPROVED,,L2_017 haiku b25
AR07824,رُكُوب,مصدر,690,13478,فعل الركوب,ركب,فُعُولٌ,roots-4662:ركب:المحكم — المعاني,roots-4662:ركب:مقاييس — المحور,,رُكُوب,APPROVED,,L2_017 haiku b25
AR07827,رَكِبَ الحَافِلَة,تركيب,690,15782,ركوب الحافلة,,,,,,رَكِبَ الحَافِلَة,APPROVED,,L2_017 haiku b25
AR07829,أَرْجَى,فعل,691,8760;12120,إعادة جدولة لاحقة,ءرجي,أَفْعَلَ,,,,أَرْجَى,APPROVED,,L2_017 haiku b25 | FLAGS: ROOT_NORMALIZED
AR07832,قَدَّمَ,فعل,691,10182,تقديم التاريخ,قدم,فَعَّلَ,roots-4662:قدم:المحكم — المعاني,roots-4662:قدم:مقاييس — المحور,roots-4662:قدم:الأساس — المجاز,قَدَّمَ,APPROVED,,L2_017 haiku b25
AR07833,تَقَدَّمَ,فعل,691,10351,تقديم الموعد,قدم,تَفَعَّلَ,roots-4662:قدم:المحكم — المعاني,roots-4662:قدم:مقاييس — المحور,roots-4662:قدم:الأساس — المجاز,تَقَدَّمَ,APPROVED,,L2_017 haiku b25
AR07834,أَرْسَلَ,فعل,691,12122,تأخير الموعد,رسل,أَفْعَلَ,roots-4662:رسل:المحكم — المعاني,roots-4662:رسل:مقاييس — المحور,roots-4662:رسل:الأساس — المجاز,أَرْسَلَ,APPROVED,,L2_017 haiku b25
AR07837,أَعَادَ جَدْوَلَة,تركيب,691,17602,إعادة جدولة الحدث,,,,,,أَعَادَ جَدْوَلَة,APPROVED,,L2_017 haiku b25
AR07838,تَأْخِير مُدَّة,تركيب,691,17626,مدة التأخير الفعلي,,,,,,تَأْخِير مُدَّة,APPROVED,,L2_017 haiku b25
AR07839,اِرْتَكَبَ,فعل,700,8770,فعل الجريمة,ركب,اِفْتَعَلَ,roots-4662:ركب:المحكم — المعاني,roots-4662:ركب:مقاييس — المحور,,اِرْتَكَبَ,APPROVED,,L2_017 haiku b25
AR07840,اِقْتَرَفَ,فعل,700,8771,ارتكاب الفعل السيء,قرف,اِفْتَعَلَ,roots-4662:قرف:المحكم — المعاني,roots-4662:قرف:مقاييس — المحور,roots-4662:قرف:الأساس — المجاز,اِقْتَرَفَ,APPROVED,,L2_017 haiku b25
AR07842,اِرْتِكَاب,مصدر,700,12702,فعل ارتكاب الجريمة,ركب,اِفْتِعَالٌ,roots-4662:ركب:المحكم — المعاني,roots-4662:ركب:مقاييس — المحور,,اِرْتِكَاب,APPROVED,,L2_017 haiku b25
AR07843,خَاصَمَ,فعل,710,8921,تبادل الآراء الحادة,خصم,فَاعَلَ,roots-4662:خصم:المحكم — المعاني,roots-4662:خصم:مقاييس — المحور,roots-4662:خصم:الأساس — المجاز,خَاصَمَ,APPROVED,,L2_017 haiku b25
AR07844,اخْتَلَفَ,فعل,710,8922,عدم الاتفاق,خلف,اِفْتَعَلَ,roots-4662:خلف:المحكم — المعاني,roots-4662:خلف:مقاييس — المحور,roots-4662:خلف:الأساس — المجاز,اخْتَلَفَ,APPROVED,,L2_017 haiku b25
AR07845,تَنَاقَشَ,فعل,710,8923,مجادلة سخيفة,نقش,تَفَاعَلَ,roots-4662:نقش:المحكم — المعاني,roots-4662:نقش:مقاييس — المحور,roots-4662:نقش:الأساس — المجاز,تَنَاقَشَ,APPROVED,,L2_017 haiku b25
AR07849,خِصَام,مصدر,710,8929;8935;8942,قطيعة,خصم,فِعَالٌ,roots-4662:خصم:المحكم — المعاني,roots-4662:خصم:مقاييس — المحور,roots-4662:خصم:الأساس — المجاز,خِصَام,APPROVED,,L2_017 haiku b25
AR07850,نِزَاع,اسم جامد,710,8930,نزاع أو جدال,نزع,فِعَالٌ,roots-4662:نزع:المحكم — المعاني,roots-4662:نزع:مقاييس — المحور,roots-4662:نزع:الأساس — المجاز,نِزَاع,APPROVED,,L2_017 haiku b25
AR07852,تَنَاطَحَ,فعل,710,8932,التشاجر,نطح,تَفَاعَلَ,roots-4662:نطح:المحكم — المعاني,roots-4662:نطح:مقاييس — المحور,roots-4662:نطح:الأساس — المجاز,تَنَاطَحَ,APPROVED,,L2_017 haiku b25
AR07853,مَاحَكَ,فعل,710,8936,الجدل حول سفه,محك,فَاعَلَ,roots-4662:محك:المحكم — المعاني,roots-4662:محك:مقاييس — النص,,مَاحَكَ,APPROVED,,L2_017 haiku b25
AR07855,نِزَاعٌ طَفِيف,تركيب,710,8939,خصام تافه,,,,,,نِزَاعٌ طَفِيف,APPROVED,,L2_017 haiku b25
AR07856,تَخَاصَمَ,فعل,710,8940,الدخول في مشاجرة,خصم,تَفَاعَلَ,roots-4662:خصم:المحكم — المعاني,roots-4662:خصم:مقاييس — المحور,roots-4662:خصم:الأساس — المجاز,تَخَاصَمَ,APPROVED,,L2_017 haiku b25
AR07857,تَخَاصُم,مصدر,710,8941,شجار تافه,خصم,تَفَاعُلٌ,roots-4662:خصم:المحكم — المعاني,roots-4662:خصم:مقاييس — المحور,roots-4662:خصم:الأساس — المجاز,تَخَاصُم,APPROVED,,L2_017 haiku b25
AR07859,جِدَالٌ حَادّ,تركيب,710,8956,جدال حاد بلا حل,,,,,,جِدَالٌ حَادّ,APPROVED,,L2_017 haiku b25
AR07861,لَامَ,فعل,711,8944,توبيخ اللوم,لوم,فَاعَلَ,roots-4662:لوم:المحكم — المعاني,roots-4662:لوم:مقاييس — المحور,,لَامَ,APPROVED,,L2_017 haiku b25
AR07864,نَاقَدَ,فعل,711,8947,انتقاد حاد,نقد,فَاعَلَ,roots-4662:نقد:المحكم — المعاني,roots-4662:نقد:مقاييس — المحور,,نَاقَدَ,APPROVED,,L2_017 haiku b25
AR07866,سَخِرَ,فعل,711,8949,السخرية واللمز,سخر,فَعِلَ,roots-4662:سخر:المحكم — المعاني,,roots-4662:سخر:الأساس — المجاز,سَخِرَ,APPROVED,,L2_017 haiku b25
AR07867,هُزْء,مصدر,711,8950,كلام ساخر,هزء,فُعْلٌ,roots-4662:هزء:المحكم — المعاني,roots-4662:هزء:مقاييس — النص,roots-4662:هزء:الأساس — المجاز,هُزْء,APPROVED,,L2_017 haiku b25 | FLAGS: ROOT_NORMALIZED
AR07868,مَدِيح,مصدر,711,8951,ثناء مؤدب,مدح,فَعِيلٌ,roots-4662:مدح:المحكم — المعاني,roots-4662:مدح:مقاييس — المحور,,مَدِيح,APPROVED,,L2_017 haiku b25
AR07869,مَدَحَ,فعل,711,8952,الثناء والتهنئة,مدح,فَعَلَ,roots-4662:مدح:المحكم — المعاني,roots-4662:مدح:مقاييس — المحور,,مَدَحَ,APPROVED,,L2_017 haiku b25
AR07873,تِقْرِيع,مصدر,711,8958,توبيخ عنيف,قرع,,roots-4662:قرع:المحكم — المعاني,roots-4662:قرع:مقاييس — النص,roots-4662:قرع:الأساس — المجاز,تِقْرِيع,APPROVED,تِفْعِيل,L2_017 haiku b25 | FLAGS: WAZN_NOT_IN_INV
AR07874,انْتَقَدَ,فعل,711,8959;10554,نقد غاضب,نقد,اِفْتَعَلَ,roots-4662:نقد:المحكم — المعاني,roots-4662:نقد:مقاييس — المحور,,انْتَقَدَ,APPROVED,,L2_017 haiku b25
AR07875,وَعَظَ,فعل,711,8960,تنبيه قوي,وعظ,فَعَلَ,roots-4662:وعظ:المحكم — المعاني,roots-4662:وعظ:مقاييس — النص,,وَعَظَ,APPROVED,,L2_017 haiku b25
AR07876,مَوْعِظَة,مصدر,711,8961,موعظة وتنبيه,وعظ,مَفْعِلَةٌ,roots-4662:وعظ:المحكم — المعاني,roots-4662:وعظ:مقاييس — النص,,مَوْعِظَة,APPROVED,,L2_017 haiku b25
AR07877,إِنْذَار,مصدر,711,8962,تحذير مباشر,نذر,إِفْعَالٌ,roots-4662:نذر:المحكم — المعاني,roots-4662:نذر:مقاييس — المحور,,إِنْذَار,APPROVED,,L2_017 haiku b25
AR07878,إِنْكَار,مصدر,711,8963,استنكار رسمي,نكر,إِفْعَالٌ,roots-4662:نكر:المحكم — المعاني,roots-4662:نكر:مقاييس — المحور,,إِنْكَار,APPROVED,,L2_017 haiku b25
AR07879,قَرَّعَ,فعل,711,8964,توجيه التقريع,قرع,فَعَّلَ,roots-4662:قرع:المحكم — المعاني,roots-4662:قرع:مقاييس — النص,roots-4662:قرع:الأساس — المجاز,قَرَّعَ,APPROVED,,L2_017 haiku b25
AR07880,تِقْرِيعِيّ,اسم منسوب,711,8965,يتعلق بالتقريع,قرع,,roots-4662:قرع:المحكم — المعاني,roots-4662:قرع:مقاييس — النص,roots-4662:قرع:الأساس — المجاز,تِقْرِيعِيّ,APPROVED,تِفْعِيلِيّ,L2_017 haiku b25 | FLAGS: WAZN_NOT_IN_INV
AR07882,هَاجَمَ,فعل,711,8967,انتقاد عدواني,هجم,فَاعَلَ,roots-4662:هجم:المحكم — المعاني,roots-4662:هجم:مقاييس — المحور,roots-4662:هجم:الأساس — المجاز,هَاجَمَ,APPROVED,,L2_017 haiku b25
AR07883,زَجَرَ,فعل,711,8968,منع باللوم,زجر,فَعَلَ,roots-4662:زجر:المحكم — المعاني,roots-4662:زجر:مقاييس — المحور,,زَجَرَ,APPROVED,,L2_017 haiku b25
AR07884,تَأْنِيب,مصدر,711,8969,لوم وتوبيخ,نيب,تَفْعِيلٌ,roots-4662:نيب:المحكم — المعاني,,,تَأْنِيب,APPROVED,,L2_017 haiku b25
AR07886,صَرْخَة لَوْم,تركيب,711,13042,توبيخ صاخب قاسٍ,,,,,,صَرْخَة لَوْم,APPROVED,,L2_017 haiku b25
AR07887,هَنَّأَ,فعل,711,17267,التهنئة بالحدث,هنء,فَعَّلَ,,roots-4662:هنء:مقاييس — المحور,roots-4662:هنء:الأساس — المجاز,هَنَّأَ,APPROVED,,L2_017 haiku b25 | FLAGS: ROOT_NORMALIZED
AR07888,انْتَقَدَ بِحِدَّة,تركيب,711,18485,انتقاد حاد,,,,,,انْتَقَدَ بِحِدَّة,APPROVED,,L2_017 haiku b25
AR07889,مَرْتَبِط,اسم فاعل,720,8989,له علاقة بآخر,ربط,,roots-4662:ربط:المحكم — المعاني,roots-4662:ربط:مقاييس — المحور,roots-4662:ربط:الأساس — المجاز,مَرْتَبِط,APPROVED,مَفْتَعِل,L2_017 haiku b25 | FLAGS: WAZN_NOT_IN_INV
AR07890,ذَو صِلَة,تركيب,720,8990,متعلق بطريقة ما,,,,,,ذَو صِلَة,APPROVED,,L2_017 haiku b25
AR07891,مُتَّصِل,اسم فاعل,720,8991,مترابط بشكل ما,وصل,مُتَفَعِّلٌ,roots-4662:وصل:المحكم — المعاني,roots-4662:وصل:مقاييس — المحور,,مُتَّصِل,APPROVED,,L2_017 haiku b25
AR07894,تَوَحَّدَ,فعل,720,13273,شعور ذهني مشترك,وحد,تَفَعَّلَ,roots-4662:وحد:المحكم — المعاني,roots-4662:وحد:مقاييس — المحور,,تَوَحَّدَ,APPROVED,,L2_017 haiku b25
AR07897,غَازَلَ,فعل,723,9008,محاولة كسب الحب,غزل,فَاعَلَ,roots-4662:غزل:المحكم — المعاني,roots-4662:غزل:مقاييس — النص,roots-4662:غزل:الأساس — المجاز,غَازَلَ,APPROVED,,L2_017 haiku b25
AR07898,خِطْبَة,اسم مصدر,723,9015;9039,الوعد بالزواج,خطب,فِعْلَةٌ,roots-4662:خطب:المحكم — المعاني,roots-4662:خطب:مقاييس — المحور,roots-4662:خطب:الأساس — المجاز,خِطْبَة,APPROVED,,L2_017 haiku b25
AR07899,خَطَبَ,فعل,723,9023,الوعد بالتزويج,خطب,فَعَلَ,roots-4662:خطب:المحكم — المعاني,roots-4662:خطب:مقاييس — المحور,roots-4662:خطب:الأساس — المجاز,خَطَبَ,APPROVED,,L2_017 haiku b25
AR07903,زِوَاج,مصدر,723,9027,الاتحاد الرسمي,زوج,فِعَالٌ,roots-4662:زوج:المحكم — المعاني,roots-4662:زوج:مقاييس — المحور,roots-4662:زوج:الأساس — المجاز,زِوَاج,APPROVED,,L2_017 haiku b25
AR07904,تَزَوَّجَ,فعل,723,9028;9033,عقد الزواج,زوج,تَفَعَّلَ,roots-4662:زوج:المحكم — المعاني,roots-4662:زوج:مقاييس — المحور,roots-4662:زوج:الأساس — المجاز,تَزَوَّجَ,APPROVED,,L2_017 haiku b25
AR07906,انْفَصَلَ,فعل,723,9030,إنهاء المعاشرة,فصل,اِنْفَعَلَ,roots-4662:فصل:المحكم — المعاني,roots-4662:فصل:مقاييس — النص,,انْفَصَلَ,APPROVED,,L2_017 haiku b25
AR07907,اِنْفِصَال,مصدر,723,9031,قطع المعاشرة,فصل,اِنْفِعَالٌ,roots-4662:فصل:المحكم — المعاني,roots-4662:فصل:مقاييس — النص,,اِنْفِصَال,APPROVED,,L2_017 haiku b25
AR07908,اِقْتَرَنَ,فعل,723,9032,عقد الزواج الغير رسمي,قرن,اِفْتَعَلَ,roots-4662:قرن:المحكم — المعاني,roots-4662:قرن:مقاييس — المحور,,اِقْتَرَنَ,APPROVED,,L2_017 haiku b25
AR07914,سَخِيّ,صفة مشبهة,724,9013,العطاء بسخاء,سخو,فَعِيٌّ,,,roots-4662:سخو:الأساس — المجاز,سَخِيّ,APPROVED,,L2_017 haiku b25
AR07918,ضَنَّ,فعل,724,9018,عدم الرغبة بالعطاء,ضنن,فَعَّلَ,v21:ضنن:المحكم — المعاني,v21:ضنن:مقاييس — المحور,v21:ضنن:الأساس — المجاز,ضَنَّ,APPROVED,,L2_017 haiku b25 | FLAGS: WAZN_LEMMA_MISMATCH
AR07919,مِسْكِينِيّ,اسم منسوب,724,9019,صفات البخيل,مسكن,مِفْعِيلِيٌّ,,,,مِسْكِينِيّ,APPROVED,,L2_017 haiku b25
AR07921,مَقِيت,صفة مشبهة,724,9021,غير كريم,قوت,فَعِلٌ,roots-4662:قوت:المحكم — المعاني,roots-4662:قوت:مقاييس — المحور,roots-4662:قوت:الأساس — المجاز,مَقِيت,APPROVED,,L2_017 haiku b25
AR07922,قَاسِي,صفة مشبهة,724,9022,لا يكون كريماً,قسو,فَاعِلٌ,,,,قَاسِي,APPROVED,,L2_017 haiku b25
AR07923,اِنْكَمَشَ,فعل,725,9101;9501,تناقص الحجم,كمش,اِفْتَعَلَ,roots-4662:كمش:المحكم — المعاني,roots-4662:كمش:مقاييس — المحور,roots-4662:كمش:الأساس — المجاز,اِنْكَمَشَ,APPROVED,,L2_017 haiku b25 | FLAGS: WAZN_LEMMA_MISMATCH
AR07924,اِنْكِمَاش,مصدر,725,9102,عملية التقلص,كمش,اِفْتِعَالٌ,roots-4662:كمش:المحكم — المعاني,roots-4662:كمش:مقاييس — المحور,roots-4662:كمش:الأساس — المجاز,اِنْكِمَاش,APPROVED,,L2_017 haiku b25 | FLAGS: WAZN_LEMMA_MISMATCH
AR07925,كَبِرَ,فعل,725,9103,الزيادة في الحجم,كبر,فَعِلَ,roots-4662:كبر:المحكم — المعاني,roots-4662:كبر:مقاييس — المحور,roots-4662:كبر:الأساس — المجاز,كَبِرَ,APPROVED,,L2_017 haiku b25
AR07926,اِتَّسَعَ,فعل,725,9330;9332,الاتساع والتمدد,وسع,اِفْتَعَلَ,roots-4662:وسع:المحكم — المعاني,roots-4662:وسع:مقاييس — المحور,roots-4662:وسع:الأساس — المجاز,اِتَّسَعَ,APPROVED,,L2_017 haiku b25
AR07927,تَكْبِير,مصدر,725,9331,عملية التكبير,كبر,تَفْعِيلٌ,roots-4662:كبر:المحكم — المعاني,roots-4662:كبر:مقاييس — المحور,roots-4662:كبر:الأساس — المجاز,تَكْبِير,APPROVED,,L2_017 haiku b25
AR07928,اِمْتَدَّ,فعل,725,9742,الامتداد دون انقطاع,متد,,roots-4662:متد:المحكم — المعاني,,,اِمْتَدَّ,APPROVED,اِفْتَعَّ,L2_017 haiku b25 | FLAGS: WAZN_LEMMA_MISMATCH;WAZN_NOT_IN_INV
AR07929,نَمَا,فعل,725,11175,الزيادة في الحجم,نمو,فَعَلَ,roots-4662:نمو:المحكم — المعاني,,,نَمَا,APPROVED,,L2_017 haiku b25
AR07931,نُمُو,مصدر,725,11177,عملية النمو,نمو,فُعُولٌ,roots-4662:نمو:المحكم — المعاني,,,نُمُو,APPROVED,,L2_017 haiku b25
AR07932,اِنْتَفَخَ,فعل,725,11323,التضخم بالهواء,نفخ,اِنْفَعَلَ,roots-4662:نفخ:المحكم — المعاني,roots-4662:نفخ:مقاييس — المحور,roots-4662:نفخ:الأساس — المجاز,اِنْتَفَخَ,APPROVED,,L2_017 haiku b25 | FLAGS: WAZN_LEMMA_MISMATCH
AR07933,تَورَّمَ,فعل,725,12582,التضخم بالسوائل,ورم,تَفَعَّلَ,roots-4662:ورم:المحكم — المعاني,roots-4662:ورم:مقاييس — النص,,تَورَّمَ,APPROVED,,L2_017 haiku b25
AR07934,مُفَجَّ,صفة مشبهة,725,14376,زيادة مفاجئة,فجج,مُفَعَّلٌ,roots-4662:فجج:المحكم — المعاني,roots-4662:فجج:مقاييس — المحور,,مُفَجَّ,APPROVED,,L2_017 haiku b25 | FLAGS: WAZN_LEMMA_MISMATCH
AR07935,اِنْتِشَار,مصدر,725,17453,التمدد بلا فقد,شير,اِنْفِعَالٌ,v21:شير:المحكم — المعاني,,,اِنْتِشَار,APPROVED,,L2_017 haiku b25
AR07938,فَاعِل,صفة مشبهة,726,9194,ينتج المقصود,فعل,فَاعِلٌ,roots-4662:فعل:المحكم — المعاني,roots-4662:فعل:مقاييس — المحور,,فَاعِل,APPROVED,,L2_017 haiku b25
AR07939,مُتَفَوِّق,اسم فاعل,726,9273,خصائص متميزة,فوق,مُتَفَعِّلٌ,roots-4662:فوق:المحكم — المعاني,roots-4662:فوق:مقاييس — المحور,roots-4662:فوق:الأساس — المجاز,مُتَفَوِّق,APPROVED,,L2_017 haiku b25
AR07942,كَامِل,صفة مشبهة,726,9278,جميع الخصائص اللازمة,كمل,فَاعِلٌ,roots-4662:كمل:المحكم — المعاني,roots-4662:كمل:مقاييس — المحور,,كَامِل,APPROVED,,L2_017 haiku b25
AR07943,رَائِع,اسم فاعل,726,9279,خصائص عظيمة,روع,فَاعِلٌ,roots-4662:روع:المحكم — المعاني,roots-4662:روع:مقاييس — المحور,roots-4662:روع:الأساس — المجاز,رَائِع,APPROVED,,L2_017 haiku b25
AR07944,رَاقِي,اسم فاعل,726,9280,جودة عليا,رقا,فَاعِلٌ,,,,رَاقِي,APPROVED,,L2_017 haiku b25 | FLAGS: ROOT_ALIF
AR07945,هَائِل,اسم فاعل,726,9281,خصائص كبيرة جداً,هول,فَاعِلٌ,roots-4662:هول:المحكم — المعاني,roots-4662:هول:مقاييس — المحور,roots-4662:هول:الأساس — المجاز,هَائِل,APPROVED,,L2_017 haiku b25
AR07947,أَدْهَش,اسم فاعل,726,9283,خصائص مثيرة,دهش,,roots-4662:دهش:المحكم — المعاني,roots-4662:دهش:مقاييس — النص,,أَدْهَش,APPROVED,أَفْعَلَ,L2_017 haiku b25 | FLAGS: WAZN_NOT_IN_INV
AR07948,مُفِيد,اسم فاعل,726,9286,خصائص مفيدة,فيد,مُفْعِلٌ,roots-4662:فيد:المحكم — المعاني,roots-4662:فيد:مقاييس — النص,,مُفِيد,APPROVED,,L2_017 haiku b25
AR07949,نَافِع,اسم فاعل,726,11624,قابل الاستخدام,نفع,فَاعِلٌ,roots-4662:نفع:المحكم — المعاني,roots-4662:نفع:مقاييس — المحور,,نَافِع,APPROVED,,L2_017 haiku b25
AR07950,نَفْع,مصدر,726,11625,حالة الفائدة,نفع,فَعْلٌ,roots-4662:نفع:المحكم — المعاني,roots-4662:نفع:مقاييس — المحور,,نَفْع,APPROVED,,L2_017 haiku b25
AR07951,قِيمَة,اسم جامد,726,13424,قيمة الفائدة,قيم,فِعَالَةٌ,,,,قِيمَة,APPROVED,,L2_017 haiku b25
AR07954,مِثَالِيّ,اسم منسوب,726,13835,الأنسب والأكمل,مثل,,roots-4662:مثل:المحكم — المعاني,roots-4662:مثل:مقاييس — المحور,,مِثَالِيّ,APPROVED,مِفَالِيّ,L2_017 haiku b25 | FLAGS: WAZN_LEMMA_MISMATCH;WAZN_NOT_IN_INV
AR07956,قَوِيّ,صفة مشبهة,726,17041,فعالية استثنائية,قوي,فَعِيٌّ,,roots-4662:قوي:مقاييس — المحور,,قَوِيّ,APPROVED,,L2_017 haiku b25
AR07958,تَكَتَّلَ,فعل,730,9140,اجتمع الناسُ بهويّة مشتركة,كتل,تَفَعَّلَ,roots-4662:كتل:المحكم — المعاني,roots-4662:كتل:مقاييس — المحور,,تَكَتَّلَ,APPROVED,,L2_017 haiku b26
AR07959,تَقَارَبَ,فعل,730,9141,تَقَارَبَت الأشياءُ من بعضها,قرب,تَفَاعَلَ,roots-4662:قرب:المحكم — المعاني,roots-4662:قرب:مقاييس — المحور,roots-4662:قرب:الأساس — المجاز,تَقَارَبَ,APPROVED,,L2_017 haiku b26
AR07962,التقى,فعل,730,11780,التقى الشخصان معاً في مكان,لقي,اِفْتَعَلَ,roots-4662:لقي:المحكم — المعاني,roots-4662:لقي:مقاييس — المحور,roots-4662:لقي:الأساس — المجاز,التقى,APPROVED,,L2_017 haiku b26 | FLAGS: UNVOCALIZED
AR07966,كَتَمَ,فعل,731,9145,كَتَمَ المتحدّثُ لسانَه عن الكلام,كتم,فَعَلَ,roots-4662:كتم:المحكم — المعاني,roots-4662:كتم:مقاييس — المحور,roots-4662:كتم:الأساس — المجاز,كَتَمَ,APPROVED,,L2_017 haiku b26
AR07967,سَكَتَ,فعل,731,9146;9151;9152;18376,سَكَتَ المتحدّثُ عن الكلام,سكت,فَعَلَ,roots-4662:سكت:المحكم — المعاني,roots-4662:سكت:مقاييس — المحور,roots-4662:سكت:الأساس — المجاز,سَكَتَ,APPROVED,,L2_017 haiku b26
AR07968,أُسْكِتَ,فعل,731,9147,أُسْكِتَ المتحدّثُ بالقَهْر,سكت,أُفْعِلَ,roots-4662:سكت:المحكم — المعاني,roots-4662:سكت:مقاييس — المحور,roots-4662:سكت:الأساس — المجاز,أُسْكِتَ,APPROVED,,L2_017 haiku b26 | passive
AR07969,هَدَّأَ,فعل,731,9148;9149;11923,هَدَّأَ الشخصُ الضجيجَ,هدء,فَعَّلَ,roots-4662:هدء:المحكم — المعاني,,roots-4662:هدء:الأساس — المجاز,هَدَّأَ,APPROVED,,L2_017 haiku b26 | FLAGS: ROOT_NORMALIZED
AR07970,أَسْكَتَ,فعل,731,9150;11341,أَسْكَتَ الشخصُ الآخرين,سكت,أَفْعَلَ,roots-4662:سكت:المحكم — المعاني,roots-4662:سكت:مقاييس — المحور,roots-4662:سكت:الأساس — المجاز,أَسْكَتَ,APPROVED,,L2_017 haiku b26 | interjection in English
AR07971,اسْكُتْ,حرف,731,11343,استُعملت للطلب من الآخرين السكوتَ,,,,,,اسْكُتْ,APPROVED,,L2_017 haiku b26 | interjection
AR07972,خَفَّضَ,فعل,731,11924,خَفَّضَ الشخصُ صوتَه,خفض,فَعَّلَ,roots-4662:خفض:المحكم — المعاني,,roots-4662:خفض:الأساس — المجاز,خَفَّضَ,APPROVED,,L2_017 haiku b26
AR07973,سُكُوت,اسم جامد,731,15354,السكوتُ حالةٌ من عدم الكلام,سكت,فُعُولٌ,roots-4662:سكت:المحكم — المعاني,roots-4662:سكت:مقاييس — المحور,roots-4662:سكت:الأساس — المجاز,سُكُوت,APPROVED,,L2_017 haiku b26 | noun
AR07974,أَغْلَقَ,فعل,731,17337,أَغْلَقَ الشخصُ على شفتيه (metaphor),غلق,أَفْعَلَ,roots-4662:غلق:المحكم — المعاني,roots-4662:غلق:مقاييس — المحور,roots-4662:غلق:الأساس — المجاز,أَغْلَقَ,APPROVED,,L2_017 haiku b26
AR07977,نَصَحَ,فعل,750,9179,نَصَحَ المتكلّمُ المخاطَبَ,نصح,فَعَلَ,roots-4662:نصح:المحكم — المعاني,roots-4662:نصح:مقاييس — المحور,roots-4662:نصح:الأساس — المجاز,نَصَحَ,APPROVED,,L2_017 haiku b26
AR07980,اوْدَعَ,فعل,750,9182,أَوْدَعَ المتكلّمُ الآخرَ السرّ,ودع,أَفْعَلَ,roots-4662:ودع:المحكم — المعاني,roots-4662:ودع:مقاييس — المحور,roots-4662:ودع:الأساس — المجاز,اوْدَعَ,APPROVED,,L2_017 haiku b26
AR07981,أَخْطَرَ,فعل,750,9183,أَخْطَرَ المتكلّمُ المخاطَبَ رسمياً,خطر,أَفْعَلَ,roots-4662:خطر:المحكم — المعاني,roots-4662:خطر:مقاييس — المحور,roots-4662:خطر:الأساس — المجاز,أَخْطَرَ,APPROVED,,L2_017 haiku b26 | formal
AR07982,إِخْطَار,مصدر,750,9184,الإخطارُ تبليغٌ رسمي,خطر,إِفْعَالٌ,roots-4662:خطر:المحكم — المعاني,roots-4662:خطر:مقاييس — المحور,roots-4662:خطر:الأساس — المجاز,إِخْطَار,APPROVED,,L2_017 haiku b26 | noun
AR07986,اِنْحَنَى,فعل,770,9363;9402;9722,اِنْحَنَى الشخصُ للأمام,حنو,اِنْفَعَلَ,v21:حنو:المحكم — المعاني,v21:حنو:مقاييس — المحور,,اِنْحَنَى,APPROVED,,L2_017 haiku b26
AR07987,وَقَفَ,فعل,770,9364,وَقَفَ الشخصُ منتصباً على قدميه,وقف,فَعَلَ,roots-4662:وقف:المحكم — المعاني,roots-4662:وقف:مقاييس — المحور,roots-4662:وقف:الأساس — المجاز,وَقَفَ,APPROVED,,L2_017 haiku b26
AR07988,نَهَضَ,فعل,770,9366;9723,نَهَضَ الشخصُ واقفاً من الجلوس,نهض,فَعَلَ,roots-4662:نهض:المحكم — المعاني,roots-4662:نهض:مقاييس — المحور,roots-4662:نهض:الأساس — المجاز,نَهَضَ,APPROVED,,L2_017 haiku b26
AR07989,رَكَعَ,فعل,770,9367;9368;9411,رَكَعَ الشخصُ على ركبتيه,ركع,فَعَلَ,roots-4662:ركع:المحكم — المعاني,roots-4662:ركع:مقاييس — المحور,roots-4662:ركع:الأساس — المجاز,رَكَعَ,APPROVED,,L2_017 haiku b26
AR07991,اِسْتَلْقَى,فعل,770,9370,اِسْتَلْقَى الشخصُ أفقياً,لقي,اِسْتَفْعَلَ,roots-4662:لقي:المحكم — المعاني,roots-4662:لقي:مقاييس — المحور,roots-4662:لقي:الأساس — المجاز,اِسْتَلْقَى,APPROVED,,L2_017 haiku b26
AR07993,قَرَفَصَ,فعل,770,9383;9384,قَرَفَصَ الشخصُ منخفضاً,قرفص,فَعَلَ,,,,قَرَفَصَ,APPROVED,,L2_017 haiku b26
AR07994,اِتَّكَأَ,فعل,770,9385,اِتَّكَأَ الشخصُ بزاوية,كوء,اِفْتَعَلَ,roots-4662:كوء:المحكم — المعاني,,,اِتَّكَأَ,APPROVED,,L2_017 haiku b26 | FLAGS: ROOT_NORMALIZED
AR07995,تَمَدَّدَ,فعل,770,9386;9387,تَمَدَّدَ الشخصُ بأطرافه,مدد,تَفَعَّلَ,roots-4662:مدد:المحكم — المعاني,roots-4662:مدد:مقاييس — المحور,roots-4662:مدد:الأساس — المجاز,تَمَدَّدَ,APPROVED,,L2_017 haiku b26
AR07997,اِلْتَفّ,فعل,770,9401,اِلْتَفّ الشخصُ في مساحة صغيرة,لفف,اِفْتَعَلَ,roots-4662:لفف:المحكم — المعاني,roots-4662:لفف:مقاييس — المحور,,اِلْتَفّ,APPROVED,,L2_017 haiku b26 | FLAGS: WAZN_LEMMA_MISMATCH
AR07998,اِسْتَرْخَى,فعل,770,9404,اِسْتَرْخَى الشخصُ بكسل,رخو,اِسْتَفْعَلَ,roots-4662:رخو:المحكم — المعاني,roots-4662:رخو:مقاييس — المحور,,اِسْتَرْخَى,APPROVED,,L2_017 haiku b26
AR07999,هَوَى,فعل,770,12860,هَوَى الشخصُ نحو الأرض,هوي,فَعَلَ,roots-4662:هوي:المحكم — المعاني,roots-4662:هوي:مقاييس — المحور,roots-4662:هوي:الأساس — المجاز,هَوَى,APPROVED,,L2_017 haiku b26 | FLAGS: ROOT_NORMALIZED
AR08000,دَمْج,اسم جامد,790,9291,الدمجُ توحيدُ شيئين,دمج,فَعْلٌ,roots-4662:دمج:المحكم — المعاني,roots-4662:دمج:مقاييس — المحور,roots-4662:دمج:الأساس — المجاز,دَمْج,APPROVED,,L2_017 haiku b26 | noun
AR08001,دَمَجَ,فعل,790,9490,دَمَجَ الشيئانِ ليكوّنا كلاً,دمج,فَعَلَ,roots-4662:دمج:المحكم — المعاني,roots-4662:دمج:مقاييس — المحور,roots-4662:دمج:الأساس — المجاز,دَمَجَ,APPROVED,,L2_017 haiku b26
AR08002,مَزَجَ,فعل,790,9500,مَزَجَ الشيءُ مع آخرَ,مزج,فَعَلَ,roots-4662:مزج:المحكم — المعاني,roots-4662:مزج:مقاييس — المحور,roots-4662:مزج:الأساس — المجاز,مَزَجَ,APPROVED,,L2_017 haiku b26
AR08004,امْتَزَجَ,فعل,790,9508;9550,امْتَزَجَ الشيءُ مع الآخر,مزج,اِفْتَعَلَ,roots-4662:مزج:المحكم — المعاني,roots-4662:مزج:مقاييس — المحور,roots-4662:مزج:الأساس — المجاز,امْتَزَجَ,APPROVED,,L2_017 haiku b26
AR08006,انْدَمَجَ,فعل,790,9720,انْدَمَجَت الأشياءُ معاً,دمج,اِنْفَعَلَ,roots-4662:دمج:المحكم — المعاني,roots-4662:دمج:مقاييس — المحور,roots-4662:دمج:الأساس — المجاز,انْدَمَجَ,APPROVED,,L2_017 haiku b26
AR08007,اِنْدَمَجَ,فعل,790,9721,اِنْدَمَجَ في الكل,دمج,اِنْفَعَلَ,roots-4662:دمج:المحكم — المعاني,roots-4662:دمج:مقاييس — المحور,roots-4662:دمج:الأساس — المجاز,اِنْدَمَجَ,APPROVED,,L2_017 haiku b26
AR08008,وَحَّدَ,فعل,790,9724,وَحَّدَت الأشياءُ في كيان واحد,وحد,فَعَّلَ,roots-4662:وحد:المحكم — المعاني,roots-4662:وحد:مقاييس — المحور,,وَحَّدَ,APPROVED,,L2_017 haiku b26
AR08011,التقى,فعل,790,14178,التقت الأشياءُ لتشكيل كل,لقي,اِفْتَعَلَ,roots-4662:لقي:المحكم — المعاني,roots-4662:لقي:مقاييس — المحور,roots-4662:لقي:الأساس — المجاز,التقى,APPROVED,,L2_017 haiku b26 | FLAGS: UNVOCALIZED
AR08012,مِزْج,اسم جامد,790,16914,المزجُ خليطٌ من جزئي,مزج,فِعْلٌ,roots-4662:مزج:المحكم — المعاني,roots-4662:مزج:مقاييس — المحور,roots-4662:مزج:الأساس — المجاز,مِزْج,APPROVED,,L2_017 haiku b26 | noun
AR08014,توَحَّدَ,فعل,790,17578,توَحَّدَت الأجزاءُ في وحدة,وحد,تَفَعَّلَ,roots-4662:وحد:المحكم — المعاني,roots-4662:وحد:مقاييس — المحور,,توَحَّدَ,APPROVED,,L2_017 haiku b26
AR08015,تَوَاصَلَ,فعل,790,17579,تَوَاصَلَت الأشياءُ,وصل,تَفَاعَلَ,roots-4662:وصل:المحكم — المعاني,roots-4662:وصل:مقاييس — المحور,,تَوَاصَلَ,APPROVED,,L2_017 haiku b26
AR08016,اِلْتَبَسَ,فعل,790,17580,اِلْتَبَسَت الأشياءُ بشكلٍ فوضوي,لبس,اِفْتَعَلَ,roots-4662:لبس:المحكم — المعاني,roots-4662:لبس:مقاييس — المحور,roots-4662:لبس:الأساس — المجاز,اِلْتَبَسَ,APPROVED,,L2_017 haiku b26
AR08017,اِمْتَزَجَ,فعل,790,17581,اِمْتَزَجَت الأشياءُ في وحدة,مزج,اِفْتَعَلَ,roots-4662:مزج:المحكم — المعاني,roots-4662:مزج:مقاييس — المحور,roots-4662:مزج:الأساس — المجاز,اِمْتَزَجَ,APPROVED,,L2_017 haiku b26
AR08018,يَقِظ,صفة مشبهة,791,9726,اليقظُ منتبهٌ وسريعُ الاستجابة,يقظ,فَاعِلٌ,roots-4662:يقظ:المحكم — المعاني,,roots-4662:يقظ:الأساس — المجاز,يَقِظ,APPROVED,,L2_017 haiku b26 | adjective
AR08019,اِنْتَبَهَ,فعل,791,9727,اِنْتَبَهَ المُدرِكُ إلى الشيء,نبه,اِفْتَعَلَ,roots-4662:نبه:المحكم — المعاني,roots-4662:نبه:مقاييس — المحور,roots-4662:نبه:الأساس — المجاز,اِنْتَبَهَ,APPROVED,,L2_017 haiku b26
AR08020,اِنْتِبَاه,اسم جامد,791,9728,الانتباهُ قدرةٌ عقليّة,نبه,اِفْتِعَالٌ,roots-4662:نبه:المحكم — المعاني,roots-4662:نبه:مقاييس — المحور,roots-4662:نبه:الأساس — المجاز,اِنْتِبَاه,APPROVED,,L2_017 haiku b26 | noun
AR08021,منتبِه,صفة مشبهة,791,9729,المنتبهُ يصغي بحرص,نبه,مُفْتَعِلٌ,roots-4662:نبه:المحكم — المعاني,roots-4662:نبه:مقاييس — المحور,roots-4662:نبه:الأساس — المجاز,منتبِه,APPROVED,,L2_017 haiku b26 | adjective
AR08022,بحِرْص,تركيب,791,14370,بحِرْصٍ كامل على الانتباه,,,,,,بحِرْص,APPROVED,,L2_017 haiku b26 | adverbial
AR08023,دَقِيق,صفة مشبهة,791,14371,الدقيقُ ملحوظٌ بحرصٍ,دقق,فَعِيلٌ,roots-4662:دقق:المحكم — المعاني,roots-4662:دقق:مقاييس — المحور,roots-4662:دقق:الأساس — المجاز,دَقِيق,APPROVED,,L2_017 haiku b26 | adjective
AR08024,راقَبَ,فعل,791,16491,راقَبَ الشخصُ بحرص,رقب,فَاعَلَ,roots-4662:رقب:المحكم — المعاني,roots-4662:رقب:مقاييس — المحور,roots-4662:رقب:الأساس — المجاز,راقَبَ,APPROVED,,L2_017 haiku b26 | idiom
AR08027,وَجَدَ,فعل,792,11227,وَجَدَ الكيانَ بالبحث,وجد,فَعَلَ,roots-4662:وجد:المحكم — المعاني,roots-4662:وجد:مقاييس — المحور,roots-4662:وجد:الأساس — المجاز,وَجَدَ,APPROVED,,L2_017 haiku b26
AR08028,وُلِدَ,فعل,793,9790,وُلِدَ الطفلُ في الزمان والمكان,ولد,,roots-4662:ولد:المحكم — المعاني,roots-4662:ولد:مقاييس — المحور,roots-4662:ولد:الأساس — المجاز,وُلِدَ,APPROVED,فُعِلَ,L2_017 haiku b26 | passive | FLAGS: WAZN_NOT_IN_INV
AR08029,مَولُود,صفة مشبهة,793,9791,المولودُ متحقّقٌ من الولادة,ولد,مَفْعُولٌ,roots-4662:ولد:المحكم — المعاني,roots-4662:ولد:مقاييس — المحور,roots-4662:ولد:الأساس — المجاز,مَولُود,APPROVED,,L2_017 haiku b26 | adjective
AR08033,انْتَفَخَ,فعل,794,9736,انْتَفَخَت الشفةُ السفلى,نفخ,اِنْفَعَلَ,roots-4662:نفخ:المحكم — المعاني,roots-4662:نفخ:مقاييس — المحور,roots-4662:نفخ:الأساس — المجاز,انْتَفَخَ,APPROVED,,L2_017 haiku b26 | FLAGS: WAZN_LEMMA_MISMATCH
AR08034,وَصَفَ,فعل,796,9800;9803,وَصَفَ الشخصُ الطابعَ المميّزَ,وصف,فَعَلَ,roots-4662:وصف:المحكم — المعاني,roots-4662:وصف:مقاييس — المحور,roots-4662:وصف:الأساس — المجاز,وَصَفَ,APPROVED,,L2_017 haiku b26
AR08035,رَسَمَ,فعل,796,9801;9805;13585,رَسَمَ الشخصُ تصويراً,رسم,فَعَلَ,roots-4662:رسم:المحكم — المعاني,roots-4662:رسم:مقاييس — المحور,roots-4662:رسم:الأساس — المجاز,رَسَمَ,APPROVED,,L2_017 haiku b26
AR08037,وَصْف,اسم جامد,796,9804,الوصفُ حسابٌ كلاميّ,وصف,فَعْلٌ,roots-4662:وصف:المحكم — المعاني,roots-4662:وصف:مقاييس — المحور,roots-4662:وصف:الأساس — المجاز,وَصْف,APPROVED,,L2_017 haiku b26 | noun
AR08038,مَثَّلَ,فعل,796,9806;15077,مَثَّلَ الشيءَ بطريقة,مثل,فَعَّلَ,roots-4662:مثل:المحكم — المعاني,roots-4662:مثل:مقاييس — المحور,,مَثَّلَ,APPROVED,,L2_017 haiku b26
AR08039,تَمْثِيل,مصدر,796,9807,التمثيلُ تصويرٌ,مثل,تَفْعِيلٌ,roots-4662:مثل:المحكم — المعاني,roots-4662:مثل:مقاييس — المحور,,تَمْثِيل,APPROVED,,L2_017 haiku b26 | noun
AR08044,تَوْصِيف,مصدر,796,9814,التوصيفُ تمييزٌ,وصف,تَفْعِيلٌ,roots-4662:وصف:المحكم — المعاني,roots-4662:وصف:مقاييس — المحور,roots-4662:وصف:الأساس — المجاز,تَوْصِيف,APPROVED,,L2_017 haiku b26 | noun
AR08046,ادّعى,فعل,796,17322,ادّعى أنّ الشيءَ من فئة,دعي,اِفْتَعَلَ,,,,ادّعى,APPROVED,,L2_017 haiku b26
AR08049,سَخُنَ,فعل,797,9821,سَخُنَ الشيءُ,سخن,فَعُلَ,roots-4662:سخن:المحكم — المعاني,roots-4662:سخن:مقاييس — المحور,roots-4662:سخن:الأساس — المجاز,سَخُنَ,APPROVED,,L2_017 haiku b26
AR08051,دَفِئَ,فعل,797,9824,دَفِئَ الشيءُ,دفء,فَعِلَ,roots-4662:دفء:المحكم — المعاني,roots-4662:دفء:مقاييس — المحور,,دَفِئَ,APPROVED,,L2_017 haiku b26 | FLAGS: ROOT_NORMALIZED
AR08052,فَوْز,اسم جامد,798,9827,الفوزُ نصرٌ,فوز,فَعْلٌ,roots-4662:فوز:المحكم — المعاني,roots-4662:فوز:مقاييس — المحور,roots-4662:فوز:الأساس — المجاز,فَوْز,APPROVED,,L2_017 haiku b26 | noun
AR08053,مُنْتَصِر,اسم فاعل,798,9829;9836,المنتصرُ الذي فازَ,نصر,مُفْتَعِلٌ,roots-4662:نصر:المحكم — المعاني,roots-4662:نصر:مقاييس — المحور,,مُنْتَصِر,APPROVED,,L2_017 haiku b26 | adjective
AR08054,فَائِز,اسم فاعل,798,9830,الفائزُ الذي يَفوزُ,فوز,فَاعِلٌ,roots-4662:فوز:المحكم — المعاني,roots-4662:فوز:مقاييس — المحور,roots-4662:فوز:الأساس — المجاز,فَائِز,APPROVED,,L2_017 haiku b26 | noun
AR08055,نَصْر,اسم جامد,798,9831,النصرُ انتصارٌ على العدوّ,نصر,فَعْلٌ,roots-4662:نصر:المحكم — المعاني,roots-4662:نصر:مقاييس — المحور,,نَصْر,APPROVED,,L2_017 haiku b26 | noun
AR08056,خَسِرَ,فعل,798,9832,خَسِرَ الشخصُ المسابقة,خسر,فَعِلَ,roots-4662:خسر:المحكم — المعاني,roots-4662:خسر:مقاييس — المحور,roots-4662:خسر:الأساس — المجاز,خَسِرَ,APPROVED,,L2_017 haiku b26
AR08057,خَسَارَة,مصدر,798,9833,الخسارةُ هزيمةٌ,خسر,فَعَالَةٌ,roots-4662:خسر:المحكم — المعاني,roots-4662:خسر:مقاييس — المحور,roots-4662:خسر:الأساس — المجاز,خَسَارَة,APPROVED,,L2_017 haiku b26 | noun
AR08061,فَازَ,فعل,798,15569,فَازَ الشخصُ بالمسابقة,فوز,,roots-4662:فوز:المحكم — المعاني,roots-4662:فوز:مقاييس — المحور,roots-4662:فوز:الأساس — المجاز,فَازَ,APPROVED,فَاعَ,L2_017 haiku b26 | FLAGS: WAZN_NOT_IN_INV
AR08062,أَلْقَى,فعل,798,16495,أَلْقَى اليدَ في البوكر,لقي,أَفْعَلَ,roots-4662:لقي:المحكم — المعاني,roots-4662:لقي:مقاييس — المحور,roots-4662:لقي:الأساس — المجاز,أَلْقَى,APPROVED,,L2_017 haiku b26 | idiom
AR08064,نَفَخَ,فعل,801,9442;13494,نَفَخَ مُصدِرُ الصوت,نفخ,فَعَلَ,roots-4662:نفخ:المحكم — المعاني,roots-4662:نفخ:مقاييس — المحور,roots-4662:نفخ:الأساس — المجاز,نَفَخَ,APPROVED,,L2_017 haiku b26
AR08065,رَنّ,فعل,801,9454;9542;10885,رَنّ صوتٌ معدنيّ,رنن,,roots-4662:رنن:المحكم — المعاني,roots-4662:رنن:مقاييس — المحور,roots-4662:رنن:الأساس — المجاز,رَنّ,APPROVED,فَعَّ,L2_017 haiku b26 | FLAGS: WAZN_NOT_IN_INV
AR08069,رَاغِم,اسم فاعل,801,10311,الراغمُ يُطلقُ الرنين,رغم,فَاعِلٌ,roots-4662:رغم:المحكم — المعاني,roots-4662:رغم:مقاييس — المحور,roots-4662:رغم:الأساس — المجاز,رَاغِم,APPROVED,,L2_017 haiku b26 | noun
AR08070,نَعَقَ,فعل,801,13493,نَعَقَ الناعقُ,نعق,فَعَلَ,roots-4662:نعق:المحكم — المعاني,roots-4662:نعق:مقاييس — المحور,,نَعَقَ,APPROVED,,L2_017 haiku b26
AR08073,نَبّ,فعل,801,17576,نَبّ صوتاً قصيراً,نبب,,roots-4662:نبب:المحكم — المعاني,roots-4662:نبب:مقاييس — النص,,نَبّ,APPROVED,فَعَّ,L2_017 haiku b26 | FLAGS: WAZN_NOT_IN_INV
AR08075,رَذَاذ,اسم جامد,810,11235,الرذاذُ كميّةٌ قليلةٌ,رذذ,فَعَالٍ,roots-4662:رذذ:المحكم — المعاني,roots-4662:رذذ:مقاييس — المحور,roots-4662:رذذ:الأساس — المجاز,رَذَاذ,APPROVED,,L2_017 haiku b26 | noun
AR08076,لَقْمَة,اسم جامد,810,11236,اللقمةُ ما يُقْطَعُ بالعض,لقم,فَعْلَةٌ,roots-4662:لقم:المحكم — المعاني,roots-4662:لقم:مقاييس — المحور,roots-4662:لقم:الأساس — المجاز,لَقْمَة,APPROVED,,L2_017 haiku b26 | noun
AR08077,قَبْضَة,اسم جامد,810,11238,القبضةُ كميّةٌ تُقْبَضُ,قبض,فَعْلَةٌ,roots-4662:قبض:المحكم — المعاني,roots-4662:قبض:مقاييس — المحور,roots-4662:قبض:الأساس — المجاز,قَبْضَة,APPROVED,,L2_017 haiku b26 | noun
AR08081,قَلَى,فعل,830,9783;17552,قَلَى الشيءُ في دهن,قلي,فَعَلَ,roots-4662:قلي:المحكم — المعاني,,,قَلَى,APPROVED,,L2_017 haiku b26
AR08083,طَهَى,فعل,830,9785;9786;9787;17554,طَهَى ببطء في سائل,طهي,فَعَلَ,v21:طهي:المحكم — المعاني,v21:طهي:مقاييس — المحور,,طَهَى,APPROVED,,L2_017 haiku b26
AR08084,غَلَى,فعل,830,9788,غَلَى في سائل,غلي,فَعَلَ,roots-4662:غلي:المحكم — المعاني,roots-4662:غلي:مقاييس — المحور,,غَلَى,APPROVED,,L2_017 haiku b26
AR08087,تَفَحَّمَ,فعل,830,11849,تَفَحَّمَ من اللهيب,فحم,تَفَعَّلَ,roots-4662:فحم:المحكم — المعاني,roots-4662:فحم:مقاييس — المحور,,تَفَحَّمَ,APPROVED,,L2_017 haiku b26
AR08088,سَلَقَ,فعل,830,17539;17548;17549,سَلَقَ بماء مغلي قصيراً,سلق,فَعَلَ,roots-4662:سلق:المحكم — المعاني,roots-4662:سلق:مقاييس — النص,roots-4662:سلق:الأساس — المجاز,سَلَقَ,APPROVED,,L2_017 haiku b26
AR08089,حَنَّسَ,فعل,830,17540,حَنَّسَ بطهي سريع ثم بطيء,حنس,فَعَّلَ,,,,حَنَّسَ,APPROVED,,L2_017 haiku b26
AR08092,غَطَسَ,فعل,830,17545,غَطَسَ في الدهن المغليّ,غطس,فَعَلَ,roots-4662:غطس:المحكم — المعاني,roots-4662:غطس:مقاييس — المحور,,غَطَسَ,APPROVED,,L2_017 haiku b26
AR08094,ارْتَدّ,فعل,860,9620,ارْتَدّ الصوتُ صدى,ردد,اِفْتَعَلَ,roots-4662:ردد:المحكم — المعاني,roots-4662:ردد:مقاييس — المحور,roots-4662:ردد:الأساس — المجاز,ارْتَدّ,APPROVED,,L2_017 haiku b26 | FLAGS: WAZN_LEMMA_MISMATCH
AR08095,تَرَدّدَ,فعل,860,9621,تَرَدّدَ الصوتُ بعدَ توقّفه,ردد,تَفَعَّلَ,roots-4662:ردد:المحكم — المعاني,roots-4662:ردد:مقاييس — المحور,roots-4662:ردد:الأساس — المجاز,تَرَدّدَ,APPROVED,,L2_017 haiku b26
AR08096,رَنّ,فعل,860,9622,رَنّ صوتٌ جهوري,رنن,,roots-4662:رنن:المحكم — المعاني,roots-4662:رنن:مقاييس — المحور,roots-4662:رنن:الأساس — المجاز,رَنّ,APPROVED,فَعَّ,L2_017 haiku b26 | FLAGS: WAZN_NOT_IN_INV
AR08097,تَدَحْرَجَ,فعل,860,9623,تَدَحْرَجَ الصوتُ بعمق,درج,تَفَعْلَلَ,roots-4662:درج:المحكم — المعاني,roots-4662:درج:مقاييس — المحور,roots-4662:درج:الأساس — المجاز,تَدَحْرَجَ,APPROVED,,L2_017 haiku b26 | FLAGS: WAZN_LEMMA_MISMATCH
AR08098,انْتَشَرَ,فعل,860,9718,انْتَشَرَ الصوتُ الجهوري,نشر,اِنْفَعَلَ,roots-4662:نشر:المحكم — المعاني,roots-4662:نشر:مقاييس — المحور,roots-4662:نشر:الأساس — المجاز,انْتَشَرَ,APPROVED,,L2_017 haiku b26 | FLAGS: WAZN_LEMMA_MISMATCH
AR08099,قَيْد,مبني,880,9912,قيدُ التشغيل,,,,,,قَيْد,APPROVED,,L2_017 haiku b26 | preposition
AR08100,عَن,مبني,880,11109,عن التشغيل,,,,,,عَن,APPROVED,,L2_017 haiku b26 | preposition
AR08104,دَالّ,صفة مشبهة,900,9948,الدالّ متغيّرٌ متعلّقٌ,دول,فَاعِلٌ,roots-4662:دول:المحكم — المعاني,roots-4662:دول:مقاييس — المحور,,دَالّ,APPROVED,,L2_017 haiku b26 | noun
AR08108,تَسَبَّبَ,فعل,900,10795,تَسَبَّبَ بنتيجة محددة,سبب,تَفَعَّلَ,roots-4662:سبب:المحكم — المعاني,roots-4662:سبب:مقاييس — النص,roots-4662:سبب:الأساس — المجاز,تَسَبَّبَ,APPROVED,,L2_017 haiku b26
AR08109,مُسْتَقِلّ,اسم فاعل,900,11156,المستقلّ غيرُ تابع,قل,مُسْتَفْعِلٌ,,,,مُسْتَقِلّ,APPROVED,,L2_017 haiku b26 | adjective | FLAGS: ROOT_LEN
AR08110,اِسْتِقْلَال,مصدر,900,11157,الاستقلالُ حريّةٌ,قل,اِسْتِفْعَالٌ,,,,اِسْتِقْلَال,APPROVED,,L2_017 haiku b26 | noun | FLAGS: ROOT_LEN
AR08112,مُتَغَيِّر,صفة مشبهة,900,14312,المتغيّرُ غيرُ ثابت,غير,مُتَفَعِّلٌ,roots-4662:غير:المحكم — المعاني,roots-4662:غير:مقاييس — المحور,roots-4662:غير:الأساس — المجاز,مُتَغَيِّر,APPROVED,,L2_017 haiku b26 | noun
AR08119,نُكْتَة,اسم جامد,910,9965,النكتةُ كلامٌ فكاهيّ,نكت,فُعْلَةٌ,roots-4662:نكت:المحكم — المعاني,roots-4662:نكت:مقاييس — المحور,roots-4662:نكت:الأساس — المجاز,نُكْتَة,APPROVED,,L2_017 haiku b26 | noun
AR08120,إِسْتِهْزَاء,مصدر,910,9966,الاستهزاءُ مُرَاشقةٌ بِالْفِكَاهَة,هزء,,roots-4662:هزء:المحكم — المعاني,roots-4662:هزء:مقاييس — النص,roots-4662:هزء:الأساس — المجاز,إِسْتِهْزَاء,APPROVED,إِفْتِعَال,L2_017 haiku b26 | noun | FLAGS: ROOT_NORMALIZED;WAZN_NOT_IN_INV
AR08122,ثَرْثَرَة,اسم جامد,910,9968,الثرثرةُ حديثٌ تافهٌ,ثرثر,فَعْلَلَةٌ,,,,ثَرْثَرَة,APPROVED,,L2_017 haiku b26 | noun
AR08125,تَكَلَّمَ,فعل,910,9978;9983;11138,تَكَلَّمَ بشيء,كلم,تَفَعَّلَ,roots-4662:كلم:المحكم — المعاني,roots-4662:كلم:مقاييس — المحور,roots-4662:كلم:الأساس — المجاز,تَكَلَّمَ,APPROVED,,L2_017 haiku b26
AR08126,مَزَحَ,فعل,910,9980,مَزَحَ لإضحاك الآخرين,مزح,فَعَلَ,roots-4662:مزح:المحكم — المعاني,roots-4662:مزح:مقاييس — النص,roots-4662:مزح:الأساس — المجاز,مَزَحَ,APPROVED,,L2_017 haiku b26
AR08127,نَمِيمَة,اسم جامد,910,9981,النميمةُ كلامٌ غيرُ موثوق,نمم,فَعِيلَةٌ,roots-4662:نمم:المحكم — المعاني,roots-4662:نمم:مقاييس — النص,roots-4662:نمم:الأساس — المجاز,نَمِيمَة,APPROVED,,L2_017 haiku b26 | noun
AR08128,نَمّ,فعل,910,9982,نَمّ بأخبار الآخرين,نمم,,roots-4662:نمم:المحكم — المعاني,roots-4662:نمم:مقاييس — النص,roots-4662:نمم:الأساس — المجاز,نَمّ,APPROVED,فَعَّ,L2_017 haiku b26 | FLAGS: WAZN_NOT_IN_INV
AR08129,رَشَّ,فعل,920,9960;9963,يُسَبِّب العامل في رَش قطرات المائع على السطح,رشش,فَعَّلَ,roots-4662:رشش:المحكم — المعاني,roots-4662:رشش:مقاييس — المحور,roots-4662:رشش:الأساس — المجاز,رَشَّ,APPROVED,,L2_017 haiku b27 | FLAGS: WAZN_LEMMA_MISMATCH
AR08130,تَناثَرَ,فعل,920,9961,يُسَبِّب العامل في تناثر المائع بشكل فوضوي,نثر,تَفَاعَلَ,roots-4662:نثر:المحكم — المعاني,roots-4662:نثر:مقاييس — المحور,roots-4662:نثر:الأساس — المجاز,تَناثَرَ,APPROVED,,L2_017 haiku b27
AR08131,شَطَفَ,فعل,920,9962,يُسَبِّب العامل في سقوط قطرات المائع على سطح,شطف,فَعَلَ,,,,شَطَفَ,APPROVED,,L2_017 haiku b27
AR08132,ضَخَّ,فعل,920,9964;9973,يُسَبِّب العامل في ضخ المائع برفاق رقيق,ضخخ,فَعَّلَ,v21:ضخخ:المحكم — المعاني,v21:ضخخ:مقاييس — النص,,ضَخَّ,APPROVED,,L2_017 haiku b27 | FLAGS: WAZN_LEMMA_MISMATCH
AR08133,قَطَّرَ,فعل,920,11119,يُسَبِّب العامل في قطر المائع على شكل نقاط,قطر,فَعَّلَ,roots-4662:قطر:المحكم — المعاني,roots-4662:قطر:مقاييس — النص,roots-4662:قطر:الأساس — المجاز,قَطَّرَ,APPROVED,,L2_017 haiku b27
AR08134,ذَرَّ,فعل,920,12042,يُسَبِّب العامل في ذر المائع على السطح,ذرر,فَعَّلَ,roots-4662:ذرر:المحكم — المعاني,roots-4662:ذرر:مقاييس — المحور,roots-4662:ذرر:الأساس — المجاز,ذَرَّ,APPROVED,,L2_017 haiku b27 | FLAGS: WAZN_LEMMA_MISMATCH
AR08135,سَكَبَ,فعل,920,17525;17527,يُسَبِّب العامل في سكب المائع ببطء,سكب,فَعَلَ,roots-4662:سكب:المحكم — المعاني,roots-4662:سكب:مقاييس — المحور,roots-4662:سكب:الأساس — المجاز,سَكَبَ,APPROVED,,L2_017 haiku b27
AR08136,فَاضَ,فعل,920,17526,يُسَبِّب العامل في فيض أو انبثاق المائع,فيض,,roots-4662:فيض:المحكم — المعاني,roots-4662:فيض:مقاييس — المحور,roots-4662:فيض:الأساس — المجاز,فَاضَ,APPROVED,فَاعَ,L2_017 haiku b27 | FLAGS: WAZN_NOT_IN_INV
AR08137,رَتَّبَ,فعل,921,9975,يضع العامل الموضوع في ترتيب نظيف,رتب,فَعَّلَ,roots-4662:رتب:المحكم — المعاني,,roots-4662:رتب:الأساس — المجاز,رَتَّبَ,APPROVED,,L2_017 haiku b27
AR08138,تَرْتِيب,مصدر,921,9976,عملية وضع الموضوع في ترتيب منظم,رتب,تَفْعِيلٌ,roots-4662:رتب:المحكم — المعاني,,roots-4662:رتب:الأساس — المجاز,تَرْتِيب,APPROVED,,L2_017 haiku b27
AR08140,نَشَرَ,فعل,921,11743,ينقل العامل الموضوع إلى موضع محدد,نشر,فَعَلَ,roots-4662:نشر:المحكم — المعاني,roots-4662:نشر:مقاييس — المحور,roots-4662:نشر:الأساس — المجاز,نَشَرَ,APPROVED,,L2_017 haiku b27
AR08141,نَشْر,مصدر,921,11744,عملية نقل الموضوع لتحضير إجراء,نشر,فَعْلٌ,roots-4662:نشر:المحكم — المعاني,roots-4662:نشر:مقاييس — المحور,roots-4662:نشر:الأساس — المجاز,نَشْر,APPROVED,,L2_017 haiku b27
AR08142,نَسَّقَ,فعل,921,11863,يصيغ العامل الموضوع وفق صيغة معينة,نسق,فَعَّلَ,roots-4662:نسق:المحكم — المعاني,roots-4662:نسق:مقاييس — المحور,roots-4662:نسق:الأساس — المجاز,نَسَّقَ,APPROVED,,L2_017 haiku b27
AR08143,هَيَّأَ,فعل,921,13337,يعد العامل الموضوع بترتيب وتنظيم,هيء,فَعَّلَ,roots-4662:هيء:المحكم — المعاني,roots-4662:هيء:مقاييس — النص,,هَيَّأَ,APPROVED,,L2_017 haiku b27 | FLAGS: ROOT_NORMALIZED
AR08144,نَظَّمَ,فعل,921,15170,يرتب العامل الموضوع على نحو منهجي,نظم,فَعَّلَ,roots-4662:نظم:المحكم — المعاني,roots-4662:نظم:مقاييس — المحور,roots-4662:نظم:الأساس — المجاز,نَظَّمَ,APPROVED,,L2_017 haiku b27
AR08146,قَانُون,اسم جامد,950,10020,قاعدة معترف بها من الدولة تنظم سلوك,,,,,,قَانُون,APPROVED,,L2_017 haiku b27 | دخيل | FLAGS: ROOT_MISSING;WAZN_MISSING
AR08148,نِظَام,اسم جامد,950,10023;14028;16881,إجراء رسمي ينظم شؤون الدول,نظم,فِعَالٌ,roots-4662:نظم:المحكم — المعاني,roots-4662:نظم:مقاييس — المحور,roots-4662:نظم:الأساس — المجاز,نِظَام,APPROVED,,L2_017 haiku b27
AR08149,مَرْسُوم,اسم مفعول,950,11222,نص تشريعي من البرلمان,رسم,مَفْعُولٌ,roots-4662:رسم:المحكم — المعاني,roots-4662:رسم:مقاييس — المحور,roots-4662:رسم:الأساس — المجاز,مَرْسُوم,APPROVED,,L2_017 haiku b27
AR08151,لَائِحَة,اسم جامد,950,13755,قاعدة من سلطة معينة,لوح,فَاعِلَةٌ,roots-4662:لوح:المحكم — المعاني,roots-4662:لوح:مقاييس — النص,roots-4662:لوح:الأساس — المجاز,لَائِحَة,APPROVED,,L2_017 haiku b27
AR08152,سِيَاسَة,اسم جامد,950,14353,مسار عمل تعتمده مؤسسة,سيس,,,,,سِيَاسَة,APPROVED,فِيَاسَة,L2_017 haiku b27 | FLAGS: WAZN_NOT_IN_INV
AR08153,مَوْجُود,اسم مفعول,960,10024,يكون الموضوع موجوداً في موضع,وجد,مَفْعُولٌ,roots-4662:وجد:المحكم — المعاني,roots-4662:وجد:مقاييس — المحور,roots-4662:وجد:الأساس — المجاز,مَوْجُود,APPROVED,,L2_017 haiku b27
AR08154,كَائِن,اسم فاعل,960,10025,يكون الموضوع كائناً في موضع,كون,فَاعِلٌ,roots-4662:كون:المحكم — المعاني,roots-4662:كون:مقاييس — المحور,,كَائِن,APPROVED,,L2_017 haiku b27
AR08155,اسْتَقَرَّ,فعل,960,10026,يستقر الموضوع في موضع,قرر,اِسْتَفْعَلَ,roots-4662:قرر:المحكم — المعاني,roots-4662:قرر:مقاييس — المحور,roots-4662:قرر:الأساس — المجاز,اسْتَقَرَّ,APPROVED,,L2_017 haiku b27 | FLAGS: WAZN_LEMMA_MISMATCH
AR08156,وَقَفَ,فعل,960,10027,يقف الموضوع في موضع معين,وقف,فَعَلَ,roots-4662:وقف:المحكم — المعاني,roots-4662:وقف:مقاييس — المحور,roots-4662:وقف:الأساس — المجاز,وَقَفَ,APPROVED,,L2_017 haiku b27
AR08158,مَكَان,اسم جامد,960,16531,الموضع الذي يتواجد فيه الفرد,مكن,فَعَالٍ,roots-4662:مكن:المحكم — المعاني,roots-4662:مكن:مقاييس — النص,roots-4662:مكن:الأساس — المجاز,مَكَان,APPROVED,,L2_017 haiku b27
AR08159,وَجَدَ,فعل,960,16621,يوجد الموضوع أو يحتل موضعاً,وجد,فَعَلَ,roots-4662:وجد:المحكم — المعاني,roots-4662:وجد:مقاييس — المحور,roots-4662:وجد:الأساس — المجاز,وَجَدَ,APPROVED,,L2_017 haiku b27
AR08160,مَارَسَ,فعل,962,10029,يؤدي العامل النشاط بشكل متكرر,مرس,فَاعَلَ,roots-4662:مرس:المحكم — المعاني,roots-4662:مرس:مقاييس — المحور,,مَارَسَ,APPROVED,,L2_017 haiku b27
AR08162,مُمَارَسَة,مصدر,962,10031,عملية ممارسة النشاط,مرس,مُفَاعَلَةٌ,roots-4662:مرس:المحكم — المعاني,roots-4662:مرس:مقاييس — المحور,,مُمَارَسَة,APPROVED,,L2_017 haiku b27
AR08163,تَمَرَّنَ,فعل,962,10032,يتمرن العامل على العرض,مرن,تَفَعَّلَ,roots-4662:مرن:المحكم — المعاني,roots-4662:مرن:مقاييس — المحور,,تَمَرَّنَ,APPROVED,,L2_017 haiku b27
AR08164,تَمْرِين,مصدر,962,10033;10034;10548;11717,عرض تجريبي للعمل,مرن,تَفْعِيلٌ,roots-4662:مرن:المحكم — المعاني,roots-4662:مرن:مقاييس — المحور,,تَمْرِين,APPROVED,,L2_017 haiku b27
AR08165,مَرَّ,فعل,962,10035,يمر العامل على أجزاء الأداء,مرر,فَعَّلَ,roots-4662:مرر:المحكم — المعاني,roots-4662:مرر:مقاييس — المحور,roots-4662:مرر:الأساس — المجاز,مَرَّ,APPROVED,,L2_017 haiku b27 | FLAGS: WAZN_LEMMA_MISMATCH
AR08166,مُراجَعَة,مصدر,962,10036,مراجعة أجزاء الأداء,رجع,مُفَاعَلَةٌ,roots-4662:رجع:المحكم — المعاني,roots-4662:رجع:مقاييس — المحور,roots-4662:رجع:الأساس — المجاز,مُراجَعَة,APPROVED,,L2_017 haiku b27
AR08167,تَدْرِيب,مصدر,962,13341,تعليم عبر تمارين,درب,تَفْعِيلٌ,roots-4662:درب:المحكم — المعاني,roots-4662:درب:مقاييس — النص,,تَدْرِيب,APPROVED,,L2_017 haiku b27
AR08168,مُقَلَّد,اسم مفعول,962,13444,محاكاة أو تقليد,قلد,مُفَعَّلٌ,roots-4662:قلد:المحكم — المعاني,roots-4662:قلد:مقاييس — المحور,roots-4662:قلد:الأساس — المجاز,مُقَلَّد,APPROVED,,L2_017 haiku b27
AR08172,فَارِع,اسم فاعل,965,15538,يملك الكيان ارتفاعاً خاصة,فرع,فَاعِلٌ,roots-4662:فرع:المحكم — المعاني,roots-4662:فرع:مقاييس — المحور,roots-4662:فرع:الأساس — المجاز,فَارِع,APPROVED,,L2_017 haiku b27 | POS ← L2_024 | L2_025
AR08173,سَمِيك,صفة مشبهة,965,15539,يملك الكيان سمكاً كبيراً,سمك,فَعِيلٌ,roots-4662:سمك:المحكم — المعاني,roots-4662:سمك:مقاييس — المحور,roots-4662:سمك:الأساس — المجاز,سَمِيك,APPROVED,,L2_017 haiku b27 | POS ← L2_025 | L2_025
AR08175,غَلِيظ,صفة مشبهة,965,15785,يملك الكيان محيطاً كبيراً,غلظ,فَعِيلٌ,roots-4662:غلظ:المحكم — المعاني,,roots-4662:غلظ:الأساس — المجاز,غَلِيظ,APPROVED,,L2_017 haiku b27 | POS ← L2_025 | L2_025
AR08176,مُنْخَفِض,اسم مفعول,965,17257,يملك الكيان ارتفاعاً أقل,خفض,مُنْفَعِلٌ,roots-4662:خفض:المحكم — المعاني,,roots-4662:خفض:الأساس — المجاز,مُنْخَفِض,APPROVED,,L2_017 haiku b27
AR08178,رَقِيق,صفة مشبهة,965,18488,يملك الكيان سمكاً صغيراً,رقق,فَعِيلٌ,roots-4662:رقق:المحكم — المعاني,roots-4662:رقق:مقاييس — المحور,roots-4662:رقق:الأساس — المجاز,رَقِيق,APPROVED,,L2_017 haiku b27 | POS ← L2_025 | L2_025
AR08179,خَفِيف,صفة مشبهة,965,18489,يملك الكيان وزناً قليلاً,خفف,فَعِيلٌ,roots-4662:خفف:المحكم — المعاني,roots-4662:خفف:مقاييس — المحور,roots-4662:خفف:الأساس — المجاز,خَفِيف,APPROVED,,L2_017 haiku b27 | POS ← L2_025 | L2_025
AR08181,قَصِير,صفة مشبهة,965,18491,يملك الكيان طولاً قليلاً,قصر,فَعِيلٌ,roots-4662:قصر:المحكم — المعاني,roots-4662:قصر:مقاييس — المحور,roots-4662:قصر:الأساس — المجاز,قَصِير,APPROVED,,L2_017 haiku b27 | POS ← L2_025 | L2_025
AR08182,سَرِيع,صفة مشبهة,966,10038;16094,يتحرك الكيان بسرعة عالية,سرع,فَعِيلٌ,roots-4662:سرع:المحكم — المعاني,roots-4662:سرع:مقاييس — المحور,,سَرِيع,APPROVED,,L2_017 haiku b27 | POS ← L2_025 | L2_025
AR08183,خَاطِف,اسم فاعل,966,10039,يتحرك الكيان بسرعة فائقة,خطف,فَاعِلٌ,roots-4662:خطف:المحكم — المعاني,roots-4662:خطف:مقاييس — المحور,roots-4662:خطف:الأساس — المجاز,خَاطِف,APPROVED,,L2_017 haiku b27 | POS ← L2_024 | L2_025
AR08184,مُسْرِع,اسم فاعل,966,10040,يتحرك الكيان بسرعة,سرع,مُفْعِلٌ,roots-4662:سرع:المحكم — المعاني,roots-4662:سرع:مقاييس — المحور,,مُسْرِع,APPROVED,,L2_017 haiku b27
AR08185,سُرْعَة,اسم جامد,966,10041,معدل حركة الكيان,سرع,فُعْلَةٌ,roots-4662:سرع:المحكم — المعاني,roots-4662:سرع:مقاييس — المحور,,سُرْعَة,APPROVED,,L2_017 haiku b27
AR08186,مُرْعِب,اسم فاعل,966,11978,يتحرك الكيان بسرعة مخيفة,رعب,مُفْعِلٌ,roots-4662:رعب:المحكم — المعاني,roots-4662:رعب:مقاييس — المحور,roots-4662:رعب:الأساس — المجاز,مُرْعِب,APPROVED,,L2_017 haiku b27
AR08188,وَتِيرَة,اسم جامد,966,13291,سرعة الحركة أو التطور,وتر,فَاعِلَةٌ,roots-4662:وتر:المحكم — المعاني,roots-4662:وتر:مقاييس — النص,roots-4662:وتر:الأساس — المجاز,وَتِيرَة,APPROVED,,L2_017 haiku b27
AR08189,سَرِيعاً,ظرف,966,14975,بسرعة وبشكل حثيث,سرع,,roots-4662:سرع:المحكم — المعاني,roots-4662:سرع:مقاييس — المحور,,سَرِيعاً,APPROVED,فَعِيلاً,L2_017 haiku b27 | FLAGS: WAZN_NOT_IN_INV
AR08190,بِسُرْعَة,ظرف,966,14976,بطريقة سريعة,سرع,فُعْلَةٌ,roots-4662:سرع:المحكم — المعاني,roots-4662:سرع:مقاييس — المحور,,بِسُرْعَة,APPROVED,,L2_017 haiku b27 | FLAGS: WAZN_LEMMA_MISMATCH
AR08191,نَشِيط,صفة مشبهة,966,16042,يتحرك الكيان بنشاط,نشط,فَعِيلٌ,roots-4662:نشط:المحكم — المعاني,roots-4662:نشط:مقاييس — المحور,roots-4662:نشط:الأساس — المجاز,نَشِيط,APPROVED,,L2_017 haiku b27 | POS ← L2_025 | L2_025
AR08192,اسْتَغْرَقَ,فعل,967,10042,يتطلب النشاط مدة زمنية,غرق,اِسْتَفْعَلَ,roots-4662:غرق:المحكم — المعاني,roots-4662:غرق:مقاييس — المحور,roots-4662:غرق:الأساس — المجاز,اسْتَغْرَقَ,APPROVED,,L2_017 haiku b27
AR08193,في,حرف,967,10043,حرف جر يعبر عن المدة,,,,,,في,APPROVED,,L2_017 haiku b27 | حرف جر | FLAGS: UNVOCALIZED
AR08194,سَرِيع,صفة مشبهة,967,10044;10046;11201,يتم النشاط بسرعة,سرع,فَعِيلٌ,roots-4662:سرع:المحكم — المعاني,roots-4662:سرع:مقاييس — المحور,,سَرِيع,APPROVED,,L2_017 haiku b27 | POS ← L2_025 | L2_025
AR08195,قَصِير,صفة مشبهة,967,10045,يستغرق النشاط مدة قصيرة,قصر,فَعِيلٌ,roots-4662:قصر:المحكم — المعاني,roots-4662:قصر:مقاييس — المحور,roots-4662:قصر:الأساس — المجاز,قَصِير,APPROVED,,L2_017 haiku b27 | POS ← L2_025 | L2_025
AR08196,خَاطِف,اسم فاعل,967,10047,يحدث النشاط بسرعة,خطف,فَاعِلٌ,roots-4662:خطف:المحكم — المعاني,roots-4662:خطف:مقاييس — المحور,roots-4662:خطف:الأساس — المجاز,خَاطِف,APPROVED,,L2_017 haiku b27 | POS ← L2_024 | L2_025
AR08197,بَطِيئاً,ظرف,967,14618,يتم النشاط ببطء,بطء,,v21:بطأ:المحكم — المعاني,v21:بطأ:مقاييس — المحور,,بَطِيئاً,APPROVED,فَعِيلاً,L2_017 haiku b27 | FLAGS: ROOT_NORMALIZED;WAZN_NOT_IN_INV
AR08198,بَطِيء,صفة مشبهة,967,14665,يستغرق النشاط وقتاً طويلاً,بطء,فَعِيلٌ,v21:بطأ:المحكم — المعاني,v21:بطأ:مقاييس — المحور,,بَطِيء,APPROVED,,L2_017 haiku b27 | POS ← L2_025 | L2_025
AR08199,تَدْرِيجِياً,ظرف,967,15113,يحدث النشاط ببطء,درج,,roots-4662:درج:المحكم — المعاني,roots-4662:درج:مقاييس — المحور,roots-4662:درج:الأساس — المجاز,تَدْرِيجِياً,APPROVED,تَفْعِيلِياً,L2_017 haiku b27 | FLAGS: WAZN_NOT_IN_INV
AR08200,سَرِيعاً,ظرف,967,17636,يتم النشاط بسرعة,سرع,,roots-4662:سرع:المحكم — المعاني,roots-4662:سرع:مقاييس — المحور,,سَرِيعاً,APPROVED,فَعِيلاً,L2_017 haiku b27 | FLAGS: WAZN_NOT_IN_INV
AR08201,ذِرَاع,اسم جامد,970,10062,شيء يشبه الذراع,ذرع,فِعَالٌ,roots-4662:ذرع:المحكم — المعاني,roots-4662:ذرع:مقاييس — المحور,roots-4662:ذرع:الأساس — المجاز,ذِرَاع,APPROVED,,L2_017 haiku b27
AR08203,رِجْل,اسم جامد,970,11221,دعم طويل رفيع,رجل,فِعْلٌ,roots-4662:رجل:المحكم — المعاني,roots-4662:رجل:مقاييس — المحور,roots-4662:رجل:الأساس — المجاز,رِجْل,APPROVED,,L2_017 haiku b27
AR08204,قِشْرَة,اسم جامد,970,11224,طبقة خارجية صلبة,قشر,فِعْلَةٌ,roots-4662:قشر:المحكم — المعاني,roots-4662:قشر:مقاييس — المحور,roots-4662:قشر:الأساس — المجاز,قِشْرَة,APPROVED,,L2_017 haiku b27
AR08206,مِقْبَض,اسم جامد,970,11325,جزء يُمْسَك به,قبض,مِفْعَلٌ,roots-4662:قبض:المحكم — المعاني,roots-4662:قبض:مقاييس — المحور,roots-4662:قبض:الأساس — المجاز,مِقْبَض,APPROVED,,L2_017 haiku b27
AR08207,مُوقِد,اسم جامد,971,10064,مكان لإشعال النار,وقد,مُفْعِلٌ,roots-4662:وقد:المحكم — المعاني,roots-4662:وقد:مقاييس — المحور,roots-4662:وقد:الأساس — المجاز,مُوقِد,APPROVED,,L2_017 haiku b27
AR08209,سَقْف,اسم جامد,971,10066;10068,السطح العلوي للغرفة,سقف,فَعْلٌ,roots-4662:سقف:المحكم — المعاني,roots-4662:سقف:مقاييس — المحور,roots-4662:سقف:الأساس — المجاز,سَقْف,APPROVED,,L2_017 haiku b27
AR08210,رَف,اسم جامد,971,10067,هيكل حول الموقد,رفف,فَعْلٌ,roots-4662:رفف:المحكم — المعاني,roots-4662:رفف:مقاييس — المحور,roots-4662:رفف:الأساس — المجاز,رَف,APPROVED,,L2_017 haiku b27 | FLAGS: WAZN_LEMMA_MISMATCH
AR08211,درابزين,اسم جامد,971,10069,شريط مثبت على دعامات,,,,,,درابزين,APPROVED,,L2_017 haiku b27 | دخيل | FLAGS: ROOT_MISSING;UNVOCALIZED;WAZN_MISSING
AR08213,سطح,اسم جامد,971,11103,سطح مستوٍ في المطبخ,سطح,فَعْلٌ,roots-4662:سطح:المحكم — المعاني,roots-4662:سطح:مقاييس — المحور,,سطح,APPROVED,,L2_017 haiku b27 | FLAGS: UNVOCALIZED
AR08214,وَاجِهَة,اسم جامد,971,11104,وجه المبنى الرئيسي,وجه,فَاعِلَةٌ,roots-4662:وجه:المحكم — المعاني,roots-4662:وجه:مقاييس — المحور,roots-4662:وجه:الأساس — المجاز,وَاجِهَة,APPROVED,,L2_017 haiku b27
AR08216,دَرَج,اسم جامد,971,15943,درج بين الطوابق,درج,فَعَلٌ,roots-4662:درج:المحكم — المعاني,roots-4662:درج:مقاييس — المحور,roots-4662:درج:الأساس — المجاز,دَرَج,APPROVED,,L2_017 haiku b27
AR08217,استراحة,اسم جامد,971,15944,قسم من الأرضية,رحح,اِسْتِفْعَالٌ,roots-4662:رحح:المحكم — المعاني,roots-4662:رحح:مقاييس — المحور,,استراحة,APPROVED,,L2_017 haiku b27 | FLAGS: UNVOCALIZED;WAZN_LEMMA_MISMATCH
AR08218,نَافِذَة,اسم جامد,971,16095,فتحة في جدار بإطار,نفذ,فَاعِلَةٌ,roots-4662:نفذ:المحكم — المعاني,roots-4662:نفذ:مقاييس — المحور,roots-4662:نفذ:الأساس — المجاز,نَافِذَة,APPROVED,,L2_017 haiku b27
AR08220,قَدِيم,صفة مشبهة,972,10072,يكون الكيان قديماً جداً,قدم,فَعِيلٌ,roots-4662:قدم:المحكم — المعاني,roots-4662:قدم:مقاييس — المحور,roots-4662:قدم:الأساس — المجاز,قَدِيم,APPROVED,,L2_017 haiku b27 | POS ← L2_025 | L2_025
AR08222,نَاشِئ,اسم فاعل,972,10074,يكون الكيان صغيراً نسبياً,نشء,فَاعِلٌ,roots-4662:نشء:المحكم — المعاني,roots-4662:نشء:مقاييس — المحور,,نَاشِئ,APPROVED,,L2_017 haiku b27 | POS ← L2_024 | L2_025
AR08226,طَازَج,اسم فاعل,972,13763,يكون الكيان لم يُسْتَخْدَم,طزج,فَاعِلٌ,,,,طَازَج,APPROVED,,L2_017 haiku b27 | POS ← L2_024 | L2_025
AR08227,من,حرف,972,15928,حرف جر يشير إلى العمر,,,,,,من,APPROVED,,L2_017 haiku b27 | حرف جر | FLAGS: UNVOCALIZED
AR08228,نَضْج,اسم جامد,972,16023,العمر الذي يبلغ النمو,نضج,فَعْلٌ,roots-4662:نضج:المحكم — المعاني,roots-4662:نضج:مقاييس — المحور,roots-4662:نضج:الأساس — المجاز,نَضْج,APPROVED,,L2_017 haiku b27
AR08229,نَاضِج,اسم فاعل,972,16073,يكون الشخص تجاوز المراهقة,نضج,فَاعِلٌ,roots-4662:نضج:المحكم — المعاني,roots-4662:نضج:مقاييس — المحور,roots-4662:نضج:الأساس — المجاز,نَاضِج,APPROVED,,L2_017 haiku b27 | POS ← L2_024 | L2_025
AR08230,مُسِنّ,اسم فاعل,972,17634,يكون الشخص كبيراً في السن,سنن,مُفْعِلٌ,roots-4662:سنن:المحكم — المعاني,roots-4662:سنن:مقاييس — المحور,roots-4662:سنن:الأساس — المجاز,مُسِنّ,APPROVED,,L2_017 haiku b27 | POS ← L2_025 | L2_025
AR08232,فَتِيّ,اسم جامد,973,10078;10840,شخص شاب,فتي,فَعِيلٌ,roots-4662:فتي:المحكم — المعاني,roots-4662:فتي:مقاييس — المحور,roots-4662:فتي:الأساس — المجاز,فَتِيّ,APPROVED,,L2_017 haiku b27
AR08233,مُراهِق,اسم جامد,973,10079;10086,ولد أو فتاة في سن المراهقة,رهق,مُفَاعِلٌ,roots-4662:رهق:المحكم — المعاني,roots-4662:رهق:مقاييس — المحور,roots-4662:رهق:الأساس — المجاز,مُراهِق,APPROVED,,L2_017 haiku b27
AR08235,رَضِيع,اسم جامد,973,10081;10084,طفل وُلِد حديثاً,رضع,فَعِيلٌ,roots-4662:رضع:المحكم — المعاني,roots-4662:رضع:مقاييس — المحور,roots-4662:رضع:الأساس — المجاز,رَضِيع,APPROVED,,L2_017 haiku b27
AR08236,وَلَد,اسم جامد,973,10082,طفل ذكر,ولد,فَعْلٌ,roots-4662:ولد:المحكم — المعاني,roots-4662:ولد:مقاييس — المحور,roots-4662:ولد:الأساس — المجاز,وَلَد,APPROVED,,L2_017 haiku b27
AR08238,مَوْلُود,اسم جامد,973,10085;14716,طفل مولود حديثاً,ولد,مَفْعُولٌ,roots-4662:ولد:المحكم — المعاني,roots-4662:ولد:مقاييس — المحور,roots-4662:ولد:الأساس — المجاز,مَوْلُود,APPROVED,,L2_017 haiku b27
AR08239,صَبِيّ,اسم جامد,973,10087,طفل أو شخص صغير,صبي,فَعِيلٌ,,,,صَبِيّ,APPROVED,,L2_017 haiku b27
AR08241,مُسِنّ,اسم جامد,973,14533,الأشخاص القدامى,سنن,مُفْعِلٌ,roots-4662:سنن:المحكم — المعاني,roots-4662:سنن:مقاييس — المحور,roots-4662:سنن:الأساس — المجاز,مُسِنّ,APPROVED,,L2_017 haiku b27 | FLAGS: WAZN_LEMMA_MISMATCH
AR08242,مَكْسِيكِيّ,اسم منسوب,974,10089,شخص من المكسيك,,,,,,مَكْسِيكِيّ,APPROVED,,L2_017 haiku b27 | نسبة | FLAGS: ROOT_MISSING;WAZN_MISSING
AR08243,نيويوركي,اسم منسوب,974,10090,شخص من نيويورك,,,,,,نيويوركي,APPROVED,,L2_017 haiku b27 | دخيل | FLAGS: ROOT_MISSING;UNVOCALIZED;WAZN_MISSING
AR08244,فَرَنْسِيّ,اسم منسوب,974,10091;10097,رجل من أصل فرنسي,,,,,,فَرَنْسِيّ,APPROVED,,L2_017 haiku b27 | نسبة | FLAGS: ROOT_MISSING;WAZN_MISSING
AR08245,إِنْجِلِيزِيّ,اسم منسوب,974,10092,سكان إنجلترا,,,,,,إِنْجِلِيزِيّ,APPROVED,,L2_017 haiku b27 | نسبة | FLAGS: ROOT_MISSING;WAZN_MISSING
AR08247,أَمْرِيكِيّ,اسم منسوب,974,10094;10095,شخص أمريكي,,,,,,أَمْرِيكِيّ,APPROVED,,L2_017 haiku b27 | نسبة | FLAGS: ROOT_MISSING;WAZN_MISSING
AR08248,فَرَنْسِيَّة,اسم منسوب,974,10096,امرأة فرنسية,,,,,,فَرَنْسِيَّة,APPROVED,,L2_017 haiku b27 | نسبة | FLAGS: ROOT_MISSING;WAZN_MISSING
AR08249,أَلْمَانِيّ,اسم منسوب,974,10098;14019,شخص ألماني,,,,,,أَلْمَانِيّ,APPROVED,,L2_017 haiku b27 | لفظ مسيء في الإنجليزية | FLAGS: ROOT_MISSING;WAZN_MISSING
AR08250,بِرِيطَانِيّ,اسم منسوب,974,10396,شخص بريطاني,,,,,,بِرِيطَانِيّ,APPROVED,,L2_017 haiku b27 | نسبة | FLAGS: ROOT_MISSING;WAZN_MISSING
AR08251,دِنْفَرِيّ,اسم منسوب,974,10545,شخص من دنفر,,,,,,دِنْفَرِيّ,APPROVED,,L2_017 haiku b27 | نسبة | FLAGS: ROOT_MISSING;WAZN_MISSING
AR08252,شِيكَاغِوِيّ,اسم منسوب,974,10546,شخص من شيكاغو,,,,,,شِيكَاغِوِيّ,APPROVED,,L2_017 haiku b27 | نسبة | FLAGS: ROOT_MISSING;WAZN_MISSING
AR08253,كَالِيفُورْنِيّ,اسم منسوب,974,10547,شخص من كاليفورنيا,,,,,,كَالِيفُورْنِيّ,APPROVED,,L2_017 haiku b27 | نسبة | FLAGS: ROOT_MISSING;WAZN_MISSING
AR08254,إِيرَانِيّ,اسم منسوب,974,13744,شخص إيراني,,,,,,إِيرَانِيّ,APPROVED,,L2_017 haiku b27 | نسبة | FLAGS: ROOT_MISSING;WAZN_MISSING
AR08255,إِيرِلَنْدِيّ,اسم منسوب,974,13886,شخص إيرلندي,,,,,,إِيرِلَنْدِيّ,APPROVED,,L2_017 haiku b27 | نسبة | FLAGS: ROOT_MISSING;WAZN_MISSING
AR08256,دُبْلِينِيّ,اسم منسوب,974,13958,شخص من دبلن,,,,,,دُبْلِينِيّ,APPROVED,,L2_017 haiku b27 | نسبة | FLAGS: ROOT_MISSING;WAZN_MISSING
AR08257,فَارِسِيّ,اسم منسوب,974,13987,شخص فارسي,,,,,,فَارِسِيّ,APPROVED,,L2_017 haiku b27 | نسبة | FLAGS: ROOT_MISSING;WAZN_MISSING
AR08258,يُونَانِيّ,اسم منسوب,974,14013,شخص يوناني,,,,,,يُونَانِيّ,APPROVED,,L2_017 haiku b27 | نسبة | FLAGS: ROOT_MISSING;WAZN_MISSING
AR08259,تُرْكِيّ,اسم منسوب,974,14016,فرد من الشعوب التركمانية,,,,,,تُرْكِيّ,APPROVED,,L2_017 haiku b27 | نسبة | FLAGS: ROOT_MISSING;WAZN_MISSING
AR08260,إِيطَالِيّ,اسم منسوب,974,14017,شخص إيطالي,,,,,,إِيطَالِيّ,APPROVED,,L2_017 haiku b27 | نسبة | FLAGS: ROOT_MISSING;WAZN_MISSING
AR08261,عُثْمَانِيّ,اسم منسوب,974,14018,تركي من الفترة العثمانية,,,,,,عُثْمَانِيّ,APPROVED,,L2_017 haiku b27 | نسبة | FLAGS: ROOT_MISSING;WAZN_MISSING
AR08263,إِنْجِلِيزِيَّة,اسم منسوب,974,17277,امرأة إنجليزية,,,,,,إِنْجِلِيزِيَّة,APPROVED,,L2_017 haiku b27 | نسبة | FLAGS: ROOT_MISSING;WAZN_MISSING
AR08264,فَقَدَ,فعل,978,10101;11130;11133,فقد المشارك السيطرة,فقد,فَعَلَ,roots-4662:فقد:المحكم — المعاني,roots-4662:فقد:مقاييس — المحور,,فَقَدَ,APPROVED,,L2_017 haiku b27 | لفظ مسيء
AR08265,انْفَجَرَ,فعل,978,11131,انفجر المشارك غضباً,فجر,,roots-4662:فجر:المحكم — المعاني,roots-4662:فجر:مقاييس — المحور,roots-4662:فجر:الأساس — المجاز,انْفَجَرَ,APPROVED,انْفَعَلَ,L2_017 haiku b27 | FLAGS: WAZN_NOT_IN_INV
AR08267,فَزِعَ,فعل,978,11134,تصرف بطريقة غير عقلانية,فزع,فَعِلَ,roots-4662:فزع:المحكم — المعاني,roots-4662:فزع:مقاييس — المحور,,فَزِعَ,APPROVED,,L2_017 haiku b27
AR08268,فَهِمَ,فعل,979,10102;10103;10104;10106;13540,فهم المُدرِك الفكرة,فهم,فَعِلَ,roots-4662:فهم:المحكم — المعاني,roots-4662:فهم:مقاييس — النص,,فَهِمَ,APPROVED,,L2_017 haiku b27
AR08269,فَهْم,مصدر,979,10105,فهم الشخص للظاهرة,فهم,فَعْلٌ,roots-4662:فهم:المحكم — المعاني,roots-4662:فهم:مقاييس — النص,,فَهْم,APPROVED,,L2_017 haiku b27
AR08270,أَدْرَكَ,فعل,979,10107;11977,أدرك المُدرِك الظاهرة,درك,أَفْعَلَ,v21:درك:المحكم — المعاني,v21:درك:مقاييس — المحور,,أَدْرَكَ,APPROVED,,L2_017 haiku b27
AR08271,غَامِض,اسم فاعل,979,10161;10171,يكون الشيء غامضاً,غمض,فَاعِلٌ,roots-4662:غمض:المحكم — المعاني,roots-4662:غمض:مقاييس — المحور,roots-4662:غمض:الأساس — المجاز,غَامِض,APPROVED,,L2_017 haiku b27 | POS ← L2_024 | L2_025
AR08272,مَفْهُوم,اسم مفعول,979,10162;10170;10542,يكون الشيء قابلاً للفهم,فهم,مَفْعُولٌ,roots-4662:فهم:المحكم — المعاني,roots-4662:فهم:مقاييس — النص,,مَفْهُوم,APPROVED,,L2_017 haiku b27 | POS ← L2_025 | L2_025
AR08274,فَن,اسم جامد,981,10110,نشاط له مكون جمالي,فنن,فَعْلٌ,roots-4662:فنن:المحكم — المعاني,roots-4662:فنن:مقاييس — المحور,,فَن,APPROVED,,L2_017 haiku b27 | FLAGS: WAZN_LEMMA_MISMATCH
AR08277,مُتَفَرِّد,اسم فاعل,982,10130,يكون الشيء غريباً فريداً,فرد,مُتَفَعِّلٌ,roots-4662:فرد:المحكم — المعاني,roots-4662:فرد:مقاييس — المحور,,مُتَفَرِّد,APPROVED,,L2_017 haiku b27 | POS ← L2_025 | L2_025
AR08278,خَاصّ,اسم فاعل,982,10131;10135,يكون الشيء مختصاً,خصص,فَاعِلٌ,roots-4662:خصص:المحكم — المعاني,roots-4662:خصص:مقاييس — المحور,roots-4662:خصص:الأساس — المجاز,خَاصّ,APPROVED,,L2_017 haiku b27 | POS ← L2_024 | L2_025
AR08279,خَصْوصِيَّة,اسم جامد,982,10132,ميزة غير عادية,خصص,فَعْوَلِيَّةٌ,roots-4662:خصص:المحكم — المعاني,roots-4662:خصص:مقاييس — المحور,roots-4662:خصص:الأساس — المجاز,خَصْوصِيَّة,APPROVED,,L2_017 haiku b27
AR08280,فَرِيد,صفة مشبهة,982,10133,يكون الشيء منفرداً,فرد,فَعِيلٌ,roots-4662:فرد:المحكم — المعاني,roots-4662:فرد:مقاييس — المحور,,فَرِيد,APPROVED,,L2_017 haiku b27 | POS ← L2_025 | L2_025
AR08281,خِصْلَة,اسم جامد,982,10134,سلوك غريب مختص,خصل,فِعْلَةٌ,roots-4662:خصل:المحكم — المعاني,roots-4662:خصل:مقاييس — المحور,roots-4662:خصل:الأساس — المجاز,خِصْلَة,APPROVED,,L2_017 haiku b27
AR08283,غَرَابَة,مصدر,982,13311,جودة كون الشيء غريباً,غرب,فَعَالَةٌ,roots-4662:غرب:المحكم — المعاني,roots-4662:غرب:مقاييس — النص,roots-4662:غرب:الأساس — المجاز,غَرَابَة,APPROVED,,L2_017 haiku b27
AR08284,غَرِيب,صفة مشبهة,982,13312,يكون الشيء غريباً جداً,غرب,فَعِيلٌ,roots-4662:غرب:المحكم — المعاني,roots-4662:غرب:مقاييس — النص,roots-4662:غرب:الأساس — المجاز,غَرِيب,APPROVED,,L2_017 haiku b27 | POS ← L2_025 | L2_025
AR08285,غَامِض,اسم فاعل,982,13313,يكون الشيء غريباً مرعباً,غمض,فَاعِلٌ,roots-4662:غمض:المحكم — المعاني,roots-4662:غمض:مقاييس — المحور,roots-4662:غمض:الأساس — المجاز,غَامِض,APPROVED,,L2_017 haiku b27 | POS ← L2_024 | L2_025
AR08286,قَادِر,اسم فاعل,990,10154;10157,يستوفي الكيان الشروط,قدر,فَاعِلٌ,roots-4662:قدر:المحكم — المعاني,roots-4662:قدر:مقاييس — المحور,roots-4662:قدر:الأساس — المجاز,قَادِر,APPROVED,,L2_017 haiku b27 | POS ← L2_024 | L2_025
AR08288,اسْتَطَاعَ,فعل,990,10156,استطاع الكيان,طيع,اِسْتَفْعَلَ,v21:طيع:المحكم — المعاني,,,اسْتَطَاعَ,APPROVED,,L2_017 haiku b27
AR08289,قُدْرَة,اسم جامد,990,10158;10702;11453,القدرة لفعل شيء,قدر,فُعْلَةٌ,roots-4662:قدر:المحكم — المعاني,roots-4662:قدر:مقاييس — المحور,roots-4662:قدر:الأساس — المجاز,قُدْرَة,APPROVED,,L2_017 haiku b27
AR08290,إِمْكَانِيَّة,اسم جامد,990,10678,شيء يمكن أن ينمو,,,,,,إِمْكَانِيَّة,APPROVED,,L2_017 haiku b27 | FLAGS: ROOT_MISSING;WAZN_MISSING
AR08291,قَابِل,اسم فاعل,990,14723,يكون الشيء قابلاً للنمو,قبل,فَاعِلٌ,roots-4662:قبل:المحكم — المعاني,roots-4662:قبل:مقاييس — المحور,roots-4662:قبل:الأساس — المجاز,قَابِل,APPROVED,,L2_017 haiku b27 | POS ← L2_024 | L2_025
AR08292,قُوَّة,اسم جامد,990,16161;16163,القدرة على الأفعال,قوو,فُعْلَةٌ,v21:قوو:المحكم — المعاني,,,قُوَّة,APPROVED,,L2_017 haiku b27
AR08294,قَوِيّ,صفة مشبهة,990,18526,يمتلك الكيان قدرة,قوي,فَعِيلٌ,,roots-4662:قوي:مقاييس — المحور,,قَوِيّ,APPROVED,,L2_017 haiku b27 | POS ← L2_025 | L2_025
AR08296,تَكْمِيل,مصدر,1000,10173,الشيء الذي يشكل كلاً,كمل,تَفْعِيلٌ,roots-4662:كمل:المحكم — المعاني,roots-4662:كمل:مقاييس — المحور,,تَكْمِيل,APPROVED,,L2_017 haiku b27
AR08297,تَكَمَّلَ,فعل,1000,10686,يكمل أو يخدم كمتمم,كمل,تَفَعَّلَ,roots-4662:كمل:المحكم — المعاني,roots-4662:كمل:مقاييس — المحور,,تَكَمَّلَ,APPROVED,,L2_017 haiku b27
AR08301,أَكْثَر,اسم تفضيل,1001,10290,يكون الشيء إضافياً,كثر,أَفْعَلُ,roots-4662:كثر:المحكم — المعاني,roots-4662:كثر:مقاييس — النص,,أَكْثَر,APPROVED,,L2_017 haiku b27 | POS ← L2_022 | L2_025
AR08302,زِيَادَة,اسم جامد,1001,10291,كمية إضافية,زيد,,roots-4662:زيد:المحكم — المعاني,roots-4662:زيد:مقاييس — المحور,roots-4662:زيد:الأساس — المجاز,زِيَادَة,APPROVED,فِيَاعَة,L2_017 haiku b27 | FLAGS: WAZN_NOT_IN_INV
AR08303,من,حرف,1010,10190;10191,حرف جر يعبر عن العلاقة,,,,,,من,APPROVED,,L2_017 haiku b27 | حرف جر | FLAGS: UNVOCALIZED
AR08304,ذَكَّرَ,فعل,1012,10192;10197;10365,يدفع المثير للتفكير بسبب التشابه,ذكر,فَعَّلَ,roots-4662:ذكر:المحكم — المعاني,roots-4662:ذكر:مقاييس — المحور,roots-4662:ذكر:الأساس — المجاز,ذَكَّرَ,APPROVED,,L2_017 haiku b27
AR08306,استدعى,فعل,1012,10194;10195,يستدعي المثير ظاهرة,دعو,اِسْتَفْعَلَ,roots-4662:دعو:المحكم — المعاني,roots-4662:دعو:مقاييس — النص,roots-4662:دعو:الأساس — المجاز,استدعى,APPROVED,,L2_017 haiku b27 | FLAGS: UNVOCALIZED
AR08307,تَذْكِرَة,اسم جامد,1012,10901,شيء يدفع للتذكر,ذكر,تَفْعِلَةٌ,roots-4662:ذكر:المحكم — المعاني,roots-4662:ذكر:مقاييس — المحور,roots-4662:ذكر:الأساس — المجاز,تَذْكِرَة,APPROVED,,L2_017 haiku b27
AR08308,مُثِير,اسم فاعل,1012,13824,يثير صوراً أو مشاعر,ثير,مُفْعِلٌ,,,,مُثِير,APPROVED,,L2_017 haiku b27
AR08310,أَوْحَى,فعل,1012,16323,يوحي المثير بصورة,وحي,,roots-4662:وحي:المحكم — المعاني,roots-4662:وحي:مقاييس — المحور,,أَوْحَى,APPROVED,أَفْعَى,L2_017 haiku b27 | FLAGS: WAZN_NOT_IN_INV
AR08312,رَائِع,اسم فاعل,1016,10207,يكون الكيان جميلاً رفيعاً,روع,فَاعِلٌ,roots-4662:روع:المحكم — المعاني,roots-4662:روع:مقاييس — المحور,roots-4662:روع:الأساس — المجاز,رَائِع,APPROVED,,L2_017 haiku b27 | POS ← L2_024 | L2_025
AR08313,أَنِيق,صفة مشبهة,1016,11627;13823,يكون الكيان نظيفاً ومرتباً,نيق,فَعِيلٌ,,,,أَنِيق,APPROVED,,L2_017 haiku b27 | POS/WAZN ← L2_026
AR08314,قَبِيح,صفة مشبهة,1016,11628,يكون الكيان غير ممتع,قبح,فَعِيلٌ,roots-4662:قبح:المحكم — المعاني,roots-4662:قبح:مقاييس — المحور,,قَبِيح,APPROVED,,L2_017 haiku b27 | POS ← L2_025 | L2_025
AR08315,لَذِيذ,صفة مشبهة,1016,11641,تتمتع الطعام بطعم ممتع,لذذ,فَعِيلٌ,roots-4662:لذذ:المحكم — المعاني,roots-4662:لذذ:مقاييس — المحور,,لَذِيذ,APPROVED,,L2_017 haiku b27 | POS ← L2_025 | L2_025
AR08317,وَسِيم,صفة مشبهة,1016,15929,يكون الشخص جذاباً,وسم,فَعِيلٌ,roots-4662:وسم:المحكم — المعاني,roots-4662:وسم:مقاييس — المحور,roots-4662:وسم:الأساس — المجاز,وَسِيم,APPROVED,,L2_017 haiku b27 | POS ← L2_025 | L2_025
AR08319,جِيتَار,اسم جامد,1017,10210,آلة موسيقية وترية تُستخدم لإحداث الصوت,,,,,,جِيتَار,APPROVED,,L2_017 haiku b28 | دخيل | FLAGS: ROOT_MISSING;WAZN_MISSING
AR08322,بِيَانو,اسم جامد,1017,10213,آلة موسيقية ذات لوحة مفاتيح لإحداث الصوت الموسيقي,,,,,,بِيَانو,APPROVED,,L2_017 haiku b28 | دخيل | FLAGS: ROOT_MISSING;WAZN_MISSING
AR08323,خَشْخَاشَة,اسم جامد,1017,10214,لُعْبَة طفل تُحدِث صوتاً عند هزّها,خشش,,roots-4662:خشش:المحكم — المعاني,roots-4662:خشش:مقاييس — المحور,roots-4662:خشش:الأساس — المجاز,خَشْخَاشَة,APPROVED,فَعْخَاشَة,L2_017 haiku b28 | FLAGS: WAZN_NOT_IN_INV
AR08324,كِسَار,اسم جامد,1017,10215,آلة موسيقية يُضرَب فيها خشب متدرج,كسر,فِعَالٌ,roots-4662:كسر:المحكم — المعاني,roots-4662:كسر:مقاييس — المحور,roots-4662:كسر:الأساس — المجاز,كِسَار,APPROVED,,L2_017 haiku b28
AR08326,تِشِيلّو,اسم جامد,1017,10217,آلة موسيقية وترية ذات صوت عميق,,,,,,تِشِيلّو,APPROVED,,L2_017 haiku b28 | دخيل | FLAGS: ROOT_MISSING;WAZN_MISSING
AR08327,سِكْسُفُون,اسم جامد,1017,10218,آلة موسيقية هوائية نحاسية,,,,,,سِكْسُفُون,APPROVED,,L2_017 haiku b28 | دخيل | FLAGS: ROOT_MISSING;WAZN_MISSING
AR08332,مُسْلِم,اسم فاعل,1021,10222,من يتّبع الإسلام,سلم,مُفْعِلٌ,roots-4662:سلم:المحكم — المعاني,roots-4662:سلم:مقاييس — المحور,roots-4662:سلم:الأساس — المجاز,مُسْلِم,APPROVED,,L2_017 haiku b28
AR08333,نَصْرَانِيّ,اسم منسوب,1021,10223,من يؤمن بالديانة النصرانية,نصر,فَعْلانِيٌّ,roots-4662:نصر:المحكم — المعاني,roots-4662:نصر:مقاييس — المحور,,نَصْرَانِيّ,APPROVED,,L2_017 haiku b28
AR08336,بُوذِيّ,اسم منسوب,1021,13458,من يؤمن بديانة بوذا,,,,,,بُوذِيّ,APPROVED,,L2_017 haiku b28 | دخيل | FLAGS: ROOT_MISSING;WAZN_MISSING
AR08337,وَثَنِيّ,اسم منسوب,1021,13997,من يدين بدين غير الأديان الكبرى,وثن,فَعَلِيٌّ,roots-4662:وثن:المحكم — المعاني,roots-4662:وثن:مقاييس — النص,roots-4662:وثن:الأساس — المجاز,وَثَنِيّ,APPROVED,,L2_017 haiku b28
AR08338,مُرمُوني,اسم منسوب,1021,14342,تابع كنيسة يسوع المسيح الحديثة,,,,,,مُرمُوني,APPROVED,,L2_017 haiku b28 | دخيل | FLAGS: ROOT_MISSING;WAZN_MISSING
AR08339,كَافِر,اسم فاعل,1021,14704,من لا يؤمن بأي ديانة,كفر,فَاعِلٌ,roots-4662:كفر:المحكم — المعاني,roots-4662:كفر:مقاييس — المحور,,كَافِر,APPROVED,,L2_017 haiku b28
AR08340,غَيُور,صفة مشبهة,1021,14869,من يتعصب بشدة لدينه,غير,فَعُولٌ,roots-4662:غير:المحكم — المعاني,roots-4662:غير:مقاييس — المحور,roots-4662:غير:الأساس — المجاز,غَيُور,APPROVED,,L2_017 haiku b28
AR08341,يَهُودِيّ,اسم منسوب,1021,14928,من يتّبع الديانة اليهودية,هود,فَعُولِيٌّ,roots-4662:هود:المحكم — المعاني,roots-4662:هود:مقاييس — المحور,,يَهُودِيّ,APPROVED,,L2_017 haiku b28
AR08342,مُوَاطِن,اسم فاعل,1023,10245,فرد معترف به قانونياً في دولة ما,وطن,مُفَاعِلٌ,roots-4662:وطن:المحكم — المعاني,roots-4662:وطن:مقاييس — النص,roots-4662:وطن:الأساس — المجاز,مُوَاطِن,APPROVED,,L2_017 haiku b28
AR08343,رَعَايا,اسم جامد,1023,10246,من يتبع أبرشية كنسية معيّنة,رعي,,roots-4662:رعي:المحكم — المعاني,roots-4662:رعي:مقاييس — النص,roots-4662:رعي:الأساس — المجاز,رَعَايا,APPROVED,فَعَايا,L2_017 haiku b28 | FLAGS: WAZN_NOT_IN_INV
AR08344,قَوْمِيّ,اسم منسوب,1023,10248,من ينتمي إلى جنسية دولة ما,قوم,فَعْلِيٌّ,roots-4662:قوم:المحكم — المعاني,roots-4662:قوم:مقاييس — المحور,roots-4662:قوم:الأساس — المجاز,قَوْمِيّ,APPROVED,,L2_017 haiku b28
AR08345,رَعايا,اسم جامد,1023,10249;10252,من يخضع لحكم ملك أو سلطة عليا,رعي,,roots-4662:رعي:المحكم — المعاني,roots-4662:رعي:مقاييس — النص,roots-4662:رعي:الأساس — المجاز,رَعايا,APPROVED,فَعَايا,L2_017 haiku b28 | FLAGS: WAZN_NOT_IN_INV
AR08346,تَوَقَّفَ,فعل,1024,10264,كفّ الموضوع عن الحركة,وقف,تَفَعَّلَ,roots-4662:وقف:المحكم — المعاني,roots-4662:وقف:مقاييس — المحور,roots-4662:وقف:الأساس — المجاز,تَوَقَّفَ,APPROVED,,L2_017 haiku b28
AR08347,وَقَفَ,فعل,1024,10265,كفّ الموضوع عن الحركة تماماً,وقف,فَعَلَ,roots-4662:وقف:المحكم — المعاني,roots-4662:وقف:مقاييس — المحور,roots-4662:وقف:الأساس — المجاز,وَقَفَ,APPROVED,,L2_017 haiku b28
AR08348,مُتَوَقِّف,اسم فاعل,1024,18384;18385,صار الموضوع في حالة استرخاء,وقف,مُتَفَعِّلٌ,roots-4662:وقف:المحكم — المعاني,roots-4662:وقف:مقاييس — المحور,roots-4662:وقف:الأساس — المجاز,مُتَوَقِّف,APPROVED,,L2_017 haiku b28 | POS ← L2_025 | L2_025
AR08352,سُلَّم كَهْرَبَائِيّ,تركيب,1025,10271,درج متحرك يوفر الصعود والهبوط,,,,,,سُلَّم كَهْرَبَائِيّ,APPROVED,,L2_017 haiku b28
AR08353,مَمَرّ,اسم جامد,1025,10272,فضاء طويل يفصل بين الحجرات في بناء,مرر,فَعَلٌ,roots-4662:مرر:المحكم — المعاني,roots-4662:مرر:مقاييس — المحور,roots-4662:مرر:الأساس — المجاز,مَمَرّ,APPROVED,,L2_017 haiku b28 | FLAGS: WAZN_LEMMA_MISMATCH
AR08354,دِهْلِيز,اسم جامد,1025,10273,ممر أو فضاء في البناء,دهلز,,,,,دِهْلِيز,APPROVED,فِعْلِيز,L2_017 haiku b28 | FLAGS: WAZN_NOT_IN_INV
AR08356,سُلَّم,اسم جامد,1025,10275,مجموعة درجات للصعود والهبوط بين الطوابق,سلم,فُعَّلٌ,roots-4662:سلم:المحكم — المعاني,roots-4662:سلم:مقاييس — المحور,roots-4662:سلم:الأساس — المجاز,سُلَّم,APPROVED,,L2_017 haiku b28
AR08357,دَرَج,اسم جامد,1025,10277,درجات متتالية للصعود والهبوط,درج,فَعَلٌ,roots-4662:درج:المحكم — المعاني,roots-4662:درج:مقاييس — المحور,roots-4662:درج:الأساس — المجاز,دَرَج,APPROVED,,L2_017 haiku b28
AR08358,دَرَجَة,اسم جامد,1025,13319,سطح مستقل في السلم يضع عليه القدم,درج,فَعَلَةٌ,roots-4662:درج:المحكم — المعاني,roots-4662:درج:مقاييس — المحور,roots-4662:درج:الأساس — المجاز,دَرَجَة,APPROVED,,L2_017 haiku b28
AR08361,اِنْتَمَى,فعل,1026,10280,كان عضواً في مجموعة ما,نمي,اِفْتَعَلَ,roots-4662:نمي:المحكم — المعاني,roots-4662:نمي:مقاييس — المحور,roots-4662:نمي:الأساس — المجاز,اِنْتَمَى,APPROVED,,L2_017 haiku b28
AR08365,مُرْتَبِط,اسم فاعل,1026,13177,كان منضماً إلى منظمة ما,ربط,مُفْتَعِلٌ,roots-4662:ربط:المحكم — المعاني,roots-4662:ربط:مقاييس — المحور,roots-4662:ربط:الأساس — المجاز,مُرْتَبِط,APPROVED,,L2_017 haiku b28
AR08366,أَوَّل,ظرف,1027,10286,في المرة الأولى دون سابقة,ءول,,v21:أول:المحكم — المعاني,v21:أول:مقاييس — المحور,v21:أول:الأساس — المجاز,أَوَّل,APPROVED,أَفَّل,L2_017 haiku b28 | FLAGS: ROOT_NORMALIZED;WAZN_NOT_IN_INV
AR08367,نَفْس,اسم جامد,1029,10293,شيء واحد بعينه لم يتغيّر,نفس,فَعْلٌ,roots-4662:نفس:المحكم — المعاني,roots-4662:نفس:مقاييس — المحور,roots-4662:نفس:الأساس — المجاز,نَفْس,APPROVED,,L2_017 haiku b28
AR08368,مُخْتَلِف,اسم فاعل,1029,10294,غير متطابق أو متباين,خلف,مُفْتَعِلٌ,roots-4662:خلف:المحكم — المعاني,roots-4662:خلف:مقاييس — المحور,roots-4662:خلف:الأساس — المجاز,مُخْتَلِف,APPROVED,,L2_017 haiku b28
AR08369,مُطَابِق,اسم فاعل,1029,10309,متماثل تماماً مع الآخر,طابق,مُفَاعِلٌ,,,,مُطَابِق,APPROVED,,L2_017 haiku b28 | FLAGS: ROOT_ALIF
AR08370,مُنْفَصِل,اسم فاعل,1029,10851,منفرد أو منقطع عن الآخر,فصل,مُنْفَعِلٌ,roots-4662:فصل:المحكم — المعاني,roots-4662:فصل:مقاييس — النص,,مُنْفَصِل,APPROVED,,L2_017 haiku b28
AR08371,هُوِيَّة,اسم جامد,1029,13252,الصفات التي تحدد ماهية الشيء,هوي,,roots-4662:هوي:المحكم — المعاني,roots-4662:هوي:مقاييس — المحور,roots-4662:هوي:الأساس — المجاز,هُوِيَّة,APPROVED,فُعِيَّة,L2_017 haiku b28 | FLAGS: WAZN_NOT_IN_INV
AR08375,رُفَات,اسم جامد,1030,13980,أشياء متبقية من مجموعة أكبر,رفت,فُعَالٌ,roots-4662:رفت:المحكم — المعاني,roots-4662:رفت:مقاييس — المحور,roots-4662:رفت:الأساس — المجاز,رُفَات,APPROVED,,L2_017 haiku b28
AR08376,إيقَاع,اسم جامد,1040,10330,نمط متكرر منتظم في الصوت أو الحركة,وقع,,roots-4662:وقع:المحكم — المعاني,roots-4662:وقع:مقاييس — المحور,roots-4662:وقع:الأساس — المجاز,إيقَاع,APPROVED,إفْعَال,L2_017 haiku b28 | FLAGS: WAZN_NOT_IN_INV
AR08377,بِإيقَاعٍ,ظرف,1040,10331,بنمط منتظم ومتكرر,وقع,,roots-4662:وقع:المحكم — المعاني,roots-4662:وقع:مقاييس — المحور,roots-4662:وقع:الأساس — المجاز,بِإيقَاعٍ,APPROVED,,L2_017 haiku b28 | FLAGS: WAZN_MISSING
AR08378,نَبْضَة,اسم جامد,1040,10332,نمط ضربات منتظم في الموسيقى,نبض,فَعْلَةٌ,roots-4662:نبض:المحكم — المعاني,roots-4662:نبض:مقاييس — المحور,roots-4662:نبض:الأساس — المجاز,نَبْضَة,APPROVED,,L2_017 haiku b28
AR08379,إيقَاعِيّ,اسم منسوب,1040,10333,له نمط متكرر منتظم,وقع,,roots-4662:وقع:المحكم — المعاني,roots-4662:وقع:مقاييس — المحور,roots-4662:وقع:الأساس — المجاز,إيقَاعِيّ,APPROVED,إفْعَالِيّ,L2_017 haiku b28 | FLAGS: WAZN_NOT_IN_INV
AR08380,وَقْت,اسم جامد,1040,15398,إيقاع أغنية أو موسيقى,وقت,فَعْلٌ,roots-4662:وقت:المحكم — المعاني,roots-4662:وقت:مقاييس — المحور,,وَقْت,APPROVED,,L2_017 haiku b28
AR08388,فَاتِر,صفة مشبهة,1050,14441;14442,ليس بارداً ولا حاراً,فتر,فَاعِلٌ,roots-4662:فتر:المحكم — المعاني,roots-4662:فتر:مقاييس — المحور,roots-4662:فتر:الأساس — المجاز,فَاتِر,APPROVED,,L2_017 haiku b28
AR08389,بَارِد جِدّاً,تركيب,1050,14443,بدرجة حرارة منخفضة جداً,,,,,,بَارِد جِدّاً,APPROVED,,L2_017 haiku b28
AR08391,دَافِئ,صفة مشبهة,1050,15750,درجة حرارته أعلى من المحايد,دفا,فَاعِلٌ,,,,دَافِئ,APPROVED,,L2_017 haiku b28 | FLAGS: ROOT_ALIF
AR08394,دَافِئ,صفة مشبهة,1052,10372,بيئة بحرارة مريحة معتدلة,دفا,فَاعِلٌ,,,,دَافِئ,APPROVED,,L2_017 haiku b28 | FLAGS: ROOT_ALIF
AR08395,يَوْم حَارّ,تركيب,1052,10373,يوم بطقس حار جداً,,,,,,يَوْم حَارّ,APPROVED,,L2_017 haiku b28
AR08402,نَمَا,فعل,1070,10392,أصبح تدريجياً بصفة جديدة,نمي,فَعَلَ,roots-4662:نمي:المحكم — المعاني,roots-4662:نمي:مقاييس — المحور,roots-4662:نمي:الأساس — المجاز,نَمَا,APPROVED,,L2_017 haiku b28
AR08404,انْتَهَى إلى,تركيب,1070,10845,صار بنتيجة عملية ما,,,,,,انْتَهَى إلى,APPROVED,,L2_017 haiku b28 | FLAGS: ROOT_WAZN_CLEARED_NO_ROOT_POS
AR08405,مُمَثِّلَة,اسم فاعل,1080,10473,امرأة تمثل دوراً في عرض فني,مثل,مُفَعِّلَةٌ,roots-4662:مثل:المحكم — المعاني,roots-4662:مثل:مقاييس — المحور,,مُمَثِّلَة,APPROVED,,L2_017 haiku b28
AR08406,مُمَثِّل,اسم فاعل,1080,10474,فرد يمثل دوراً في عرض فني,مثل,مُفَعِّلٌ,roots-4662:مثل:المحكم — المعاني,roots-4662:مثل:مقاييس — المحور,,مُمَثِّل,APPROVED,,L2_017 haiku b28
AR08407,لاعِب,اسم فاعل,1080,13427,مثل في العرض الفني,لعب,فَاعِلٌ,roots-4662:لعب:المحكم — المعاني,roots-4662:لعب:مقاييس — المحور,roots-4662:لعب:الأساس — المجاز,لاعِب,APPROVED,,L2_017 haiku b28
AR08408,مُوسِيقَار,اسم جامد,1080,14680,فرد يعزف الموسيقى في حفلة,وسق,,roots-4662:وسق:المحكم — المعاني,roots-4662:وسق:مقاييس — المحور,roots-4662:وسق:الأساس — المجاز,مُوسِيقَار,APPROVED,مُفْعِيلَار,L2_017 haiku b28 | FLAGS: WAZN_NOT_IN_INV
AR08409,هَجَّى,فعل,1081,10422,نطق أحرف الكلمة واحداً تلو الآخر,هجي,فَعَّلَ,roots-4662:هجي:المحكم — المعاني,,,هَجَّى,APPROVED,,L2_017 haiku b28
AR08410,أَخْطَأَ التَّهْجِيَة,تركيب,1081,10423,أخطأ في هجاء الكلمة,,,,,,أَخْطَأَ التَّهْجِيَة,APPROVED,,L2_017 haiku b28 | FLAGS: ROOT_WAZN_CLEARED_NO_ROOT_POS
AR08411,نَطَقَ,فعل,1081,10424,أصدر صوت الكلمة,نطق,فَعَلَ,roots-4662:نطق:المحكم — المعاني,roots-4662:نطق:مقاييس — المحور,roots-4662:نطق:الأساس — المجاز,نَطَقَ,APPROVED,,L2_017 haiku b28
AR08412,أَخْطَأَ النُّطْق,تركيب,1081,10425,أخطأ في نطق الكلمة,,,,,,أَخْطَأَ النُّطْق,APPROVED,,L2_017 haiku b28 | FLAGS: ROOT_WAZN_CLEARED_NO_ROOT_POS
AR08413,قَالَ,فعل,1081,10426,نطق الكلمة بصوت واضح,قول,فَعَلَ,roots-4662:قول:المحكم — المعاني,roots-4662:قول:مقاييس — المحور,,قَالَ,APPROVED,,L2_017 haiku b28
AR08414,كَتَبَ,فعل,1081,11206,أنشأ صيغة لغوية بالكتابة,كتب,فَعَلَ,roots-4662:كتب:المحكم — المعاني,roots-4662:كتب:مقاييس — المحور,roots-4662:كتب:الأساس — المجاز,كَتَبَ,APPROVED,,L2_017 haiku b28
AR08418,أَلْهَمَ,فعل,1083,10440,أثار الرغبة والقدرة على الفعل,لهم,أَفْعَلَ,roots-4662:لهم:المحكم — المعاني,roots-4662:لهم:مقاييس — المحور,roots-4662:لهم:الأساس — المجاز,أَلْهَمَ,APPROVED,,L2_017 haiku b28
AR08420,إلْهَام,اسم جامد,1083,10443,حادثة إبداع مفاجئ,لهم,,roots-4662:لهم:المحكم — المعاني,roots-4662:لهم:مقاييس — المحور,roots-4662:لهم:الأساس — المجاز,إلْهَام,APPROVED,إفْعَال,L2_017 haiku b28 | FLAGS: WAZN_NOT_IN_INV
AR08421,دَفَعَ,فعل,1083,13926;13971,حمل على فعل أمر معين,دفع,فَعَلَ,roots-4662:دفع:المحكم — المعاني,roots-4662:دفع:مقاييس — المحور,roots-4662:دفع:الأساس — المجاز,دَفَعَ,APPROVED,,L2_017 haiku b28
AR08422,حَفَّزَ,فعل,1083,13927;18563;18564,أثار الاهتمام والرغبة,حفز,فَعَّلَ,v21:حفز:المحكم — المعاني,v21:حفز:مقاييس — المحور,,حَفَّزَ,APPROVED,,L2_017 haiku b28
AR08423,نَهَضَ بِـ,تركيب,1083,15602,أثار أو حرك إلى العمل,,,,,,نَهَضَ بِـ,APPROVED,,L2_017 haiku b28 | FLAGS: ROOT_WAZN_CLEARED_NO_ROOT_POS
AR08424,تَوَدَّدَ,فعل,1083,18507,حاول التأثير برفق وملاطفة,ودد,تَفَعَّلَ,roots-4662:ودد:المحكم — المعاني,roots-4662:ودد:مقاييس — المحور,,تَوَدَّدَ,APPROVED,,L2_017 haiku b28
AR08425,أَغْرَى,فعل,1083,18508,جذب بعرض لذة أو فائدة,غري,أَفْعَلَ,,,,أَغْرَى,APPROVED,,L2_017 haiku b28
AR08427,أَغْوَى,فعل,1083,18511,جذب للقيام بما يخالف الحكمة,غوي,أَفْعَلَ,roots-4662:غوي:المحكم — المعاني,roots-4662:غوي:مقاييس — المحور,roots-4662:غوي:الأساس — المجاز,أَغْوَى,APPROVED,,L2_017 haiku b28
AR08432,قُدْرَة,اسم جامد,1084,18159,القدرة على التأثير والتحكم,قدر,فُعْلَةٌ,roots-4662:قدر:المحكم — المعاني,roots-4662:قدر:مقاييس — المحور,roots-4662:قدر:الأساس — المجاز,قُدْرَة,APPROVED,,L2_017 haiku b28
AR08433,اِلْتَقَى,فعل,1085,10452,التقى بشخص للمرة الأولى,لقي,اِفْتَعَلَ,roots-4662:لقي:المحكم — المعاني,roots-4662:لقي:مقاييس — المحور,roots-4662:لقي:الأساس — المجاز,اِلْتَقَى,APPROVED,,L2_017 haiku b28
AR08435,رَأْفَة,اسم جامد,1086,10454,عفو السلطة عن المخالف,رافة,فَعْلَةٌ,,,,رَأْفَة,APPROVED,,L2_017 haiku b28 | FLAGS: ROOT_ALIF
AR08436,خَفَّفَ,فعل,1088,10455,تقليل العقوبة إلى عقوبة أخف,خفف,فَعَّلَ,roots-4662:خفف:المحكم — المعاني,roots-4662:خفف:مقاييس — المحور,roots-4662:خفف:الأساس — المجاز,خَفَّفَ,APPROVED,,L2_017 haiku b28
AR08437,تَخْفِيف,اسم جامد,1088,10456,تقليل الحكم القضائي,خفف,تَفْعِيلٌ,roots-4662:خفف:المحكم — المعاني,roots-4662:خفف:مقاييس — المحور,roots-4662:خفف:الأساس — المجاز,تَخْفِيف,APPROVED,,L2_017 haiku b28
AR08438,خَرَّبَ,فعل,1090,10470,دمّر أو عطّل بقصد,خرب,فَعَّلَ,roots-4662:خرب:المحكم — المعاني,roots-4662:خرب:مقاييس — المحور,roots-4662:خرب:الأساس — المجاز,خَرَّبَ,APPROVED,,L2_017 haiku b28
AR08439,نَقَضَ,فعل,1090,10471,أضعف أو أفسد تدريجياً,نقض,فَعَلَ,roots-4662:نقض:المحكم — المعاني,roots-4662:نقض:مقاييس — المحور,roots-4662:نقض:الأساس — المجاز,نَقَضَ,APPROVED,,L2_017 haiku b28
AR08440,قَوَّضَ,فعل,1090,10472,أضعف أو حطّ من الشيء,قوض,فَعَّلَ,roots-4662:قوض:المحكم — المعاني,roots-4662:قوض:مقاييس — المحور,roots-4662:قوض:الأساس — المجاز,قَوَّضَ,APPROVED,,L2_017 haiku b28
AR08441,أَفْسَدَ,فعل,1090,10477,قوّض سلطة النظام أو الحكومة,فسد,أَفْعَلَ,roots-4662:فسد:المحكم — المعاني,roots-4662:فسد:مقاييس — النص,,أَفْسَدَ,APPROVED,,L2_017 haiku b28
AR08442,تَقْوِيض,اسم جامد,1090,10478,محاولة إسقاط النظام أو الحكومة,قوض,تَفْعِيلٌ,roots-4662:قوض:المحكم — المعاني,roots-4662:قوض:مقاييس — المحور,roots-4662:قوض:الأساس — المجاز,تَقْوِيض,APPROVED,,L2_017 haiku b28
AR08444,أَخْطَأَ,فعل,1100,10497,ارتكب خطيئة دينية,خطي,أَفْعَلَ,,,,أَخْطَأَ,APPROVED,,L2_017 haiku b28
AR08445,خَطِيئَة,اسم جامد,1100,10499,عمل يخالف الشريعة الدينية,خطا,فَعِيلَةٌ,,,,خَطِيئَة,APPROVED,,L2_017 haiku b28 | FLAGS: ROOT_ALIF
AR08446,تَجَاوَزَ,فعل,1100,10500,تخطى حدود الأخلاق,جاوز,تَفَاعَلَ,,,,تَجَاوَزَ,APPROVED,,L2_017 haiku b28 | FLAGS: ROOT_ALIF
AR08447,تَجَاوُز,اسم جامد,1100,10502,عمل يخالف الأخلاق,جاوز,تَفَاعُلٌ,,,,تَجَاوُز,APPROVED,,L2_017 haiku b28 | FLAGS: ROOT_ALIF
AR08448,زَلَّة,اسم جامد,1100,11241,خطأ صغير بسيط,زلل,,roots-4662:زلل:المحكم — المعاني,roots-4662:زلل:مقاييس — النص,roots-4662:زلل:الأساس — المجاز,زَلَّة,APPROVED,فَعَّلَة,L2_017 haiku b28 | FLAGS: WAZN_LEMMA_MISMATCH;WAZN_NOT_IN_INV
AR08450,فَاسِد,صفة مشبهة,1102,10495,شخص بلا مبادئ أخلاقية,فسد,فَاعِلٌ,roots-4662:فسد:المحكم — المعاني,roots-4662:فسد:مقاييس — النص,,فَاسِد,APPROVED,,L2_017 haiku b28
AR08451,مُنْحَطّ,اسم فاعل,1102,10496,شخص تدهور خلقياً,حط,مُنْفَعَلٌ,,,,مُنْحَطّ,APPROVED,,L2_017 haiku b28 | FLAGS: ROOT_LEN
AR08452,خَاطِئ,اسم فاعل,1102,10498,من يرتكب الآثام,خطا,فَاعِلٌ,,,,خَاطِئ,APPROVED,,L2_017 haiku b28 | FLAGS: ROOT_ALIF
AR08453,مُذْنِب,اسم فاعل,1102,10501,من يتصرف بسوء,ذنب,مُفْعِلٌ,roots-4662:ذنب:المحكم — المعاني,roots-4662:ذنب:مقاييس — المحور,roots-4662:ذنب:الأساس — المجاز,مُذْنِب,APPROVED,,L2_017 haiku b28
AR08454,دَنِيء,صفة مشبهة,1102,10503,شخص وضيع الأخلاق,دنا,فَعِيلٌ,,,,دَنِيء,APPROVED,,L2_017 haiku b28 | FLAGS: ROOT_ALIF
AR08455,تُفَّاحَة سَيِّئَة,تركيب,1102,10504,شخص فاسد في المجموعة,,,,,,تُفَّاحَة سَيِّئَة,APPROVED,,L2_017 haiku b28
AR08458,حَطِيء,صفة مشبهة,1102,10509,من يقوم بنشاطات مشبوهة,حطا,فَعِيلٌ,,,,حَطِيء,APPROVED,,L2_017 haiku b28 | FLAGS: ROOT_ALIF
AR08460,قِدِّيس,اسم جامد,1102,10582,شخص فاضل جداً,قدس,,roots-4662:قدس:المحكم — المعاني,roots-4662:قدس:مقاييس — المحور,,قِدِّيس,APPROVED,فِعِّيس,L2_017 haiku b28 | FLAGS: WAZN_NOT_IN_INV
AR08461,صِينِيّ,اسم منسوب,1103,10584,ما يخص الصين أو شعبها,صين,,v21:صين:المحكم — المعاني,,,صِينِيّ,APPROVED,فِعِلِيّ,L2_017 haiku b28 | FLAGS: WAZN_NOT_IN_INV
AR08462,أَمْرِيكِيّ,اسم منسوب,1103,10585,ما يخص الولايات المتحدة,مرك,,,,,أَمْرِيكِيّ,APPROVED,أَفْعِيلِيّ,L2_017 haiku b28 | FLAGS: WAZN_NOT_IN_INV
AR08463,فِيتْنَامِيّ,اسم منسوب,1103,10586,ما يخص فيتنام أو شعبها,,,,,,فِيتْنَامِيّ,APPROVED,,L2_017 haiku b28 | دخيل | FLAGS: ROOT_MISSING;WAZN_MISSING
AR08464,مَنْشَأ,اسم جامد,1103,10587,النقطة التي يبدأ منها الشيء,نشا,مَفْعَلٌ,,,,مَنْشَأ,APPROVED,,L2_017 haiku b28 | FLAGS: ROOT_ALIF
AR08465,نَشَأَ,فعل,1103,10588,كان له بداية محددة,نشا,فَعَلَ,,,,نَشَأَ,APPROVED,,L2_017 haiku b28 | FLAGS: ROOT_ALIF
AR08466,مِن,حرف,1103,10639;10640,يشير للانتماء الحالي,,,,,,مِن,APPROVED,,L2_017 haiku b28
AR08467,إيرَانِيّ,اسم منسوب,1103,11610,ما يخص إيران,ءيران,,,,,إيرَانِيّ,APPROVED,إفْعَانِيّ,L2_017 haiku b28 | FLAGS: ROOT_ALIF;ROOT_LEN;ROOT_NORMALIZED;WAZN_NOT_IN_INV
AR08468,كَنَدِيّ,اسم منسوب,1103,11687,ما يخص كندا,كند,,roots-4662:كند:المحكم — المعاني,roots-4662:كند:مقاييس — المحور,roots-4662:كند:الأساس — المجاز,كَنَدِيّ,APPROVED,فَعَدِيّ,L2_017 haiku b28 | FLAGS: WAZN_NOT_IN_INV
AR08469,هُولَندِيّ,اسم منسوب,1103,11688,ما يخص هولندا,,,,,,هُولَندِيّ,APPROVED,,L2_017 haiku b28 | دخيل | FLAGS: ROOT_MISSING;WAZN_MISSING
AR08471,فَرَنْسِيّ,اسم منسوب,1103,12172,ما يخص فرنسا,فرنس,,v21:فرنس:المحكم — المعاني,,,فَرَنْسِيّ,APPROVED,فَعَنْسِيّ,L2_017 haiku b28 | FLAGS: WAZN_NOT_IN_INV
AR08472,فِنْلَندِيّ,اسم منسوب,1103,12391,ما يخص فنلندا,,,,,,فِنْلَندِيّ,APPROVED,,L2_017 haiku b28 | دخيل | FLAGS: ROOT_MISSING;WAZN_MISSING
AR08473,هِنْدِيّ,اسم منسوب,1103,12407,ما يخص الهند,هند,,roots-4662:هند:المحكم — المعاني,roots-4662:هند:مقاييس — النص,,هِنْدِيّ,APPROVED,فِعْدِيّ,L2_017 haiku b28 | FLAGS: WAZN_NOT_IN_INV
AR08474,رُوسِيّ,اسم منسوب,1103,12707,ما يخص روسيا,روس,,roots-4662:روس:المحكم — المعاني,,,رُوسِيّ,APPROVED,فُعْسِيّ,L2_017 haiku b28 | FLAGS: WAZN_NOT_IN_INV
AR08475,وَطَنِيّ,اسم منسوب,1103,13307,ما يخص الأمة أو الوطن,وطن,فَعَلِيٌّ,roots-4662:وطن:المحكم — المعاني,roots-4662:وطن:مقاييس — النص,roots-4662:وطن:الأساس — المجاز,وَطَنِيّ,APPROVED,,L2_017 haiku b28
AR08476,إيطَالِيّ,اسم منسوب,1103,13772,ما يخص إيطاليا,يطال,,,,,إيطَالِيّ,APPROVED,إفْعَالِيّ,L2_017 haiku b28 | FLAGS: ROOT_ALIF;WAZN_NOT_IN_INV
AR08477,سُورِيّ,اسم منسوب,1103,13773,ما يخص سوريا,سور,,roots-4662:سور:المحكم — المعاني,roots-4662:سور:مقاييس — المحور,,سُورِيّ,APPROVED,فُعْرِيّ,L2_017 haiku b28 | FLAGS: WAZN_NOT_IN_INV
AR08478,أَيْرِلَندِيّ,اسم منسوب,1103,13887,ما يخص أيرلندا,,,,,,أَيْرِلَندِيّ,APPROVED,,L2_017 haiku b28 | دخيل | FLAGS: ROOT_MISSING;WAZN_MISSING
AR08479,يَابَانِيّ,اسم منسوب,1103,13904,ما يخص اليابان,يبن,,,,,يَابَانِيّ,APPROVED,فَاعَانِيّ,L2_017 haiku b28 | FLAGS: WAZN_NOT_IN_INV
AR08480,أُورُوبِيّ,اسم منسوب,1103,13952,ما يخص أوروبا,,,,,,أُورُوبِيّ,APPROVED,,L2_017 haiku b28 | دخيل | FLAGS: ROOT_MISSING;WAZN_MISSING
AR08481,يُونَانِيّ,اسم منسوب,1103,13990,ما يخص اليونان,يون,,v21:يون:المحكم — المعاني,,,يُونَانِيّ,APPROVED,فُعَانِيّ,L2_017 haiku b28 | FLAGS: WAZN_NOT_IN_INV
AR08482,أُرْدُنِيّ,اسم منسوب,1103,14707,ما يخص الأردن,ردن,,roots-4662:ردن:المحكم — المعاني,roots-4662:ردن:مقاييس — النص,,أُرْدُنِيّ,APPROVED,أُفْدُنِيّ,L2_017 haiku b28 | FLAGS: WAZN_NOT_IN_INV
AR08483,سِويسْرِيّ,اسم منسوب,1103,14729,ما يخص سويسرا,,,,,,سِويسْرِيّ,APPROVED,,L2_017 haiku b28 | دخيل | FLAGS: ROOT_MISSING;WAZN_MISSING
AR08484,كُولُومْبِيّ,اسم منسوب,1103,14769,ما يخص كولومبيا,,,,,,كُولُومْبِيّ,APPROVED,,L2_017 haiku b28 | دخيل | FLAGS: ROOT_MISSING;WAZN_MISSING
AR08485,كُوبِيّ,اسم منسوب,1103,14770,ما يخص كوبا,,,,,,كُوبِيّ,APPROVED,,L2_017 haiku b28 | دخيل | FLAGS: ROOT_MISSING;WAZN_MISSING
AR08486,مِصْرِيّ,اسم منسوب,1103,14790,ما يخص مصر,مصر,,roots-4662:مصر:المحكم — المعاني,roots-4662:مصر:مقاييس — النص,roots-4662:مصر:الأساس — المجاز,مِصْرِيّ,APPROVED,فِعْرِيّ,L2_017 haiku b28 | FLAGS: WAZN_NOT_IN_INV
AR08487,رُومَانِيّ,اسم منسوب,1103,14876,ما يخص روما,روم,,roots-4662:روم:المحكم — المعاني,roots-4662:روم:مقاييس — المحور,,رُومَانِيّ,APPROVED,فُعَانِيّ,L2_017 haiku b28 | FLAGS: WAZN_NOT_IN_INV
AR08488,سُعُودِيّ,اسم منسوب,1103,14878,ما يخص السعودية,سعد,,roots-4662:سعد:المحكم — المعاني,roots-4662:سعد:مقاييس — المحور,roots-4662:سعد:الأساس — المجاز,سُعُودِيّ,APPROVED,فُعُودِيّ,L2_017 haiku b28 | FLAGS: WAZN_NOT_IN_INV
AR08492,بُرْتُغَالِيّ,اسم منسوب,1103,15345,ما يخص البرتغال,,,,,,بُرْتُغَالِيّ,APPROVED,,L2_017 haiku b28 | دخيل | FLAGS: ROOT_MISSING;WAZN_MISSING
AR08494,بِيزَنْطِيّ,اسم منسوب,1103,16129,ما يخص الدولة البيزنطية,,,,,,بِيزَنْطِيّ,APPROVED,,L2_017 haiku b28 | دخيل | FLAGS: ROOT_MISSING;WAZN_MISSING
AR08495,أَتَى مِن,تركيب,1103,16669,نشأ من مكان معين,,,,,,أَتَى مِن,APPROVED,,L2_017 haiku b28 | FLAGS: ROOT_NORMALIZED;ROOT_WAZN_CLEARED_NO_ROOT_POS
AR08496,إسْبَانِيّ,اسم منسوب,1103,18627,ما يخص إسبانيا,,,,,,إسْبَانِيّ,APPROVED,,L2_017 haiku b28 | دخيل | FLAGS: ROOT_MISSING;WAZN_MISSING
AR08497,أَرَّخَ,فعل,1103,18708,نشأ في فترة زمنية محددة,رخ,أَفْعَلَ,,,,أَرَّخَ,APPROVED,,L2_017 haiku b28 | FLAGS: ROOT_LEN
AR08498,مُذْنِب,اسم فاعل,1110,10511,مسؤول بعدل عن فعل معين,ذنب,مُفْعِلٌ,roots-4662:ذنب:المحكم — المعاني,roots-4662:ذنب:مقاييس — المحور,roots-4662:ذنب:الأساس — المجاز,مُذْنِب,APPROVED,,L2_017 haiku b28
AR08499,بَرِيء,صفة مشبهة,1110,10512,غير مسؤول عن جريمة,برا,فَعِيلٌ,,,,بَرِيء,APPROVED,,L2_017 haiku b28 | FLAGS: ROOT_ALIF
AR08500,ذَنْب,اسم جامد,1110,10513,المسؤولية عن ارتكاب جرم,ذنب,فَعْلٌ,roots-4662:ذنب:المحكم — المعاني,roots-4662:ذنب:مقاييس — المحور,roots-4662:ذنب:الأساس — المجاز,ذَنْب,APPROVED,,L2_017 haiku b28
AR08501,بَرَاءَة,اسم جامد,1110,10514,عدم المسؤولية عن جرم,برا,فَعَالَةٌ,,,,بَرَاءَة,APPROVED,,L2_017 haiku b28 | FLAGS: ROOT_ALIF
AR08502,دَم عَلَى الأيدي,تركيب,1110,13708,إثم وذنب في إلحاق الضرر,,,,,,دَم عَلَى الأيدي,APPROVED,,L2_017 haiku b28
AR08503,سَجَنَ,فعل,1111,10520;10523;13936,حبس في السجن عقاباً,سجن,فَعَلَ,roots-4662:سجن:المحكم — المعاني,roots-4662:سجن:مقاييس — المحور,roots-4662:سجن:الأساس — المجاز,سَجَنَ,APPROVED,,L2_017 haiku b28
AR08504,سَجْن,اسم جامد,1111,10521;13937,الحبس أو الحالة المسجون فيها,سجن,فَعْلٌ,roots-4662:سجن:المحكم — المعاني,roots-4662:سجن:مقاييس — المحور,roots-4662:سجن:الأساس — المجاز,سَجْن,APPROVED,,L2_017 haiku b28
AR08506,مُدَّة,اسم جامد,1111,16274,الفترة الزمنية للسجن,مدد,,roots-4662:مدد:المحكم — المعاني,roots-4662:مدد:مقاييس — المحور,roots-4662:مدد:الأساس — المجاز,مُدَّة,APPROVED,فُعَّة,L2_017 haiku b28 | FLAGS: WAZN_NOT_IN_INV
AR08507,حَيَاة,اسم جامد,1111,16291,حكم بالسجن المؤبد,حيي,فَعَالٍ,,v21:حيي:مقاييس — النص,v21:حيي:الأساس — المجاز,حَيَاة,APPROVED,,L2_017 haiku b28
AR08512,تَبْدِيل سَرِيع,تركيب,1121,10777,إزالة وتبديل فوري,,,,,,تَبْدِيل سَرِيع,APPROVED,,L2_017 haiku b28 | FLAGS: ROOT_WAZN_CLEARED_NO_ROOT_POS
AR08513,غَيَّرَ,فعل,1121,10782,إزالة وتبديل بنفس النوع,غير,فَعَّلَ,roots-4662:غير:المحكم — المعاني,roots-4662:غير:مقاييس — المحور,roots-4662:غير:الأساس — المجاز,غَيَّرَ,APPROVED,,L2_017 haiku b28
AR08514,درَسَ,فعل,1130,10589,انقطع للتعلم في مادة,درس,فَعَلَ,roots-4662:درس:المحكم — المعاني,roots-4662:درس:مقاييس — المحور,roots-4662:درس:الأساس — المجاز,درَسَ,APPROVED,,L2_017 haiku b28
AR08519,أقْصَى,فعل,1131,17198,عامل على أنه ليس عضواً,قصي,أَفْعَلَ,,v21:قصي:مقاييس — المحور,,أقْصَى,APPROVED,,L2_017 haiku b28
AR08523,مُمَيِّز,اسم فاعل,1133,10596,ملمح نموذجي من الشخص,ميز,مُفَعِّلٌ,roots-4662:ميز:المحكم — المعاني,roots-4662:ميز:مقاييس — المحور,roots-4662:ميز:الأساس — المجاز,مُمَيِّز,APPROVED,,L2_017 haiku b28
AR08524,مِيزَة,اسم جامد,1133,10597;10598;10602,خاصية مميزة,ميز,,roots-4662:ميز:المحكم — المعاني,roots-4662:ميز:مقاييس — المحور,roots-4662:ميز:الأساس — المجاز,مِيزَة,APPROVED,فِيلَة,L2_017 haiku b28 | FLAGS: WAZN_NOT_IN_INV
AR08525,مُنْفَرِد,اسم فاعل,1133,10599,مختلف عن غيره,فرد,مُنْفَعِلٌ,roots-4662:فرد:المحكم — المعاني,roots-4662:فرد:مقاييس — المحور,,مُنْفَرِد,APPROVED,,L2_017 haiku b28
AR08526,مُنْفَصِل,اسم فاعل,1133,10600,متمايز ومنقطع عن الآخر,فصل,مُنْفَعِلٌ,roots-4662:فصل:المحكم — المعاني,roots-4662:فصل:مقاييس — النص,,مُنْفَصِل,APPROVED,,L2_017 haiku b28
AR08527,مَيَّزَ,فعل,1133,10601,كان علامة مميزة لشخص,ميز,فَعَّلَ,roots-4662:ميز:المحكم — المعاني,roots-4662:ميز:مقاييس — المحور,roots-4662:ميز:الأساس — المجاز,مَيَّزَ,APPROVED,,L2_017 haiku b28
AR08530,مُلَحَوظ,اسم فاعل,1133,16998,يُلاحَظ أو مهم,لحظ,,roots-4662:لحظ:المحكم — المعاني,roots-4662:لحظ:مقاييس — المحور,roots-4662:لحظ:الأساس — المجاز,مُلَحَوظ,APPROVED,مُفَعَول,L2_017 haiku b28 | FLAGS: WAZN_NOT_IN_INV
AR08531,عادي,صفة مشبهة,1134,10604;10607,الحالة التي تعكس وضعاً شائعاً,عدي,,,,,عادي,APPROVED,فاعل,L2_017 haiku b29 | FLAGS: ROOT_NORMALIZED;UNVOCALIZED;WAZN_NOT_IN_INV
AR08532,غريب,صفة مشبهة,1134,10606;10609;15960,ما ينحرف عن المعايير المعروفة,غرب,فَعِيلٌ,roots-4662:غرب:المحكم — المعاني,roots-4662:غرب:مقاييس — النص,roots-4662:غرب:الأساس — المجاز,غريب,APPROVED,,L2_017 haiku b29 | FLAGS: UNVOCALIZED
AR08533,متوسط,صفة مشبهة,1134,10608,المقدار المعتاد والشائع,وسط,مُفَعَّلٌ,roots-4662:وسط:المحكم — المعاني,roots-4662:وسط:مقاييس — المحور,roots-4662:وسط:الأساس — المجاز,متوسط,APPROVED,,L2_017 haiku b29 | FLAGS: UNVOCALIZED
AR08534,عادي,اسم جامد,1134,10884,ليس مثير للاهتمام,عدي,,,,,عادي,APPROVED,فاعل,L2_017 haiku b29 | FLAGS: ROOT_NORMALIZED;UNVOCALIZED;WAZN_NOT_IN_INV
AR08537,عادة,اسم مصدر,1134,16897,بالطريقة المعتادة,عدي,,,,,عادة,APPROVED,فاعل,L2_017 haiku b29 | FLAGS: ROOT_NORMALIZED;UNVOCALIZED;WAZN_NOT_IN_INV
AR08538,شاذ,صفة مشبهة,1134,16900,وضع نادر,شذذ,,v21:شذذ:المحكم — المعاني,v21:شذذ:مقاييس — المحور,v21:شذذ:الأساس — المجاز,شاذ,APPROVED,فاعل,L2_017 haiku b29 | FLAGS: UNVOCALIZED;WAZN_LEMMA_MISMATCH;WAZN_NOT_IN_INV
AR08539,عدم انتظام,اسم مصدر,1134,16967,غياب الانتظام,نظم,,roots-4662:نظم:المحكم — المعاني,roots-4662:نظم:مقاييس — المحور,roots-4662:نظم:الأساس — المجاز,عدم انتظام,APPROVED,فَعَلّ,L2_017 haiku b29 | FLAGS: UNVOCALIZED;WAZN_LEMMA_MISMATCH;WAZN_NOT_IN_INV
AR08540,تقليدي,صفة مشبهة,1134,18607,يتبع الأعراف,قلد,,roots-4662:قلد:المحكم — المعاني,roots-4662:قلد:مقاييس — المحور,roots-4662:قلد:الأساس — المجاز,تقليدي,APPROVED,فَعَالي,L2_017 haiku b29 | FLAGS: UNVOCALIZED;WAZN_LEMMA_MISMATCH;WAZN_NOT_IN_INV
AR08542,وظّف,فعل,1141,10620,جعل الشيء يُستخدم لغرض معين,وظف,,roots-4662:وظف:المحكم — المعاني,roots-4662:وظف:مقاييس — المحور,roots-4662:وظف:الأساس — المجاز,وظّف,APPROVED,فَعَّل,L2_017 haiku b29 | FLAGS: WAZN_NOT_IN_INV
AR08544,انتفع,فعل,1141,10624,الاستفادة من الشيء أو به,نفع,,roots-4662:نفع:المحكم — المعاني,roots-4662:نفع:مقاييس — المحور,,انتفع,APPROVED,اِفْتِعَل,L2_017 haiku b29 | FLAGS: UNVOCALIZED;WAZN_NOT_IN_INV
AR08548,استفاد,فعل,1141,11714,استخدام فعال,فيد,,roots-4662:فيد:المحكم — المعاني,roots-4662:فيد:مقاييس — النص,,استفاد,APPROVED,اِسْتَفْعَل,L2_017 haiku b29 | FLAGS: UNVOCALIZED;WAZN_NOT_IN_INV
AR08549,استفادة,مصدر,1141,11715,استخدام عملي,فيد,,roots-4662:فيد:المحكم — المعاني,roots-4662:فيد:مقاييس — النص,,استفادة,APPROVED,اِسْتِفَادة,L2_017 haiku b29 | FLAGS: UNVOCALIZED;WAZN_NOT_IN_INV
AR08552,توظيف,مصدر,1141,13402,استخدام في موضوع,وظف,تَفْعِيلٌ,roots-4662:وظف:المحكم — المعاني,roots-4662:وظف:مقاييس — المحور,roots-4662:وظف:الأساس — المجاز,توظيف,APPROVED,,L2_017 haiku b29 | FLAGS: UNVOCALIZED
AR08553,مارس,فعل,1141,16124,استعمال القوة,مرس,,roots-4662:مرس:المحكم — المعاني,roots-4662:مرس:مقاييس — المحور,,مارس,APPROVED,فاعل,L2_017 haiku b29 | FLAGS: UNVOCALIZED;WAZN_NOT_IN_INV
AR08554,رفيق السكن,تركيب,1143,11259,شخص يشاركك السكن,,,,,,رفيق السكن,APPROVED,,L2_017 haiku b29 | FLAGS: UNVOCALIZED
AR08555,جار السكن,تركيب,1143,11260,شخص يسكن معك,,,,,,جار السكن,APPROVED,,L2_017 haiku b29 | FLAGS: UNVOCALIZED
AR08560,منخرط,اسم فاعل,1144,10630,شخص مندرج في حدث,خرط,مُنْفَعِلٌ,roots-4662:خرط:المحكم — المعاني,roots-4662:خرط:مقاييس — المحور,roots-4662:خرط:الأساس — المجاز,منخرط,APPROVED,,L2_017 haiku b29 | FLAGS: UNVOCALIZED
AR08561,انخراط,مصدر,1144,10631,الاشتراك في حدث متعدد,خرط,اِنْفِعَالٌ,roots-4662:خرط:المحكم — المعاني,roots-4662:خرط:مقاييس — المحور,roots-4662:خرط:الأساس — المجاز,انخراط,APPROVED,,L2_017 haiku b29 | FLAGS: UNVOCALIZED
AR08563,لاعب,اسم فاعل,1144,11590,شخص مؤثر,لعب,,roots-4662:لعب:المحكم — المعاني,roots-4662:لعب:مقاييس — المحور,roots-4662:لعب:الأساس — المجاز,لاعب,APPROVED,فاعل,L2_017 haiku b29 | FLAGS: UNVOCALIZED;WAZN_NOT_IN_INV
AR08564,ملتبس,اسم مفعول,1144,11724,اشتراك إكراهي,لبس,مَفْعُولٌ,roots-4662:لبس:المحكم — المعاني,roots-4662:لبس:مقاييس — المحور,roots-4662:لبس:الأساس — المجاز,ملتبس,APPROVED,,L2_017 haiku b29 | FLAGS: UNVOCALIZED;WAZN_LEMMA_MISMATCH
AR08565,التباس,مصدر,1144,11725,اشتراك معقد,لبس,اِفْتِعَالٌ,roots-4662:لبس:المحكم — المعاني,roots-4662:لبس:مقاييس — المحور,roots-4662:لبس:الأساس — المجاز,التباس,APPROVED,,L2_017 haiku b29 | FLAGS: UNVOCALIZED
AR08569,معني,اسم مفعول,1144,17266,متورط في موضوع,عني,مَفْعُولٌ,,v21:عني:مقاييس — النص,,معني,APPROVED,,L2_017 haiku b29 | FLAGS: ROOT_NORMALIZED;UNVOCALIZED
AR08570,خفي,صفة مشبهة,1145,10641,ما يتم بسرية,خفي,فَعِيلٌ,roots-4662:خفي:المحكم — المعاني,roots-4662:خفي:مقاييس — المحور,,خفي,APPROVED,,L2_017 haiku b29 | FLAGS: UNVOCALIZED
AR08571,مختفٍ,اسم مفعول,1145,10642,ما يجري بطريقة مستترة,خفي,مُفْتَعِلٌ,roots-4662:خفي:المحكم — المعاني,roots-4662:خفي:مقاييس — المحور,,مختفٍ,APPROVED,,L2_017 haiku b29
AR08572,مستور,اسم مفعول,1145,10643,ما لا يُعترف به علناً,ستر,مُسْتَفْعَلٌ,roots-4662:ستر:المحكم — المعاني,roots-4662:ستر:مقاييس — المحور,,مستور,APPROVED,,L2_017 haiku b29 | FLAGS: UNVOCALIZED;WAZN_LEMMA_MISMATCH
AR08573,سِرّ,اسم جامد,1145,10644,ما لا يُراد أن يُعرّف,سرر,,roots-4662:سرر:المحكم — المعاني,roots-4662:سرر:مقاييس — النص,roots-4662:سرر:الأساس — المجاز,سِرّ,APPROVED,فِعّ,L2_017 haiku b29 | FLAGS: WAZN_NOT_IN_INV
AR08574,بسرّية,ظرف,1145,10656,بطريقة خفية وغير معلنة,سرر,,roots-4662:سرر:المحكم — المعاني,roots-4662:سرر:مقاييس — النص,roots-4662:سرر:الأساس — المجاز,بسرّية,APPROVED,فِعّ,L2_017 haiku b29 | FLAGS: WAZN_LEMMA_MISMATCH;WAZN_NOT_IN_INV
AR08577,سِري,صفة مشبهة,1145,10659,ما يُقصد أن يُبقى مخفياً,سرر,,roots-4662:سرر:المحكم — المعاني,roots-4662:سرر:مقاييس — النص,roots-4662:سرر:الأساس — المجاز,سِري,APPROVED,فِعّي,L2_017 haiku b29 | FLAGS: WAZN_NOT_IN_INV
AR08579,مخفي,اسم مفعول,1145,11666,يُحفظ بسرية,خفي,مُفْتَعَلٌ,roots-4662:خفي:المحكم — المعاني,roots-4662:خفي:مقاييس — المحور,,مخفي,APPROVED,,L2_017 haiku b29 | FLAGS: UNVOCALIZED
AR08581,غامض,صفة مشبهة,1145,13152,تغطيه ظلال,غمض,,roots-4662:غمض:المحكم — المعاني,roots-4662:غمض:مقاييس — المحور,roots-4662:غمض:الأساس — المجاز,غامض,APPROVED,فاعل,L2_017 haiku b29 | FLAGS: UNVOCALIZED;WAZN_NOT_IN_INV
AR08582,كشف,فعل,1146,10665,أعلن عن معلومة مخفية,كشف,,roots-4662:كشف:المحكم — المعاني,roots-4662:كشف:مقاييس — المحور,roots-4662:كشف:الأساس — المجاز,كشف,APPROVED,فَعَل,L2_017 haiku b29 | FLAGS: UNVOCALIZED;WAZN_NOT_IN_INV
AR08583,أفشى,فعل,1146,10666,جعل المعلومة السرية معروفة,فشي,,,,,أفشى,APPROVED,أَفْعَل,L2_017 haiku b29 | FLAGS: UNVOCALIZED;WAZN_NOT_IN_INV
AR08584,إفشاء,مصدر,1146,10667,فعل جعل المعلومة معروفة,فشي,إِفْعَالٌ,,,,إفشاء,APPROVED,,L2_017 haiku b29 | FLAGS: UNVOCALIZED
AR08585,فضح,فعل,1146,10668,كشف الطبيعة الحقيقية,فضح,,roots-4662:فضح:المحكم — المعاني,roots-4662:فضح:مقاييس — المحور,roots-4662:فضح:الأساس — المجاز,فضح,APPROVED,فَعَل,L2_017 haiku b29 | FLAGS: UNVOCALIZED;WAZN_NOT_IN_INV
AR08586,كشف,مصدر,1146,10669,فعل الإعلان عن معلومة,كشف,فَعَلٌ,roots-4662:كشف:المحكم — المعاني,roots-4662:كشف:مقاييس — المحور,roots-4662:كشف:الأساس — المجاز,كشف,APPROVED,,L2_017 haiku b29 | FLAGS: UNVOCALIZED
AR08587,أذاع,فعل,1146,10670,جعل الخبر موصولاً للعامة,ذيع,,roots-4662:ذيع:المحكم — المعاني,roots-4662:ذيع:مقاييس — المحور,roots-4662:ذيع:الأساس — المجاز,أذاع,APPROVED,أَفْعَل,L2_017 haiku b29 | FLAGS: UNVOCALIZED;WAZN_NOT_IN_INV
AR08588,إذاعة,مصدر,1146,10671,الكشف العلني عن سِرّ,ذيع,إِفْعَالٌ,roots-4662:ذيع:المحكم — المعاني,roots-4662:ذيع:مقاييس — المحور,roots-4662:ذيع:الأساس — المجاز,إذاعة,APPROVED,,L2_017 haiku b29 | FLAGS: UNVOCALIZED
AR08591,أسرّ,فعل,1146,10674,أخبر بسِر أو أمر خاص,سرر,,roots-4662:سرر:المحكم — المعاني,roots-4662:سرر:مقاييس — النص,roots-4662:سرر:الأساس — المجاز,أسرّ,APPROVED,أَفْعَل,L2_017 haiku b29 | FLAGS: WAZN_LEMMA_MISMATCH;WAZN_NOT_IN_INV
AR08592,إفشاء الأسرار,تركيب,1146,10675,كشف المعلومات السرية,,,,,,إفشاء الأسرار,APPROVED,,L2_017 haiku b29 | FLAGS: UNVOCALIZED
AR08594,تفلت منه,تركيب,1146,11290,كشف معلومة بدون قصد,,,,,,تفلت منه,APPROVED,,L2_017 haiku b29 | FLAGS: UNVOCALIZED
AR08595,تسرّب,فعل,1146,11291,كشف متعمد,سرب,,roots-4662:سرب:المحكم — المعاني,roots-4662:سرب:مقاييس — المحور,roots-4662:سرب:الأساس — المجاز,تسرّب,APPROVED,تَفَعَّل,L2_017 haiku b29 | FLAGS: WAZN_NOT_IN_INV
AR08596,كشف النوايا,تركيب,1146,12514,إظهار ما كان خفياً,,,,,,كشف النوايا,APPROVED,,L2_017 haiku b29 | FLAGS: UNVOCALIZED
AR08597,أقرّ,فعل,1146,13224,الاعتراف بحقيقة,قرر,,roots-4662:قرر:المحكم — المعاني,roots-4662:قرر:مقاييس — المحور,roots-4662:قرر:الأساس — المجاز,أقرّ,APPROVED,أَفْعَل,L2_017 haiku b29 | FLAGS: WAZN_LEMMA_MISMATCH;WAZN_NOT_IN_INV
AR08598,تقدّم طواعية,تركيب,1146,13225,التطوع بالتقديم,,,,,,تقدّم طواعية,APPROVED,,L2_017 haiku b29
AR08599,أفصح,فعل,1146,17592,أعلن عن,فصح,,roots-4662:فصح:المحكم — المعاني,roots-4662:فصح:مقاييس — المحور,,أفصح,APPROVED,أَفْعَل,L2_017 haiku b29 | FLAGS: UNVOCALIZED;WAZN_NOT_IN_INV
AR08600,أول,صفة مشبهة,1147,11248,يأتي قبل الجميع,ءول,,v21:أول:المحكم — المعاني,v21:أول:مقاييس — المحور,v21:أول:الأساس — المجاز,أول,APPROVED,فاعل,L2_017 haiku b29 | FLAGS: ROOT_NORMALIZED;UNVOCALIZED;WAZN_NOT_IN_INV
AR08603,رابع,اسم منسوب,1147,11252,المركز الرابع,ربع,,roots-4662:ربع:المحكم — المعاني,roots-4662:ربع:مقاييس — المحور,roots-4662:ربع:الأساس — المجاز,رابع,APPROVED,فاعلي,L2_017 haiku b29 | FLAGS: UNVOCALIZED;WAZN_NOT_IN_INV
AR08604,خامس,اسم منسوب,1147,11253,المركز الخامس,خمس,,roots-4662:خمس:المحكم — المعاني,roots-4662:خمس:مقاييس — المحور,roots-4662:خمس:الأساس — المجاز,خامس,APPROVED,فاعلي,L2_017 haiku b29 | FLAGS: UNVOCALIZED;WAZN_NOT_IN_INV
AR08605,ثالث عشر,اسم منسوب,1147,14011,المركز الثالث عشر,ثلثعشر,,,,,ثالث عشر,APPROVED,فاعلي عشر,L2_017 haiku b29 | FLAGS: ROOT_LEN;ROOT_NORMALIZED;UNVOCALIZED;WAZN_NOT_IN_INV
AR08606,تاسع عشر,اسم منسوب,1147,14014,المركز التاسع عشر,تسععشر,,,,,تاسع عشر,APPROVED,فاعلي عشر,L2_017 haiku b29 | FLAGS: ROOT_LEN;ROOT_NORMALIZED;UNVOCALIZED;WAZN_NOT_IN_INV
AR08607,أخير,صفة مشبهة,1147,14614,يأتي أخيراً,خير,,roots-4662:خير:المحكم — المعاني,roots-4662:خير:مقاييس — النص,,أخير,APPROVED,أفعل,L2_017 haiku b29 | FLAGS: UNVOCALIZED;WAZN_NOT_IN_INV
AR08611,سابع عشر,اسم منسوب,1147,14880,المركز السابع عشر,سبععشر,,,,,سابع عشر,APPROVED,فاعلي عشر,L2_017 haiku b29 | FLAGS: ROOT_LEN;ROOT_NORMALIZED;UNVOCALIZED;WAZN_NOT_IN_INV
AR08612,سادس عشر,اسم منسوب,1147,14881,المركز السادس عشر,سدسعشر,,,,,سادس عشر,APPROVED,فاعلي عشر,L2_017 haiku b29 | FLAGS: ROOT_LEN;ROOT_NORMALIZED;UNVOCALIZED;WAZN_NOT_IN_INV
AR08613,نهائي,صفة مشبهة,1147,15011,يأتي أخيراً,نهي,,roots-4662:نهي:المحكم — المعاني,roots-4662:نهي:مقاييس — المحور,roots-4662:نهي:الأساس — المجاز,نهائي,APPROVED,فِعالي,L2_017 haiku b29 | FLAGS: UNVOCALIZED;WAZN_NOT_IN_INV
AR08614,حسب,حرف,1148,10677,بناءً على ما ذكره,,,,,,حسب,APPROVED,,L2_017 haiku b29 | FLAGS: ROOT_WAZN_CLEARED_NO_ROOT_POS;UNVOCALIZED
AR08616,وجهة نظر,تركيب,1148,14871,شخص يقدم الحكم,,,,,,وجهة نظر,APPROVED,,L2_017 haiku b29 | FLAGS: UNVOCALIZED
AR08617,على سلطان,تركيب,1148,18320,استناداً إلى قول,,,,,,على سلطان,APPROVED,,L2_017 haiku b29 | FLAGS: UNVOCALIZED
AR08618,رفع,فعل,1149,10679,إزالة تقييد قانوني,رفع,,roots-4662:رفع:المحكم — المعاني,roots-4662:رفع:مقاييس — المحور,roots-4662:رفع:الأساس — المجاز,رفع,APPROVED,فَعَل,L2_017 haiku b29 | FLAGS: UNVOCALIZED;WAZN_NOT_IN_INV
AR08619,أنهى,فعل,1149,10680;13338,وضع حد لعملية,نهي,,roots-4662:نهي:المحكم — المعاني,roots-4662:نهي:مقاييس — المحور,roots-4662:نهي:الأساس — المجاز,أنهى,APPROVED,أَفْعَل,L2_017 haiku b29 | FLAGS: UNVOCALIZED;WAZN_NOT_IN_INV
AR08620,رفع,مصدر,1149,12631,فعل الإزالة,رفع,فَعَلٌ,roots-4662:رفع:المحكم — المعاني,roots-4662:رفع:مقاييس — المحور,roots-4662:رفع:الأساس — المجاز,رفع,APPROVED,,L2_017 haiku b29 | FLAGS: UNVOCALIZED
AR08621,وقف,فعل,1149,13281,إيقاف عملية,وقف,,roots-4662:وقف:المحكم — المعاني,roots-4662:وقف:مقاييس — المحور,roots-4662:وقف:الأساس — المجاز,وقف,APPROVED,فَعَل,L2_017 haiku b29 | FLAGS: UNVOCALIZED;WAZN_NOT_IN_INV
AR08623,ألغى,فعل,1149,17591,وضع نهاية,لغي,,,,,ألغى,APPROVED,أَفْعَل,L2_017 haiku b29 | FLAGS: UNVOCALIZED;WAZN_NOT_IN_INV
AR08624,وقّع,فعل,1151,10681,كتب اسمه على وثيقة,وقع,,roots-4662:وقع:المحكم — المعاني,roots-4662:وقع:مقاييس — المحور,roots-4662:وقع:الأساس — المجاز,وقّع,APPROVED,فَعَّل,L2_017 haiku b29 | FLAGS: WAZN_NOT_IN_INV
AR08625,توقيع,مصدر,1151,10682,اسم مكتوب بأسلوب مميز,وقع,تَفْعِيلٌ,roots-4662:وقع:المحكم — المعاني,roots-4662:وقع:مقاييس — المحور,roots-4662:وقع:الأساس — المجاز,توقيع,APPROVED,,L2_017 haiku b29 | FLAGS: UNVOCALIZED
AR08626,موقِّع,اسم فاعل,1151,10683,طرف وقّع على اتفاق,وقع,مُفَعِّلٌ,roots-4662:وقع:المحكم — المعاني,roots-4662:وقع:مقاييس — المحور,roots-4662:وقع:الأساس — المجاز,موقِّع,APPROVED,,L2_017 haiku b29
AR08633,ملك,فعل,1153,13246,اشتمل على,ملك,,roots-4662:ملك:المحكم — المعاني,roots-4662:ملك:مقاييس — المحور,roots-4662:ملك:الأساس — المجاز,ملك,APPROVED,فَعَل,L2_017 haiku b29 | FLAGS: UNVOCALIZED;WAZN_NOT_IN_INV
AR08634,مندمج,اسم مفعول,1153,13247,يشكل جزءاً,دمج,مُنْفَعِلٌ,roots-4662:دمج:المحكم — المعاني,roots-4662:دمج:مقاييس — المحور,roots-4662:دمج:الأساس — المجاز,مندمج,APPROVED,,L2_017 haiku b29 | FLAGS: UNVOCALIZED
AR08636,باستثناء,حرف,1153,13249,عدم احتساب,,,,,,باستثناء,APPROVED,,L2_017 haiku b29 | FLAGS: ROOT_WAZN_CLEARED_NO_ROOT_POS;UNVOCALIZED
AR08638,بما فيها,حرف,1153,13340,احتوى على بما فيه,,,,,,بما فيها,APPROVED,,L2_017 haiku b29 | FLAGS: UNVOCALIZED
AR08639,دمج,فعل,1153,13913,ضمّ واشتمل,دمج,,roots-4662:دمج:المحكم — المعاني,roots-4662:دمج:مقاييس — المحور,roots-4662:دمج:الأساس — المجاز,دمج,APPROVED,فَعَل,L2_017 haiku b29 | FLAGS: UNVOCALIZED;WAZN_NOT_IN_INV
AR08640,مزعوم,اسم مفعول,1154,10691;10750,مدّعى حدوثه,زعم,مَفْعُولٌ,roots-4662:زعم:المحكم — المعاني,roots-4662:زعم:مقاييس — المحور,roots-4662:زعم:الأساس — المجاز,مزعوم,APPROVED,,L2_017 haiku b29 | FLAGS: UNVOCALIZED
AR08641,مزعوماً,ظرف,1154,10692,على ما يُزعم,زعم,,roots-4662:زعم:المحكم — المعاني,roots-4662:زعم:مقاييس — المحور,roots-4662:زعم:الأساس — المجاز,مزعوماً,APPROVED,مَفْعُولاً,L2_017 haiku b29 | FLAGS: WAZN_NOT_IN_INV
AR08642,يُقال,صفة مشبهة,1154,10693,وفقاً لمصادر غير محددة,قيل,,roots-4662:قيل:المحكم — المعاني,roots-4662:قيل:مقاييس — النص,roots-4662:قيل:الأساس — المجاز,يُقال,APPROVED,يُفْعَل,L2_017 haiku b29 | FLAGS: WAZN_NOT_IN_INV
AR08645,يُقال,ظرف,1154,11444,وفقاً لتقرير,قيل,,roots-4662:قيل:المحكم — المعاني,roots-4662:قيل:مقاييس — النص,roots-4662:قيل:الأساس — المجاز,يُقال,APPROVED,يُفْعَل,L2_017 haiku b29 | FLAGS: WAZN_NOT_IN_INV
AR08646,ذاع,فعل,1154,12295,ينتشر كخبر,ذيع,,roots-4662:ذيع:المحكم — المعاني,roots-4662:ذيع:مقاييس — المحور,roots-4662:ذيع:الأساس — المجاز,ذاع,APPROVED,فاعَل,L2_017 haiku b29 | FLAGS: UNVOCALIZED;WAZN_NOT_IN_INV
AR08648,يُفترض,ظرف,1154,13477,وفقاً لما يُعتقد,فرض,,roots-4662:فرض:المحكم — المعاني,roots-4662:فرض:مقاييس — المحور,roots-4662:فرض:الأساس — المجاز,يُفترض,APPROVED,يُفْتَعَل,L2_017 haiku b29 | FLAGS: WAZN_NOT_IN_INV
AR08649,مثَلي,صفة مشبهة,1154,13789,معروف جداً,ثلي,,,,,مثَلي,APPROVED,فَعَالي,L2_017 haiku b29 | FLAGS: WAZN_NOT_IN_INV
AR08651,مكث,فعل,1155,10913,ظلّ في نفس المكان,مكث,,roots-4662:مكث:المحكم — المعاني,roots-4662:مكث:مقاييس — المحور,,مكث,APPROVED,فَعِل,L2_017 haiku b29 | FLAGS: UNVOCALIZED;WAZN_NOT_IN_INV
AR08652,استقرّ,فعل,1155,13514,ظلّ في موضع,قرر,,roots-4662:قرر:المحكم — المعاني,roots-4662:قرر:مقاييس — المحور,roots-4662:قرر:الأساس — المجاز,استقرّ,APPROVED,اِسْتَفْعَل,L2_017 haiku b29 | FLAGS: WAZN_LEMMA_MISMATCH;WAZN_NOT_IN_INV
AR08654,استأنف,فعل,1156,10699,بدأ مجدداً,نءف,,roots-4662:نءف:المحكم — المعاني,roots-4662:نءف:مقاييس — النص,,استأنف,APPROVED,اِسْتَفْعَل,L2_017 haiku b29 | FLAGS: ROOT_NORMALIZED;UNVOCALIZED;WAZN_NOT_IN_INV
AR08655,أعاد البدء,تركيب,1156,11458,بدأ مجدداً,,,,,,أعاد البدء,APPROVED,,L2_017 haiku b29 | FLAGS: UNVOCALIZED
AR08660,لا غنى عنه,صفة مشبهة,1157,10710,لا يمكن الاستغناء,غني,فَعِيلٌ,roots-4662:غني:المحكم — المعاني,roots-4662:غني:مقاييس — المحور,roots-4662:غني:الأساس — المجاز,لا غنى عنه,APPROVED,,L2_017 haiku b29 | FLAGS: UNVOCALIZED
AR08663,برنامج,اسم جامد,1158,10724,مجموعة تدابير بهدف طويل,برنج,فِعَالٌ,v21:برنج:المحكم — المعاني,,,برنامج,APPROVED,,L2_017 haiku b29 | FLAGS: UNVOCALIZED
AR08664,خطة,اسم جامد,1158,13294,اقتراح تفصيلي,خطط,,roots-4662:خطط:المحكم — المعاني,roots-4662:خطط:مقاييس — المحور,roots-4662:خطط:الأساس — المجاز,خطة,APPROVED,فِعالة,L2_017 haiku b29 | FLAGS: UNVOCALIZED;WAZN_LEMMA_MISMATCH;WAZN_NOT_IN_INV
AR08665,نظام,اسم جامد,1158,13295,خطة منظمة,نظم,فِعَالٌ,roots-4662:نظم:المحكم — المعاني,roots-4662:نظم:مقاييس — المحور,roots-4662:نظم:الأساس — المجاز,نظام,APPROVED,,L2_017 haiku b29 | FLAGS: UNVOCALIZED
AR08666,خام,صفة مشبهة,1159,10719;10720,لم تتم معالجته,خيم,,roots-4662:خيم:المحكم — المعاني,roots-4662:خيم:مقاييس — المحور,,خام,APPROVED,فاعل,L2_017 haiku b29 | FLAGS: UNVOCALIZED;WAZN_NOT_IN_INV
AR08667,غني,صفة مشبهة,1159,10721,خضع لمعالجة التغذية,غني,فَعِيلٌ,roots-4662:غني:المحكم — المعاني,roots-4662:غني:مقاييس — المحور,roots-4662:غني:الأساس — المجاز,غني,APPROVED,,L2_017 haiku b29 | FLAGS: UNVOCALIZED
AR08669,سام,صفة مشبهة,1163,10751;10754;10756,مسموم أو ضار,سمم,,roots-4662:سمم:المحكم — المعاني,roots-4662:سمم:مقاييس — المحور,,سام,APPROVED,فاعل,L2_017 haiku b29 | FLAGS: UNVOCALIZED;WAZN_LEMMA_MISMATCH;WAZN_NOT_IN_INV
AR08670,سم,اسم جامد,1163,10752;10753;10755,مادة سامة,سمم,,roots-4662:سمم:المحكم — المعاني,roots-4662:سمم:مقاييس — المحور,,سم,APPROVED,فِعّ,L2_017 haiku b29 | FLAGS: UNVOCALIZED;WAZN_NOT_IN_INV
AR08672,إلزامي,صفة مشبهة,1164,10771,مفروض بالقانون,لزم,,roots-4662:لزم:المحكم — المعاني,roots-4662:لزم:مقاييس — المحور,roots-4662:لزم:الأساس — المجاز,إلزامي,APPROVED,إفعالي,L2_017 haiku b29 | FLAGS: UNVOCALIZED;WAZN_NOT_IN_INV
AR08673,واجب,صفة مشبهة,1164,10772;10773,ملزم بالقوة,وجب,,roots-4662:وجب:المحكم — المعاني,roots-4662:وجب:مقاييس — المحور,roots-4662:وجب:الأساس — المجاز,واجب,APPROVED,فاعل,L2_017 haiku b29 | FLAGS: UNVOCALIZED;WAZN_NOT_IN_INV
AR08675,ملزم,صفة مشبهة,1164,15551,ينطوي على التزام,لزم,مُفَعِّلٌ,roots-4662:لزم:المحكم — المعاني,roots-4662:لزم:مقاييس — المحور,roots-4662:لزم:الأساس — المجاز,ملزم,APPROVED,,L2_017 haiku b29 | FLAGS: UNVOCALIZED
AR08684,خلف,فعل,1171,10792;16000,أخذ مكان الآخر,خلف,,roots-4662:خلف:المحكم — المعاني,roots-4662:خلف:مقاييس — المحور,roots-4662:خلف:الأساس — المجاز,خلف,APPROVED,فَعَل,L2_017 haiku b29 | FLAGS: UNVOCALIZED;WAZN_NOT_IN_INV
AR08686,قام مقام,تركيب,1171,10817,خدم كبديل,,,,,,قام مقام,APPROVED,,L2_017 haiku b29 | FLAGS: UNVOCALIZED
AR08687,خلافة,مصدر,1171,16059,فعل استبدال,خلف,,roots-4662:خلف:المحكم — المعاني,roots-4662:خلف:مقاييس — المحور,roots-4662:خلف:الأساس — المجاز,خلافة,APPROVED,فِعالة,L2_017 haiku b29 | FLAGS: UNVOCALIZED;WAZN_NOT_IN_INV
AR08688,تغيّر,فعل,1172,10802,صار مختلفاً,غير,,roots-4662:غير:المحكم — المعاني,roots-4662:غير:مقاييس — المحور,roots-4662:غير:الأساس — المجاز,تغيّر,APPROVED,تَفَعَّل,L2_017 haiku b29 | FLAGS: WAZN_NOT_IN_INV
AR08689,انقلب,فعل,1172,10803,تحول في الطبيعة,قلب,,roots-4662:قلب:المحكم — المعاني,roots-4662:قلب:مقاييس — المحور,roots-4662:قلب:الأساس — المجاز,انقلب,APPROVED,اِنْفَعَل,L2_017 haiku b29 | FLAGS: UNVOCALIZED;WAZN_NOT_IN_INV
AR08690,تغيير,مصدر,1172,10804,عملية التحول,غير,تَفْعِيلٌ,roots-4662:غير:المحكم — المعاني,roots-4662:غير:مقاييس — المحور,roots-4662:غير:الأساس — المجاز,تغيير,APPROVED,,L2_017 haiku b29 | FLAGS: UNVOCALIZED
AR08692,تأرجح,فعل,1172,12888,تبدل مفاجئ,رجح,,roots-4662:رجح:المحكم — المعاني,roots-4662:رجح:مقاييس — المحور,roots-4662:رجح:الأساس — المجاز,تأرجح,APPROVED,تَفَعَّل,L2_017 haiku b29 | FLAGS: UNVOCALIZED;WAZN_LEMMA_MISMATCH;WAZN_NOT_IN_INV
AR08693,انهار,فعل,1172,12960,تغيير للأسوأ,هور,,roots-4662:هور:المحكم — المعاني,roots-4662:هور:مقاييس — المحور,roots-4662:هور:الأساس — المجاز,انهار,APPROVED,اِنْفَعَل,L2_017 haiku b29 | FLAGS: UNVOCALIZED;WAZN_NOT_IN_INV
AR08694,متغيّر,صفة مشبهة,1172,13811,عرضة للتقلب,غير,مُتَفَعِّلٌ,roots-4662:غير:المحكم — المعاني,roots-4662:غير:مقاييس — المحور,roots-4662:غير:الأساس — المجاز,متغيّر,APPROVED,,L2_017 haiku b29
AR08697,انتقال,مصدر,1172,14022,عملية التحول,نقل,,roots-4662:نقل:المحكم — المعاني,roots-4662:نقل:مقاييس — المحور,roots-4662:نقل:الأساس — المجاز,انتقال,APPROVED,اِنْتِفال,L2_017 haiku b29 | FLAGS: UNVOCALIZED;WAZN_LEMMA_MISMATCH;WAZN_NOT_IN_INV
AR08698,آل,فعل,1172,18229,تحول من حالة,ءول,,v21:أول:المحكم — المعاني,v21:أول:مقاييس — المحور,v21:أول:الأساس — المجاز,آل,APPROVED,فاعَل,L2_017 haiku b29 | FLAGS: ROOT_NORMALIZED;UNVOCALIZED;WAZN_NOT_IN_INV
AR08700,نقل,فعل,1173,10825,تغيير لموضع آخر,نقل,,roots-4662:نقل:المحكم — المعاني,roots-4662:نقل:مقاييس — المحور,roots-4662:نقل:الأساس — المجاز,نقل,APPROVED,فَعَل,L2_017 haiku b29 | FLAGS: UNVOCALIZED;WAZN_NOT_IN_INV
AR08701,انتقل,فعل,1173,10826,تغيير الانتماء,نقل,,roots-4662:نقل:المحكم — المعاني,roots-4662:نقل:مقاييس — المحور,roots-4662:نقل:الأساس — المجاز,انتقل,APPROVED,اِنْفَعَل,L2_017 haiku b29 | FLAGS: UNVOCALIZED;WAZN_LEMMA_MISMATCH;WAZN_NOT_IN_INV
AR08703,إلى,حرف,1177,10799;14413,بخصوص موقع الهدف,,,,,,إلى,APPROVED,,L2_017 haiku b29 | FLAGS: UNVOCALIZED
AR08704,في,حرف,1178,10801,موجود ضمن الحدود,,,,,,في,APPROVED,,L2_017 haiku b29 | FLAGS: UNVOCALIZED
AR08705,داخل,حرف,1178,17222,ضمن الحدود,,,,,,داخل,APPROVED,,L2_017 haiku b29 | FLAGS: UNVOCALIZED
AR08706,بين,حرف,1178,17223;17226;17741;17742,محاط بمجموعة,,,,,,بين,APPROVED,,L2_017 haiku b29 | FLAGS: UNVOCALIZED
AR08707,ضمن,حرف,1178,17225,في فضاء محدد,,,,,,ضمن,APPROVED,,L2_017 haiku b29 | FLAGS: UNVOCALIZED
AR08708,وسط,حرف,1178,17720,محاط بكيان,,,,,,وسط,APPROVED,,L2_017 haiku b29 | FLAGS: UNVOCALIZED
AR08709,خارج,حرف,1178,17930,ليس بداخل,,,,,,خارج,APPROVED,,L2_017 haiku b29 | FLAGS: UNVOCALIZED
AR08710,خارج القاعدة,ظرف,1178,18470,خارج قاعدة عسكرية,,,,,,خارج القاعدة,APPROVED,,L2_017 haiku b29 | FLAGS: ROOT_MISSING;UNVOCALIZED;WAZN_MISSING
AR08717,بحالة جيدة,تركيب,1200,16877,في حالة عمل,,,,,,بحالة جيدة,APPROVED,,L2_017 haiku b29 | FLAGS: UNVOCALIZED
AR08718,وظيفة,اسم جامد,1200,16988,القدرة على أداء,وظف,,roots-4662:وظف:المحكم — المعاني,roots-4662:وظف:مقاييس — المحور,roots-4662:وظف:الأساس — المجاز,وظيفة,APPROVED,فَعالة,L2_017 haiku b29 | FLAGS: UNVOCALIZED;WAZN_NOT_IN_INV
AR08719,خلع,فعل,1210,10963;10964;10985;10990;10994;10996,أزال قطعة ملابس,خلع,,roots-4662:خلع:المحكم — المعاني,roots-4662:خلع:مقاييس — المحور,roots-4662:خلع:الأساس — المجاز,خلع,APPROVED,فَعَل,L2_017 haiku b29 | FLAGS: UNVOCALIZED;WAZN_NOT_IN_INV
AR08720,انسل,فعل,1210,10965,أزال بأناقة,سلل,,roots-4662:سلل:المحكم — المعاني,roots-4662:سلل:مقاييس — المحور,,انسل,APPROVED,اِنْفَعَل,L2_017 haiku b29 | FLAGS: UNVOCALIZED;WAZN_LEMMA_MISMATCH;WAZN_NOT_IN_INV
AR08721,انسلخ,فعل,1210,10988;10991,أزال ملابس ملصقة,سلخ,,roots-4662:سلخ:المحكم — المعاني,roots-4662:سلخ:مقاييس — المحور,roots-4662:سلخ:الأساس — المجاز,انسلخ,APPROVED,اِنْفَعَل,L2_017 haiku b29 | FLAGS: UNVOCALIZED;WAZN_NOT_IN_INV
AR08722,سحب,فعل,1210,10989,أزال بقوة,سحب,,roots-4662:سحب:المحكم — المعاني,roots-4662:سحب:مقاييس — المحور,roots-4662:سحب:الأساس — المجاز,سحب,APPROVED,فَعَل,L2_017 haiku b29 | FLAGS: UNVOCALIZED;WAZN_NOT_IN_INV
AR08723,ارتدى,فعل,1211,10970;10971;10981;10983;10995,ألبس قطعة ملابس,ردي,,roots-4662:ردي:المحكم — المعاني,roots-4662:ردي:مقاييس — المحور,roots-4662:ردي:الأساس — المجاز,ارتدى,APPROVED,اِفْتِعَل,L2_017 haiku b29 | FLAGS: UNVOCALIZED;WAZN_NOT_IN_INV
AR08724,انسلّ,فعل,1211,10972,ارتدى بأناقة,سلل,,roots-4662:سلل:المحكم — المعاني,roots-4662:سلل:مقاييس — المحور,,انسلّ,APPROVED,اِنْفَعَل,L2_017 haiku b29 | FLAGS: WAZN_LEMMA_MISMATCH;WAZN_NOT_IN_INV
AR08725,سحب,فعل,1211,10973,ارتدى الملابس,سحب,,roots-4662:سحب:المحكم — المعاني,roots-4662:سحب:مقاييس — المحور,roots-4662:سحب:الأساس — المجاز,سحب,APPROVED,فَعَل,L2_017 haiku b29 | FLAGS: UNVOCALIZED;WAZN_NOT_IN_INV
AR08726,تزيّن,فعل,1211,10982,ارتدى ملابس رسمية,زين,,roots-4662:زين:المحكم — المعاني,roots-4662:زين:مقاييس — المحور,roots-4662:زين:الأساس — المجاز,تزيّن,APPROVED,تَفَعَّل,L2_017 haiku b29 | FLAGS: WAZN_NOT_IN_INV
AR08727,تذكّر,فعل,1220,11022,استحضر واقعة,ذكر,,roots-4662:ذكر:المحكم — المعاني,roots-4662:ذكر:مقاييس — المحور,roots-4662:ذكر:الأساس — المجاز,تذكّر,APPROVED,تَفَعَّل,L2_017 haiku b29 | FLAGS: WAZN_NOT_IN_INV
AR08728,نسي,فعل,1220,11024;11072,عجز عن التذكر,نسي,,roots-4662:نسي:المحكم — المعاني,roots-4662:نسي:مقاييس — المحور,,نسي,APPROVED,فَعِل,L2_017 haiku b29 | FLAGS: UNVOCALIZED;WAZN_NOT_IN_INV
AR08729,تذكّر,فعل,1221,11023,احتفظ بعمل,ذكر,,roots-4662:ذكر:المحكم — المعاني,roots-4662:ذكر:مقاييس — المحور,roots-4662:ذكر:الأساس — المجاز,تذكّر,APPROVED,تَفَعَّل,L2_017 haiku b29 | FLAGS: WAZN_NOT_IN_INV
AR08730,نسي,فعل,1221,11025,أهمل فعل أمر,نسي,,roots-4662:نسي:المحكم — المعاني,roots-4662:نسي:مقاييس — المحور,,نسي,APPROVED,فَعِل,L2_017 haiku b29 | FLAGS: UNVOCALIZED;WAZN_NOT_IN_INV
AR08731,ذَكَرَ,فعل,1222,11021,استحضار المتكلم ذاكرةً للخبرة الماضية.,ذكر,فَعَلَ,roots-4662:ذكر:المحكم — المعاني,roots-4662:ذكر:مقاييس — المحور,roots-4662:ذكر:الأساس — المجاز,ذَكَرَ,APPROVED,,L2_017 haiku b30
AR08732,نَسِيَ,فعل,1222,11070,فشل المتكلم في استذكار تجربة ماضية.,نسي,فَعِلَ,roots-4662:نسي:المحكم — المعاني,roots-4662:نسي:مقاييس — المحور,,نَسِيَ,APPROVED,,L2_017 haiku b30
AR08733,ذِكْرَى,اسم جامد,1222,11071,استحضار عقلي لحدث أو كيان من الماضي.,ذكر,فِعْلَى (لغير التأنيث),roots-4662:ذكر:المحكم — المعاني,roots-4662:ذكر:مقاييس — المحور,roots-4662:ذكر:الأساس — المجاز,ذِكْرَى,APPROVED,,L2_017 haiku b30
AR08734,تَذَكَّرَ,فعل,1222,12440;12476,استدعاء المتكلم ذاكرةً للخبرة السابقة بجهد.,ذكر,تَفَعَّلَ,roots-4662:ذكر:المحكم — المعاني,roots-4662:ذكر:مقاييس — المحور,roots-4662:ذكر:الأساس — المجاز,تَذَكَّرَ,APPROVED,,L2_017 haiku b30
AR08735,التفتَ,فعل,1222,12441,توجيه المتكلم انتباهه إلى تجربة ماضية.,لفت,اِفْتَعَلَ,roots-4662:لفت:المحكم — المعاني,roots-4662:لفت:مقاييس — المحور,roots-4662:لفت:الأساس — المجاز,التفتَ,APPROVED,,L2_017 haiku b30
AR08736,أَقَرَّ,فعل,1230,11041,تأكيد المفتش صحة المضمون بفحص الأدلة.,قرر,أَفْعَلَ,roots-4662:قرر:المحكم — المعاني,roots-4662:قرر:مقاييس — المحور,roots-4662:قرر:الأساس — المجاز,أَقَرَّ,APPROVED,,L2_017 haiku b30 | FLAGS: WAZN_LEMMA_MISMATCH
AR08745,غَيْر مُؤَكَّد,تركيب,1230,16747,المضمون الذي لم يتحقق من صحته بعد.,,,,,,غَيْر مُؤَكَّد,APPROVED,,L2_017 haiku b30
AR08746,مَجْهُول الهُوِيَّة,تركيب,1230,18680,الكيان الذي لم تُحدَّد هويته أو لم تُتَحَقَّق منها.,,,,,,مَجْهُول الهُوِيَّة,APPROVED,,L2_017 haiku b30
AR08747,تَنَازَلَ,فعل,1231,11046,إعلان المتكلم رسميًا تخليه عن حق أو ملكية.,نزل,تَفَاعَلَ,roots-4662:نزل:المحكم — المعاني,roots-4662:نزل:مقاييس — النص,roots-4662:نزل:الأساس — المجاز,تَنَازَلَ,APPROVED,,L2_017 haiku b30
AR08748,تَخَلٍّ,مصدر,1231,11047,إعلان المتكلم عدم رغبته بالاستمرار في علاقة بالمضمون.,خلي,تَفَعُّلٌ,roots-4662:خلي:المحكم — المعاني,,,تَخَلٍّ,APPROVED,,L2_017 haiku b30
AR08750,سَمَّى,فعل,1250,11195,استعمال المتكلم وسماً معينًا للإشارة إلى الكيان.,سمي,فَعَّلَ,,,,سَمَّى,APPROVED,,L2_017 haiku b30
AR08751,وَسَمَ,فعل,1250,11196;11229,إطلاق المتكلم وسم محدد على الكيان.,وسم,فَعَلَ,roots-4662:وسم:المحكم — المعاني,roots-4662:وسم:مقاييس — المحور,roots-4662:وسم:الأساس — المجاز,وَسَمَ,APPROVED,,L2_017 haiku b30
AR08752,سِمِيّ,اسم جامد,1252,11207,كيان يشترك مع آخر في الاسم ذاته.,سمي,,,,,سِمِيّ,APPROVED,فِعِيل,L2_017 haiku b30 | FLAGS: WAZN_NOT_IN_INV
AR08753,مُسَمًّى باسم,تركيب,1252,11208,كيان مُشتق اسمه من شيء آخر.,,,,,,مُسَمًّى باسم,APPROVED,,L2_017 haiku b30
AR08754,خَاطَبَ,فعل,1253,11209,بدء المتكلم حوارًا بالإشارة إلى المُخاطَب باسمه.,خطب,فَاعَلَ,roots-4662:خطب:المحكم — المعاني,roots-4662:خطب:مقاييس — المحور,roots-4662:خطب:الأساس — المجاز,خَاطَبَ,APPROVED,,L2_017 haiku b30
AR08755,نَادَى,فعل,1253,11210,مناداة المتكلم للكيان باسم أو لقب محدد.,ندي,فَاعَلَ,v21:ندي:المحكم — المعاني,v21:ندي:مقاييس — المحور,,نَادَى,APPROVED,,L2_017 haiku b30
AR08756,أَشَارَ,فعل,1253,11220,دلالة المتكلم على الكيان باسم أو لقب.,شير,أَفْعَلَ,v21:شير:المحكم — المعاني,,,أَشَارَ,APPROVED,,L2_017 haiku b30
AR08757,اسْم,اسم جامد,1253,12655,الكلمة أو العبارة التي يُعرَّف بها الكيان أو يُدعَى.,سمي,فِعْلٌ,,,,اسْم,APPROVED,,L2_017 haiku b30
AR08758,تَسْمِيَة,مصدر,1253,12656,اسم أو مصطلح يستعمله المتكلم للدلالة على الكيان.,سمي,تَفْعِيلَةٌ,,,,تَسْمِيَة,APPROVED,,L2_017 haiku b30
AR08760,كَلِمَة,اسم جامد,1260,11231,وحدة لغوية مستقلة تدخل في تكوين الجمل.,كلم,فَعِلَةٌ,roots-4662:كلم:المحكم — المعاني,roots-4662:كلم:مقاييس — المحور,roots-4662:كلم:الأساس — المجاز,كَلِمَة,APPROVED,,L2_017 haiku b30
AR08761,سَمَّى,فعل,1261,11232,استعمال المتكلم عُرفيًا كلمة معينة للإشارة إلى الكيان.,سمي,فَعَّلَ,,,,سَمَّى,APPROVED,,L2_017 haiku b30
AR08762,أَسْمَى,فعل,1261,11233,دعوة المتكلم الكيان بمصطلح محدد عرفيًا.,سمي,أَفْعَلَ,,,,أَسْمَى,APPROVED,,L2_017 haiku b30
AR08763,فَتَّشَ,فعل,1262,11265;11267;11272,توجيه المفتش انتباهه الإدراكي للأرضية.,فتش,فَعَّلَ,roots-4662:فتش:المحكم — المعاني,roots-4662:فتش:مقاييس — المحور,,فَتَّشَ,APPROVED,,L2_017 haiku b30
AR08765,فِحْص,مصدر,1262,11268;11273,عملية تفحص شيء بعناية لتحديد حالته.,فحص,فِعْلٌ,roots-4662:فحص:المحكم — المعاني,roots-4662:فحص:مقاييس — المحور,roots-4662:فحص:الأساس — المجاز,فِحْص,APPROVED,,L2_017 haiku b30
AR08766,فَحَصَ,فعل,1262,11269;11271,تقصي المفتش الأرضية للتأكد من سلامتها.,فحص,فَعَلَ,roots-4662:فحص:المحكم — المعاني,roots-4662:فحص:مقاييس — المحور,roots-4662:فحص:الأساس — المجاز,فَحَصَ,APPROVED,,L2_017 haiku b30
AR08768,مَشَّطَ,فعل,1263,11278;11279,بحث المفتش الشامل عن الكيان المطلوب في الأرضية.,شط,فَعَّلَ,,,,مَشَّطَ,APPROVED,,L2_017 haiku b30 | FLAGS: ROOT_LEN
AR08769,نَهَبَ,فعل,1263,11280,بحث شامل ومتوحش عن الكيان المطلوب.,نهب,فَعَلَ,roots-4662:نهب:المحكم — المعاني,roots-4662:نهب:مقاييس — المحور,roots-4662:نهب:الأساس — المجاز,نَهَبَ,APPROVED,,L2_017 haiku b30
AR08770,غَرْبَلَ,فعل,1263,11281,معاينة دقيقة لعزل المهم عن غير المهم.,غربل,فَعْلَلَ,v21:غربل:المحكم — المعاني,,,غَرْبَلَ,APPROVED,,L2_017 haiku b30
AR08771,تَفَقَّدَ,فعل,1263,11282,بحث المفتش الشامل عن الكيان المطلوب.,فقد,تَفَعَّلَ,roots-4662:فقد:المحكم — المعاني,roots-4662:فقد:مقاييس — المحور,,تَفَقَّدَ,APPROVED,,L2_017 haiku b30
AR08772,تَفَتِيش,مصدر,1263,11283,عملية البحث الشاملة عن شيء معين.,فتش,تَفْعِيلٌ,roots-4662:فتش:المحكم — المعاني,roots-4662:فتش:مقاييس — المحور,,تَفَتِيش,APPROVED,,L2_017 haiku b30
AR08773,فَتَّشَ,فعل,1263,11284,بحث غير منظم لكن شامل عن شيء.,فتش,فَعَّلَ,roots-4662:فتش:المحكم — المعاني,roots-4662:فتش:مقاييس — المحور,,فَتَّشَ,APPROVED,,L2_017 haiku b30
AR08774,نَقَّبَ,فعل,1263,15668,بحث قوي وشامل ومكثف عن الكيان.,نقب,فَعَّلَ,roots-4662:نقب:المحكم — المعاني,roots-4662:نقب:مقاييس — المحور,,نَقَّبَ,APPROVED,,L2_017 haiku b30
AR08775,حَادّ,صفة مشبهة,1271,11335,الكيان الذي له حافة أو نقطة قاطعة.,حد,فَاعِلٌ,,,,حَادّ,APPROVED,,L2_017 haiku b30 | FLAGS: ROOT_LEN
AR08778,حَدَّ,فعل,1291,11361,جعل العامل الكيان أكثر حدة.,حد,فَعَّلَ,,,,حَدَّ,APPROVED,,L2_017 haiku b30 | FLAGS: ROOT_LEN
AR08783,اختَبَرَ جَوّاً,تركيب,1301,11464;13084,اختبار المنتج أثناء الطيران.,,,,,,اختَبَرَ جَوّاً,APPROVED,,L2_017 haiku b30
AR08784,اختَبَرَ بِالتَّصادُم,تركيب,1301,11465,تعريض السيارة للاصطدام المتحكم به.,,,,,,اختَبَرَ بِالتَّصادُم,APPROVED,,L2_017 haiku b30
AR08785,اختِبَار جَوّي,تركيب,1301,11467;12255,عملية اختبار أداء الطائرة أثناء الطيران.,,,,,,اختِبَار جَوّي,APPROVED,,L2_017 haiku b30
AR08790,رَدَّ,فعل,1302,11470,فعل الكيان كرد على المحفز.,ردد,فَعَّلَ,roots-4662:ردد:المحكم — المعاني,roots-4662:ردد:مقاييس — المحور,roots-4662:ردد:الأساس — المجاز,رَدَّ,APPROVED,,L2_017 haiku b30 | FLAGS: WAZN_LEMMA_MISMATCH
AR08791,رَدّ فِعْل,تركيب,1302,11471,حالة فعل الكيان نتيجة المحفز.,,,,,,رَدّ فِعْل,APPROVED,,L2_017 haiku b30
AR08792,وَفَّى,فعل,1302,15654,فعل الكيان المستجيب بشأن المحفز.,وفي,فَعَّلَ,roots-4662:وفي:المحكم — المعاني,roots-4662:وفي:مقاييس — النص,roots-4662:وفي:الأساس — المجاز,وَفَّى,APPROVED,,L2_017 haiku b30
AR08794,تَهَرَّبَ,فعل,1303,11486,تفادي المتملص للكيان السيء بحركة سريعة.,هرب,تَفَعَّلَ,roots-4662:هرب:المحكم — المعاني,roots-4662:هرب:مقاييس — النص,,تَهَرَّبَ,APPROVED,,L2_017 haiku b30
AR08795,مُراوَغَة,مصدر,1303,11487,عملية تفادي المتملص الكيان السيء.,راغ,مُفَاعَلَةٌ,,,,مُراوَغَة,APPROVED,,L2_017 haiku b30 | FLAGS: ROOT_ALIF
AR08796,مِرافَق,مصدر,1303,11491,تحرك المتملص جانبًا لتفادي الكيان.,رفق,,roots-4662:رفق:المحكم — المعاني,roots-4662:رفق:مقاييس — المحور,roots-4662:رفق:الأساس — المجاز,مِرافَق,APPROVED,مِفَاعَل,L2_017 haiku b30 | FLAGS: WAZN_NOT_IN_INV
AR08798,اِمْتَنَعَ,فعل,1304,11473;11475,تقرير المتنازل الامتناع عن الأمر المرغوب.,منع,اِفْتَعَلَ,roots-4662:منع:المحكم — المعاني,roots-4662:منع:مقاييس — المحور,roots-4662:منع:الأساس — المجاز,اِمْتَنَعَ,APPROVED,,L2_017 haiku b30
AR08799,تَخَطَّى,فعل,1304,11474,عدم مشاركة المتنازل في أمر معين.,خطي,تَفَعَّلَ,,,,تَخَطَّى,APPROVED,,L2_017 haiku b30
AR08800,اِمْتِنَاع,مصدر,1304,11476;11477,تعفف المتنازل عن الفعل.,منع,اِفْتِعَالٌ,roots-4662:منع:المحكم — المعاني,roots-4662:منع:مقاييس — المحور,roots-4662:منع:الأساس — المجاز,اِمْتِنَاع,APPROVED,,L2_017 haiku b30
AR08801,كَفَّ,فعل,1304,11478;11479,عدم إقدام المتنازل على الفعل.,كف,فَعَّلَ,,,,كَفَّ,APPROVED,,L2_017 haiku b30 | FLAGS: ROOT_LEN
AR08804,اِسْتَغْنَى,فعل,1304,18324;18325,امتناع المتنازل عن المشاركة.,غني,اِسْتَفْعَلَ,roots-4662:غني:المحكم — المعاني,roots-4662:غني:مقاييس — المحور,roots-4662:غني:الأساس — المجاز,اِسْتَغْنَى,APPROVED,,L2_017 haiku b30
AR08805,أَفْلَتَ,فعل,1305,11488;11490,فشل المُستشعِر في بلوغ الغاية المرغوبة.,فلت,أَفْعَلَ,roots-4662:فلت:المحكم — المعاني,roots-4662:فلت:مقاييس — النص,,أَفْلَتَ,APPROVED,,L2_017 haiku b30
AR08806,نَجَا,فعل,1305,11489,عدم تمكن المُستشعِر من بلوغ الغاية.,نجي,فَعَلَ,,,,نَجَا,APPROVED,,L2_017 haiku b30
AR08808,لِصَالِح,حرف,1306,11498;11505,تأييد المُدرِك وإيجابيته تجاه المسألة.,,,,,,لِصَالِح,APPROVED,,L2_017 haiku b30
AR08809,ضِدّ,حرف,1306,11499,معارضة المُدرِك وسلبيته تجاه المسألة.,,,,,,ضِدّ,APPROVED,,L2_017 haiku b30
AR08810,لِصَالِح,ظرف,1306,11500,تأييد المُدرِك لوجهة النظر الإيجابية.,,,,,,لِصَالِح,APPROVED,,L2_017 haiku b30 | FLAGS: ROOT_MISSING;WAZN_MISSING
AR08812,انْحَازَ,فعل,1306,11502,اختيار المُدرِك إحدى طرفي النزاع.,نحي,اِنْفَعَلَ,roots-4662:نحي:المحكم — المعاني,roots-4662:نحي:مقاييس — النص,,انْحَازَ,APPROVED,,L2_017 haiku b30
AR08813,فِئَة,اسم جامد,1306,11503,المجموعة المعارضة أو المؤيدة.,فيي,فِعْلَةٌ,,,,فِئَة,APPROVED,,L2_017 haiku b30
AR08815,دَاعِم,اسم فاعل,1306,11506;13141,المُدرِك الذي يتخذ موقفًا مؤيدًا.,دعم,فَاعِلٌ,roots-4662:دعم:المحكم — المعاني,roots-4662:دعم:مقاييس — المحور,roots-4662:دعم:الأساس — المجاز,دَاعِم,APPROVED,,L2_017 haiku b30
AR08817,أَقَرَّ,فعل,1306,13711,إعلان المُدرِك علنًا تأييده للمسألة.,قرر,أَفْعَلَ,roots-4662:قرر:المحكم — المعاني,roots-4662:قرر:مقاييس — المحور,roots-4662:قرر:الأساس — المجاز,أَقَرَّ,APPROVED,,L2_017 haiku b30 | FLAGS: WAZN_LEMMA_MISMATCH
AR08818,دَعَمَ,فعل,1306,13989,إعطاء المُدرِك دعماً معنويًا أو ماديًا.,دعم,فَعَلَ,roots-4662:دعم:المحكم — المعاني,roots-4662:دعم:مقاييس — المحور,roots-4662:دعم:الأساس — المجاز,دَعَمَ,APPROVED,,L2_017 haiku b30
AR08819,دَعْم,مصدر,1306,14562,المساعدة والتأييد للمسألة.,دعم,فَعْلٌ,roots-4662:دعم:المحكم — المعاني,roots-4662:دعم:مقاييس — المحور,roots-4662:دعم:الأساس — المجاز,دَعْم,APPROVED,,L2_017 haiku b30
AR08823,التفَّ,فعل,1310,11522,تحرك الموضوع حول حافة الموضع.,لفف,اِفْتَعَلَ,roots-4662:لفف:المحكم — المعاني,roots-4662:لفف:مقاييس — المحور,,التفَّ,APPROVED,,L2_017 haiku b30 | FLAGS: WAZN_LEMMA_MISMATCH
AR08825,نُزُول,مصدر,1310,11533,عملية حركة الموضوع نزولًا.,نزل,فُعُولٌ,roots-4662:نزل:المحكم — المعاني,roots-4662:نزل:مقاييس — النص,roots-4662:نزل:الأساس — المجاز,نُزُول,APPROVED,,L2_017 haiku b30
AR08826,نَزَلَ,فعل,1310,11534,تحرك الموضوع نزولاً من موضع أعلى.,نزل,فَعَلَ,roots-4662:نزل:المحكم — المعاني,roots-4662:نزل:مقاييس — النص,roots-4662:نزل:الأساس — المجاز,نَزَلَ,APPROVED,,L2_017 haiku b30
AR08827,تَقَاطَعَ,فعل,1310,11536,حركة الموضوع ذهابًا وإيابًا بشكل متقاطع.,قطع,تَفَاعَلَ,roots-4662:قطع:المحكم — المعاني,roots-4662:قطع:مقاييس — المحور,roots-4662:قطع:الأساس — المجاز,تَقَاطَعَ,APPROVED,,L2_017 haiku b30
AR08829,قَفَزَ,فعل,1310,12873;12983,عبور الموضوع بالقفز على عقبة.,قفز,فَعَلَ,roots-4662:قفز:المحكم — المعاني,roots-4662:قفز:مقاييس — المحور,roots-4662:قفز:الأساس — المجاز,قَفَزَ,APPROVED,,L2_017 haiku b30
AR08830,مَرَّ,فعل,1310,12878,تجاوز الموضوع موضعاً معيناً.,مرر,فَعَّلَ,roots-4662:مرر:المحكم — المعاني,roots-4662:مرر:مقاييس — المحور,roots-4662:مرر:الأساس — المجاز,مَرَّ,APPROVED,,L2_017 haiku b30 | FLAGS: WAZN_LEMMA_MISMATCH
AR08831,دَارَ,فعل,1310,12893,دوران الموضوع حول موضع معين.,دور,فَاعَلَ,roots-4662:دور:المحكم — المعاني,roots-4662:دور:مقاييس — المحور,,دَارَ,APPROVED,,L2_017 haiku b30
AR08832,وَثَبَ,فعل,1310,12982,قفز الموضوع فوق شيء ما.,وثب,فَعَلَ,roots-4662:وثب:المحكم — المعاني,roots-4662:وثب:مقاييس — النص,roots-4662:وثب:الأساس — المجاز,وَثَبَ,APPROVED,,L2_017 haiku b30
AR08833,غَاز,اسم جامد,1321,11601,مادة سائلة الهواء تملأ أي حيز.,غيز,فَاعِلٌ,,,,غَاز,APPROVED,,L2_017 haiku b30
AR08834,رَمْل,اسم جامد,1321,11602,مادة حبيبية ناتجة عن تحلل الصخور.,رمل,فَعْلٌ,roots-4662:رمل:المحكم — المعاني,roots-4662:رمل:مقاييس — المحور,roots-4662:رمل:الأساس — المجاز,رَمْل,APPROVED,,L2_017 haiku b30
AR08835,زَيْت,اسم جامد,1321,11603,سائل لزج مشتق من البترول للوقود.,زيت,فَعْلٌ,roots-4662:زيت:المحكم — المعاني,roots-4662:زيت:مقاييس — النص,,زَيْت,APPROVED,,L2_017 haiku b30
AR08836,سَائِل,اسم فاعل,1321,11604,مادة تسيل لكن بحجم ثابت.,سيل,فَاعِلٌ,roots-4662:سيل:المحكم — المعاني,roots-4662:سيل:مقاييس — المحور,roots-4662:سيل:الأساس — المجاز,سَائِل,APPROVED,,L2_017 haiku b30
AR08837,مِيثَان,اسم جامد,1321,11605,غاز مشتعل خالي من اللون والرائحة.,,,,,,مِيثَان,APPROVED,,L2_017 haiku b30 | FLAGS: ROOT_MISSING;WAZN_MISSING
AR08838,كِيمْيَائِي,اسم جامد,1321,11606,مادة كيميائية مركبة صنعية أو طبيعية.,,,,,,كِيمْيَائِي,APPROVED,,L2_017 haiku b30 | FLAGS: ROOT_MISSING;WAZN_MISSING
AR08839,حَدِيد,اسم جامد,1321,11607,معدن قوي مغناطيسي يُستعمل صناعيًا.,حديد,فَعِيلٌ,,,,حَدِيد,APPROVED,,L2_017 haiku b30
AR08840,مَادَّة,اسم جامد,1321,11726,الجوهر المادي أو المادة الأساسية.,مادة,فَاعِلَةٌ,,,,مَادَّة,APPROVED,,L2_017 haiku b30 | FLAGS: ROOT_ALIF
AR08841,يُورَانِيُوم,اسم جامد,1321,12169,عنصر كيميائي معدني مشع.,,,,,,يُورَانِيُوم,APPROVED,,L2_017 haiku b30 | FLAGS: ROOT_MISSING;WAZN_MISSING
AR08842,أَلُومِنْيُوم,اسم جامد,1321,12251,معدن خفيف فضي مقاوم للتآكل.,,,,,,أَلُومِنْيُوم,APPROVED,,L2_017 haiku b30 | FLAGS: ROOT_MISSING;WAZN_MISSING
AR08843,بْلُوتُونْيُوم,اسم جامد,1321,12253,عنصر معدني مشع كثيف.,,,,,,بْلُوتُونْيُوم,APPROVED,,L2_017 haiku b30 | FLAGS: ROOT_MISSING;WAZN_MISSING
AR08844,أَتْرُوپِين,اسم جامد,1321,12384,مركب سام يُستعمل طبياً.,,,,,,أَتْرُوپِين,APPROVED,,L2_017 haiku b30 | FLAGS: ROOT_MISSING;WAZN_MISSING
AR08845,يُورَانِيُوم مُثَقَّل,تركيب,1321,12404,مادة مشتقة من تكرير اليورانيوم.,,,,,,يُورَانِيُوم مُثَقَّل,APPROVED,,L2_017 haiku b30
AR08847,خَام,اسم جامد,1321,12719,صخر طبيعي يحتوي على معادن مفيدة.,خيم,فَاعِلٌ,roots-4662:خيم:المحكم — المعاني,roots-4662:خيم:مقاييس — المحور,,خَام,APPROVED,,L2_017 haiku b30
AR08848,بِترُول,اسم جامد,1321,12870,زيت معدني يُستخرج من الأرض.,,,,,,بِترُول,APPROVED,,L2_017 haiku b30 | FLAGS: ROOT_MISSING;WAZN_MISSING
AR08849,مَاء,اسم جامد,1321,15541,سائل عديم اللون وضروري للحياة.,ميي,فَاعِلٌ,,,,مَاء,APPROVED,,L2_017 haiku b30
AR08851,مَعْدِن,اسم جامد,1321,15949,مادة لامعة وموصلة للكهرباء.,معدن,,,,,مَعْدِن,APPROVED,فَعْلِن,L2_017 haiku b30 | FLAGS: WAZN_NOT_IN_INV
AR08852,زُجَاج,اسم جامد,1321,15964,مادة شفافة وهشة مصنوعة من السيليكا.,زجج,فُعَالٌ,roots-4662:زجج:المحكم — المعاني,roots-4662:زجج:مقاييس — المحور,roots-4662:زجج:الأساس — المجاز,زُجَاج,APPROVED,,L2_017 haiku b30
AR08853,وَرَق,اسم جامد,1321,16417,مادة رقيقة من لب الخشب.,ورق,فَعَلٌ,roots-4662:ورق:المحكم — المعاني,roots-4662:ورق:مقاييس — المحور,roots-4662:ورق:الأساس — المجاز,وَرَق,APPROVED,,L2_017 haiku b30
AR08855,إسْمِنْت,اسم جامد,1321,16804,مادة تصلد من الحجر الجيري المحروق.,,,,,,إسْمِنْت,APPROVED,,L2_017 haiku b30 | FLAGS: ROOT_MISSING;WAZN_MISSING
AR08856,كَالْسْيُوم,اسم جامد,1321,16920,عنصر كيميائي معدني.,,,,,,كَالْسْيُوم,APPROVED,,L2_017 haiku b30 | FLAGS: ROOT_MISSING;WAZN_MISSING
AR08857,أُوكْسِجِين,اسم جامد,1321,17635,غاز عديم اللون ضروري للتنفس.,,,,,,أُوكْسِجِين,APPROVED,,L2_017 haiku b30 | FLAGS: ROOT_MISSING;WAZN_MISSING
AR08858,سَمَاد,اسم جامد,1321,18606,مادة تُضاف للتربة لتخصيبها.,سمد,فَعَالٍ,roots-4662:سمد:المحكم — المعاني,roots-4662:سمد:مقاييس — المحور,roots-4662:سمد:الأساس — المجاز,سَمَاد,APPROVED,,L2_017 haiku b30
AR08860,فَعَّال,صفة مشبهة,1322,11609,مادة ذات تأثير كيميائي أو حيوي.,فعل,فَعَّالٌ,roots-4662:فعل:المحكم — المعاني,roots-4662:فعل:مقاييس — المحور,,فَعَّال,APPROVED,,L2_017 haiku b30
AR08861,حَيَوِي الفِعْل,تركيب,1322,12383,مادة ذات تأثير حيوي.,,,,,,حَيَوِي الفِعْل,APPROVED,,L2_017 haiku b30
AR08862,عَامِل مُسَبِّب,تركيب,1322,12629,مادة قادرة على إحداث أثر محدد.,,,,,,عَامِل مُسَبِّب,APPROVED,,L2_017 haiku b30
AR08863,مُهَيِّج,اسم فاعل,1322,13113,مادة تهيج جزءاً من الجسم.,هيج,مُفَعِّلٌ,roots-4662:هيج:المحكم — المعاني,roots-4662:هيج:مقاييس — المحور,roots-4662:هيج:الأساس — المجاز,مُهَيِّج,APPROVED,,L2_017 haiku b30
AR08864,مُرَتِّل,اسم فاعل,1322,13114,مادة تشل الشخص مؤقتاً بلا جرح.,رتل,مُفَعِّلٌ,roots-4662:رتل:المحكم — المعاني,,roots-4662:رتل:الأساس — المجاز,مُرَتِّل,APPROVED,,L2_017 haiku b30
AR08865,دَفَعَ,فعل,1330,11620,صد المدافع هجوم المعتدي.,دفع,فَعَلَ,roots-4662:دفع:المحكم — المعاني,roots-4662:دفع:مقاييس — المحور,roots-4662:دفع:الأساس — المجاز,دَفَعَ,APPROVED,,L2_017 haiku b30
AR08866,دِفَاع,مصدر,1330,11621,عملية الصد والحماية من الهجوم.,دفع,فِعَالٌ,roots-4662:دفع:المحكم — المعاني,roots-4662:دفع:مقاييس — المحور,roots-4662:دفع:الأساس — المجاز,دِفَاع,APPROVED,,L2_017 haiku b30
AR08867,دِفَاعِي,اسم منسوب,1330,11622,مستخدم أو مخصص للدفاع.,دفع,,roots-4662:دفع:المحكم — المعاني,roots-4662:دفع:مقاييس — المحور,roots-4662:دفع:الأساس — المجاز,دِفَاعِي,APPROVED,فِعَالِي,L2_017 haiku b30 | FLAGS: WAZN_NOT_IN_INV
AR08869,مُدَافِع,اسم فاعل,1330,13512,شخص يدافع عن شيء.,دفع,مُفَاعِلٌ,roots-4662:دفع:المحكم — المعاني,roots-4662:دفع:مقاييس — المحور,roots-4662:دفع:الأساس — المجاز,مُدَافِع,APPROVED,,L2_017 haiku b30
AR08871,دِفَاع بَيُولُوجِي,تركيب,1330,14679,الدفاع ضد الأسلحة البيولوجية.,,,,,,دِفَاع بَيُولُوجِي,APPROVED,,L2_017 haiku b30
AR08872,تَقَدَّمَ,فعل,1340,11642;11644,تطور الكيان نحو حالة أفضل.,قدم,تَفَعَّلَ,roots-4662:قدم:المحكم — المعاني,roots-4662:قدم:مقاييس — المحور,roots-4662:قدم:الأساس — المجاز,تَقَدَّمَ,APPROVED,,L2_017 haiku b30
AR08873,تَقَدُّم,مصدر,1340,11643;11645;13552,التطور نحو حالة أكثر تقدماً.,قدم,تَفَعُّلٌ,roots-4662:قدم:المحكم — المعاني,roots-4662:قدم:مقاييس — المحور,roots-4662:قدم:الأساس — المجاز,تَقَدُّم,APPROVED,,L2_017 haiku b30
AR08876,نَضِجَ,فعل,1340,11648,اصبح الكيان أكثر تطوراً ونضجاً.,نضج,فَعِلَ,roots-4662:نضج:المحكم — المعاني,roots-4662:نضج:مقاييس — المحور,roots-4662:نضج:الأساس — المجاز,نَضِجَ,APPROVED,,L2_017 haiku b30
AR08877,نُضُوج,مصدر,1340,12862,عملية وصول الكيان إلى مرحلة النضج.,نضج,فُعُولٌ,roots-4662:نضج:المحكم — المعاني,roots-4662:نضج:مقاييس — المحور,roots-4662:نضج:الأساس — المجاز,نُضُوج,APPROVED,,L2_017 haiku b30
AR08878,تَوَقَّفَ,فعل,1340,17305,توقف الكيان عن التطور والنمو.,وقف,تَفَعَّلَ,roots-4662:وقف:المحكم — المعاني,roots-4662:وقف:مقاييس — المحور,roots-4662:وقف:الأساس — المجاز,تَوَقَّفَ,APPROVED,,L2_017 haiku b30
AR08879,تَسَلْسُل,مصدر,1340,18712,تتابع التغيير وفق التوقعات.,سلسل,تَفَعُّلٌ,v21:سلسل:المحكم — المعاني,,,تَسَلْسُل,APPROVED,,L2_017 haiku b30
AR08880,نَاضِج,اسم فاعل,1341,11649,الكيان الذي وصل لمرحلة متطورة.,نضج,فَاعِلٌ,roots-4662:نضج:المحكم — المعاني,roots-4662:نضج:مقاييس — المحور,roots-4662:نضج:الأساس — المجاز,نَاضِج,APPROVED,,L2_017 haiku b30
AR08881,مُتَقَدِّم,اسم فاعل,1341,11650,الكيان الذي حقق تقدماً كبيراً.,قدم,مُتَفَعِّلٌ,roots-4662:قدم:المحكم — المعاني,roots-4662:قدم:مقاييس — المحور,roots-4662:قدم:الأساس — المجاز,مُتَقَدِّم,APPROVED,,L2_017 haiku b30
AR08883,جِيل جَديد,تركيب,1341,11652,مرحلة متقدمة من الكيان.,,,,,,جِيل جَديد,APPROVED,,L2_017 haiku b30
AR08884,تَقْنِيَّة منخفضة,تركيب,1341,12869,الكيان الذي يستعمل تقنية محدودة.,,,,,,تَقْنِيَّة منخفضة,APPROVED,,L2_017 haiku b30
AR08885,مُتقَن,اسم مفعول,1341,13149,الكيان المعقد والمتقدم.,تقن,مُفَعَّلٌ,v21:تقن:المحكم — المعاني,v21:تقن:مقاييس — المحور,,مُتقَن,APPROVED,,L2_017 haiku b30
AR08887,طَلِيعِي,اسم منسوب,1341,14197,الكيان الأكثر تطوراً والأحدث.,لعع,,v21:لعع:المحكم — المعاني,v21:لعع:مقاييس — المحور,,طَلِيعِي,APPROVED,فَعِيلِي,L2_017 haiku b30 | FLAGS: WAZN_LEMMA_MISMATCH;WAZN_NOT_IN_INV
AR08889,أَحْدَث التِقْنِيَّات,تركيب,1341,14576,الكيان المتضمن أحدث الابتكارات.,,,,,,أَحْدَث التِقْنِيَّات,APPROVED,,L2_017 haiku b30
AR08890,تَقْنِيَّة عَالِيَة,تركيب,1341,14702,الكيان الذي يستعمل تقنية متقدمة.,,,,,,تَقْنِيَّة عَالِيَة,APPROVED,,L2_017 haiku b30
AR08891,قَدِيم,صفة مشبهة,1341,15306,الكيان الذي ينتمي لمرحلة قديمة.,قدم,فَعِيلٌ,roots-4662:قدم:المحكم — المعاني,roots-4662:قدم:مقاييس — المحور,roots-4662:قدم:الأساس — المجاز,قَدِيم,APPROVED,,L2_017 haiku b30
AR08892,نُضُوج,مصدر,1341,16074,حالة اكتمال التطور والنضج.,نضج,فُعُولٌ,roots-4662:نضج:المحكم — المعاني,roots-4662:نضج:مقاييس — المحور,roots-4662:نضج:الأساس — المجاز,نُضُوج,APPROVED,,L2_017 haiku b30
AR08893,اتَّفَقَ,فعل,1342,11656,بلوغ الطرفين اتفاقاً حول الالتزام.,فقق,اِفْتَعَلَ,roots-4662:فقق:المحكم — المعاني,roots-4662:فقق:مقاييس — المحور,,اتَّفَقَ,APPROVED,,L2_017 haiku b30 | FLAGS: WAZN_LEMMA_MISMATCH
AR08894,اتِّفَاق,مصدر,1342,11657,تنظيم قانوني بين طرفين أو أكثر.,فقق,اِفْتِعَالٌ,roots-4662:فقق:المحكم — المعاني,roots-4662:فقق:مقاييس — المحور,,اتِّفَاق,APPROVED,,L2_017 haiku b30 | FLAGS: WAZN_LEMMA_MISMATCH
AR08897,تَسَالَحَ,فعل,1342,17840,الوصول لتسوية أو توافق.,سلح,تَفَاعَلَ,roots-4662:سلح:المحكم — المعاني,roots-4662:سلح:مقاييس — النص,,تَسَالَحَ,APPROVED,,L2_017 haiku b30
AR08898,سَلَّمَ,فعل,1344,11664,تسليم المسلِّم الموضوع للمتلقي.,سلم,فَعَّلَ,roots-4662:سلم:المحكم — المعاني,roots-4662:سلم:مقاييس — المحور,roots-4662:سلم:الأساس — المجاز,سَلَّمَ,APPROVED,,L2_017 haiku b30
AR08899,تَسْلِيم,مصدر,1344,11665,عملية إيصال الموضوع للمتلقي.,سلم,تَفْعِيلٌ,roots-4662:سلم:المحكم — المعاني,roots-4662:سلم:مقاييس — المحور,roots-4662:سلم:الأساس — المجاز,تَسْلِيم,APPROVED,,L2_017 haiku b30
AR08901,قِطَاع,اسم جامد,1345,11669,جزء محدد من الاقتصاد أو المجتمع.,قطع,فِعَالٌ,roots-4662:قطع:المحكم — المعاني,roots-4662:قطع:مقاييس — المحور,roots-4662:قطع:الأساس — المجاز,قِطَاع,APPROVED,,L2_017 haiku b30
AR08902,فِي,حرف,1345,11670,دلالة على المهنة أو الاختصاص.,,,,,,فِي,APPROVED,,L2_017 haiku b30
AR08904,مِسَاحَة,مصدر,1345,12204,موضوع أو نطاق النشاط المحدد.,سيح,فِعَالَةٌ,roots-4662:سيح:المحكم — المعاني,roots-4662:سيح:مقاييس — النص,roots-4662:سيح:الأساس — المجاز,مِسَاحَة,APPROVED,,L2_017 haiku b30
AR08905,فَنِّي,اسم منسوب,1345,14358,الممارِس الموهوب بإنشاء الفن.,فنن,,roots-4662:فنن:المحكم — المعاني,roots-4662:فنن:مقاييس — المحور,,فَنِّي,APPROVED,فَعِّي,L2_017 haiku b30 | FLAGS: WAZN_NOT_IN_INV
AR08906,فَن,اسم جامد,1345,14359,التعبير الإبداعي عن مهارة.,فنن,فَعْلٌ,roots-4662:فنن:المحكم — المعاني,roots-4662:فنن:مقاييس — المحور,,فَن,APPROVED,,L2_017 haiku b30 | FLAGS: WAZN_LEMMA_MISMATCH
AR08909,مَسْرَح,اسم جامد,1345,14417,فن الأداء الدرامي والمسرحي.,سرح,فَعْلَةٌ,roots-4662:سرح:المحكم — المعاني,roots-4662:سرح:مقاييس — المحور,roots-4662:سرح:الأساس — المجاز,مَسْرَح,APPROVED,,L2_017 haiku b30 | FLAGS: WAZN_LEMMA_MISMATCH
AR08912,رِيَاضِيَّات,اسم جامد,1345,15851;18611,فرع العلم المتعلق بالأعداد والكميات.,,,,,,رِيَاضِيَّات,APPROVED,,L2_017 haiku b30 | FLAGS: ROOT_MISSING;WAZN_MISSING
AR08913,تَمْوِيل,مصدر,1345,18220,إدارة الأموال والموارد المالية.,مو,تَفْعِيلٌ,,,,تَمْوِيل,APPROVED,,L2_017 haiku b30 | FLAGS: ROOT_LEN;ROOT_NORMALIZED
AR08914,تِقْنِي,اسم منسوب,1345,18678,يتعلق بالتقنية والهندسة.,تقن,,v21:تقن:المحكم — المعاني,v21:تقن:مقاييس — المحور,,تِقْنِي,APPROVED,فِعْلِي,L2_017 haiku b30 | FLAGS: WAZN_NOT_IN_INV
AR08915,زَوَّدَ,فعل,1346,11672;15662,إعطاء المورِّد الموضوع للمتلقي.,زود,فَعَّلَ,roots-4662:زود:المحكم — المعاني,roots-4662:زود:مقاييس — المحور,roots-4662:زود:الأساس — المجاز,زَوَّدَ,APPROVED,,L2_017 haiku b30
AR08916,وَفَّرَ,فعل,1346,11673;13474;16939,إتاحة المورِّد الموضوع للاستعمال.,وفر,فَعَّلَ,roots-4662:وفر:المحكم — المعاني,roots-4662:وفر:مقاييس — المحور,roots-4662:وفر:الأساس — المجاز,وَفَّرَ,APPROVED,,L2_017 haiku b30
AR08917,إمْدَاد,مصدر,1346,11674;11676,عملية توفير الموضوع المطلوب.,مد,إِفْعَالٌ,,,,إمْدَاد,APPROVED,,L2_017 haiku b30 | FLAGS: ROOT_LEN
AR08918,مَوَّلَ,فعل,1346,11675,توفير المورِّد التجهيزات والموارد.,مو,فَعَّلَ,,,,مَوَّلَ,APPROVED,,L2_017 haiku b30 | FLAGS: ROOT_LEN;ROOT_NORMALIZED
AR08919,مُمَوِّل,اسم فاعل,1346,11677,الشخص أو الجهة التي توفر الموارد.,مو,مُفَعِّلٌ,,,,مُمَوِّل,APPROVED,,L2_017 haiku b30 | FLAGS: ROOT_LEN;ROOT_NORMALIZED
AR08922,أَلْبَسَ,فعل,1346,11680,إعطاء المورِّد ملابس أو تجهيزات.,لبس,أَفْعَلَ,roots-4662:لبس:المحكم — المعاني,roots-4662:لبس:مقاييس — المحور,roots-4662:لبس:الأساس — المجاز,أَلْبَسَ,APPROVED,,L2_017 haiku b30
AR08923,وَقَّدَ,فعل,1346,14029,توفير الوقود للموضوع.,وقد,فَعَّلَ,roots-4662:وقد:المحكم — المعاني,roots-4662:وقد:مقاييس — المحور,roots-4662:وقد:الأساس — المجاز,وَقَّدَ,APPROVED,,L2_017 haiku b30
AR08924,أَعْطَى,فعل,1346,14833,إعطاء المورِّد ما يلزم.,عطي,أَفْعَلَ,,,,أَعْطَى,APPROVED,,L2_017 haiku b30
AR08926,مُكَوِّن,اسم فاعل,1348,11682;11733,عنصر يدخل في تكوين المنتج.,كون,مُفَعِّلٌ,roots-4662:كون:المحكم — المعاني,roots-4662:كون:مقاييس — المحور,,مُكَوِّن,APPROVED,,L2_017 haiku b30
AR08927,سَلَف,اسم جامد,1348,11683,مادة تُشكِّل مادة أخرى.,سلف,فَعَلٌ,roots-4662:سلف:المحكم — المعاني,roots-4662:سلف:مقاييس — المحور,roots-4662:سلف:الأساس — المجاز,سَلَف,APPROVED,,L2_017 haiku b30
AR08928,مَادَّة,اسم جامد,1348,11684,مادة يُصنع منها شيء آخر.,مادة,فَاعِلَةٌ,,,,مَادَّة,APPROVED,,L2_017 haiku b30 | FLAGS: ROOT_ALIF
AR08929,عُنصُر,اسم جامد,1348,14622,الجزء الأساسي الذي يكون شيئاً.,عنصر,فُعْلُلٌ,,,,عُنصُر,APPROVED,,L2_017 haiku b30
AR08932,مَكَاسِب,اسم جامد,1349,13180,التقدم المحقق في مجال محدد.,كسب,فَعَالِلُ,roots-4662:كسب:المحكم — المعاني,roots-4662:كسب:مقاييس — المحور,roots-4662:كسب:الأساس — المجاز,مَكَاسِب,APPROVED,,L2_017 haiku b30 | FLAGS: WAZN_LEMMA_MISMATCH
AR08933,كَمَّلَ,فعل,1349,13430,إيصال العامل المشروع لأعلى معايير.,كمل,فَعَّلَ,roots-4662:كمل:المحكم — المعاني,roots-4662:كمل:مقاييس — المحور,,كَمَّلَ,APPROVED,,L2_017 haiku b30
AR08937,نَضِجَ,فعل,1349,15358,تطور العامل للمشروع نحو النضج.,نضج,فَعِلَ,roots-4662:نضج:المحكم — المعاني,roots-4662:نضج:مقاييس — المحور,roots-4662:نضج:الأساس — المجاز,نَضِجَ,APPROVED,,L2_017 haiku b30
AR08938,قَدَّمَ,فعل,1349,17583,جعل العامل المشروع أكثر تقدماً.,قدم,فَعَّلَ,roots-4662:قدم:المحكم — المعاني,roots-4662:قدم:مقاييس — المحور,roots-4662:قدم:الأساس — المجاز,قَدَّمَ,APPROVED,,L2_017 haiku b30
AR08940,مَسافَة السَّمْع,تركيب,1350,11750,المسافة التي يمكن فيها سماع الأصوات,,,,,,مَسافَة السَّمْع,APPROVED,,L2_017 haiku b31
AR08941,نِطاق,اسم جامد,1350,11751,مدى تطبيق التأثير أو النفوذ,نطق,فِعَالٌ,roots-4662:نطق:المحكم — المعاني,roots-4662:نطق:مقاييس — المحور,roots-4662:نطق:الأساس — المجاز,نِطاق,APPROVED,,L2_017 haiku b31
AR08942,مَدى الرُّؤْيَة,تركيب,1350,11752,المسافة التي يمكن الرؤية من خلالها,,,,,,مَدى الرُّؤْيَة,APPROVED,,L2_017 haiku b31
AR08943,مَسافَة,اسم جامد,1350,11753,البعد المكاني الذي يفصل بين الأشياء,سفر,فَعَالَةٌ,roots-4662:سفر:المحكم — المعاني,roots-4662:سفر:مقاييس — المحور,roots-4662:سفر:الأساس — المجاز,مَسافَة,APPROVED,,L2_017 haiku b31 | FLAGS: WAZN_LEMMA_MISMATCH
AR08944,مَدى الضَّرْب,تركيب,1350,11754,المسافة التي يمكن الهجوم من خلالها,,,,,,مَدى الضَّرْب,APPROVED,,L2_017 haiku b31
AR08945,بَيْنَ قَارّي,اسم منسوب,1350,12568,متعلق بالعلاقات بين القارات,قرر,فَعْلانُ,roots-4662:قرر:المحكم — المعاني,roots-4662:قرر:مقاييس — المحور,roots-4662:قرر:الأساس — المجاز,بَيْنَ قَارّي,APPROVED,,L2_017 haiku b31 | FLAGS: WAZN_LEMMA_MISMATCH
AR08946,رُؤْيَة,اسم جامد,1350,15333,مدى الإدراك البصري,رءي,فُعْلَةٌ,roots-4662:رءي:المحكم — المعاني,roots-4662:رءي:مقاييس — المحور,roots-4662:رءي:الأساس — المجاز,رُؤْيَة,APPROVED,,L2_017 haiku b31
AR08949,وَاضِح,صفة مشبهة,1360,11772;12281,ما يُدْرَك بسهولة دون التباس,وضح,فَاعِلٌ,roots-4662:وضح:المحكم — المعاني,roots-4662:وضح:مقاييس — المحور,roots-4662:وضح:الأساس — المجاز,وَاضِح,APPROVED,,L2_017 haiku b31
AR08952,مَرْئِيّ,اسم منسوب,1360,12123,ما يمكن إدراكه بالرؤية,رءي,مَفْعُولٌ,roots-4662:رءي:المحكم — المعاني,roots-4662:رءي:مقاييس — المحور,roots-4662:رءي:الأساس — المجاز,مَرْئِيّ,APPROVED,,L2_017 haiku b31
AR08953,مَسْمُوع,اسم مفعول,1360,12124,ما يمكن إدراكه بالسمع,سمع,مَفْعُولٌ,roots-4662:سمع:المحكم — المعاني,roots-4662:سمع:مقاييس — المحور,roots-4662:سمع:الأساس — المجاز,مَسْمُوع,APPROVED,,L2_017 haiku b31
AR08954,غَامِض,صفة مشبهة,1360,12280,ما لا يتضح ويلتبس على الفهم,غمض,فَاعِلٌ,roots-4662:غمض:المحكم — المعاني,roots-4662:غمض:مقاييس — المحور,roots-4662:غمض:الأساس — المجاز,غَامِض,APPROVED,,L2_017 haiku b31
AR08955,بِوُضُوح,ظرف,1360,13814,بطريقة واضحة لا التباس فيها,,,,,,بِوُضُوح,APPROVED,,L2_017 haiku b31 | ظرف مضاف إلى مصدر | FLAGS: ROOT_MISSING;WAZN_MISSING
AR08956,بِجَلاء,ظرف,1360,13815,بشكل ظاهر لا يقبل الشك,,,,,,بِجَلاء,APPROVED,,L2_017 haiku b31 | ظرف مضاف إلى مصدر | FLAGS: ROOT_MISSING;WAZN_MISSING
AR08957,وُضُوح,مصدر,1360,13816,كون الأمر واضحًا مفهومًا,وضح,,roots-4662:وضح:المحكم — المعاني,roots-4662:وضح:مقاييس — المحور,roots-4662:وضح:الأساس — المجاز,وُضُوح,APPROVED,فُعول,L2_017 haiku b31 | FLAGS: WAZN_NOT_IN_INV
AR08959,تَمَيَّزَ,فعل,1360,18793,أن يبرز الشيء من بين نظائره,ميز,تَفَعَّلَ,roots-4662:ميز:المحكم — المعاني,roots-4662:ميز:مقاييس — المحور,roots-4662:ميز:الأساس — المجاز,تَمَيَّزَ,APPROVED,,L2_017 haiku b31
AR08960,مُلْفِت,اسم فاعل,1360,18794,ما يستحق الانتباه والتمييز,لفت,مُفْعِلٌ,roots-4662:لفت:المحكم — المعاني,roots-4662:لفت:مقاييس — المحور,roots-4662:لفت:الأساس — المجاز,مُلْفِت,APPROVED,,L2_017 haiku b31
AR08961,سَلَّمَ,فعل,1370,11784,تسليم المشتبه به إلى جهة قضائية أجنبية,سلم,فَعَّلَ,roots-4662:سلم:المحكم — المعاني,roots-4662:سلم:مقاييس — المحور,roots-4662:سلم:الأساس — المجاز,سَلَّمَ,APPROVED,,L2_017 haiku b31
AR08962,أَسْلَمَ,فعل,1370,11784,تسليم المتهم للسلطات الأجنبية,سلم,أَفْعَلَ,roots-4662:سلم:المحكم — المعاني,roots-4662:سلم:مقاييس — المحور,roots-4662:سلم:الأساس — المجاز,أَسْلَمَ,APPROVED,,L2_017 haiku b31
AR08963,تَسْلِيم,مصدر,1370,11785,فعل تسليم المشتبه به للسلطة القضائية الأجنبية,سلم,تَفْعِيلٌ,roots-4662:سلم:المحكم — المعاني,roots-4662:سلم:مقاييس — المحور,roots-4662:سلم:الأساس — المجاز,تَسْلِيم,APPROVED,,L2_017 haiku b31
AR08964,تَكَتُّل,مصدر,1371,11786,جماعة منظمة من المنتجين للتحكم بالتجارة,كتل,تَفَعُّلٌ,roots-4662:كتل:المحكم — المعاني,roots-4662:كتل:مقاييس — المحور,,تَكَتُّل,APPROVED,,L2_017 haiku b31
AR08965,نَادٍ,اسم جامد,1371,11787,منظمة اجتماعية طوعية لمصلحة أعضائها,ندي,فَاعِلٌ,v21:ندي:المحكم — المعاني,v21:ندي:مقاييس — المحور,,نَادٍ,APPROVED,,L2_017 haiku b31
AR08967,مُنَظَّمَة,اسم مفعول,1371,13059,جماعة منظمة من الناس لغرض معين,نظم,مُفَعَّلَةٌ,roots-4662:نظم:المحكم — المعاني,roots-4662:نظم:مقاييس — المحور,roots-4662:نظم:الأساس — المجاز,مُنَظَّمَة,APPROVED,,L2_017 haiku b31
AR08969,رَابِطَة,اسم جامد,1371,13285,اتحاد من الدول أو الجماعات للحماية المتبادلة,ربط,فَاعِلَةٌ,roots-4662:ربط:المحكم — المعاني,roots-4662:ربط:مقاييس — المحور,roots-4662:ربط:الأساس — المجاز,رَابِطَة,APPROVED,,L2_017 haiku b31
AR08970,جِهَاز الاسْتِخْبَارَات,تركيب,1371,13384,منظمة متخصصة في جمع المعلومات,,,,,,جِهَاز الاسْتِخْبَارَات,APPROVED,,L2_017 haiku b31
AR08971,وَكَالَة,اسم جامد,1371,14023,جهاز حكومي يقدم خدمة معينة,وكل,فَعَالَةٌ,roots-4662:وكل:المحكم — المعاني,roots-4662:وكل:مقاييس — المحور,roots-4662:وكل:الأساس — المجاز,وَكَالَة,APPROVED,,L2_017 haiku b31
AR08973,نَقَابَة,اسم جامد,1371,14078,منظمة تضم أشخاصًا بمصالح مشتركة,نقب,فَعَالَةٌ,roots-4662:نقب:المحكم — المعاني,roots-4662:نقب:مقاييس — المحور,,نَقَابَة,APPROVED,,L2_017 haiku b31
AR08974,أُخُوَّة,اسم جامد,1371,14563,رابطة من الرجال يجمعهم اهتمام مشترك,ءخا,فُعُولَةٌ,,,,أُخُوَّة,APPROVED,,L2_017 haiku b31 | FLAGS: ROOT_ALIF;ROOT_NORMALIZED
AR08975,وَفْد,اسم جامد,1371,14653,مجموعة من الأفراد يمثلون غيرهم,وفد,فَعْلٌ,roots-4662:وفد:المحكم — المعاني,roots-4662:وفد:مقاييس — المحور,roots-4662:وفد:الأساس — المجاز,وَفْد,APPROVED,,L2_017 haiku b31
AR08976,لَجْنَة,اسم جامد,1371,14654,مجموعة صغيرة تجتمع لتسيير شؤون معينة,لجن,فَعْلَةٌ,roots-4662:لجن:المحكم — المعاني,roots-4662:لجن:مقاييس — المحور,roots-4662:لجن:الأساس — المجاز,لَجْنَة,APPROVED,,L2_017 haiku b31
AR08980,بُرْلِمَان,اسم جامد,1371,18690,الهيئة التشريعية العليا للدولة,,,,,,بُرْلِمَان,APPROVED,,L2_017 haiku b31 | دخيل | FLAGS: ROOT_MISSING;WAZN_MISSING
AR08981,وَسِيلَة إِعْلاَم,تركيب,1371,18726,منظمة توفر الأخبار لفئات أخرى,,,,,,وَسِيلَة إِعْلاَم,APPROVED,,L2_017 haiku b31
AR08982,أَحْيَا,فعل,1372,11788,جعل عملية ما تبدأ من جديد بعد توقف,حيي,أَفْعَلَ,,v21:حيي:مقاييس — النص,v21:حيي:الأساس — المجاز,أَحْيَا,APPROVED,,L2_017 haiku b31
AR08984,أَسْتَرْجَعَ,فعل,1372,11813,إعادة عملية ما إلى حالتها النشطة,رجع,,roots-4662:رجع:المحكم — المعاني,roots-4662:رجع:مقاييس — المحور,roots-4662:رجع:الأساس — المجاز,أَسْتَرْجَعَ,APPROVED,أَسْتَفْعَلَ,L2_017 haiku b31 | FLAGS: WAZN_NOT_IN_INV
AR08987,اِسْتَلْزَمَ,فعل,1375,11792,كون شيء ضروريًا لتحقيق حالة أخرى,لزم,اِسْتَفْعَلَ,roots-4662:لزم:المحكم — المعاني,roots-4662:لزم:مقاييس — المحور,roots-4662:لزم:الأساس — المجاز,اِسْتَلْزَمَ,APPROVED,,L2_017 haiku b31
AR08995,رُتْبَة,اسم جامد,1377,11800;16872,مستوى ضمن تسلسل هرمي للاستحقاق,رتب,فُعْلَةٌ,roots-4662:رتب:المحكم — المعاني,,roots-4662:رتب:الأساس — المجاز,رُتْبَة,APPROVED,,L2_017 haiku b31
AR08996,مَقَام,اسم جامد,1377,11800,درجة من درجات التسلسل الهرمي,قوم,فَعَالٍ,roots-4662:قوم:المحكم — المعاني,roots-4662:قوم:مقاييس — المحور,roots-4662:قوم:الأساس — المجاز,مَقَام,APPROVED,,L2_017 haiku b31
AR08997,مُسْتَوىً,اسم جامد,1377,11801,مستوى ضمن تسلسل هرمي,وسط,مُفْتَعَلٌ,roots-4662:وسط:المحكم — المعاني,roots-4662:وسط:مقاييس — المحور,roots-4662:وسط:الأساس — المجاز,مُسْتَوىً,APPROVED,,L2_017 haiku b31
AR08998,دَرَجَة,اسم جامد,1377,11802,مستوى رسمي ضمن تسلسل هرمي,درج,فَعْلَةٌ,roots-4662:درج:المحكم — المعاني,roots-4662:درج:مقاييس — المحور,roots-4662:درج:الأساس — المجاز,دَرَجَة,APPROVED,,L2_017 haiku b31
AR08999,خَط الأَسَاس,تركيب,1377,16922,نقطة بدء نسبية للمقارنة,,,,,,خَط الأَسَاس,APPROVED,,L2_017 haiku b31
AR09000,طُمَأْنِينَة,اسم جامد,1378,11809,فعل يخفف الشكوك والمخاوف,ءطمن,,,,,طُمَأْنِينَة,APPROVED,فُعَالِينَة,L2_017 haiku b31 | FLAGS: ROOT_NORMALIZED;WAZN_NOT_IN_INV
AR09001,طَمْأَنَ,فعل,1378,11810,تخفيف الشكوك والمخاوف عند شخص,ءطمن,,,,,طَمْأَنَ,APPROVED,فَعْأَنَ,L2_017 haiku b31 | FLAGS: ROOT_NORMALIZED;WAZN_NOT_IN_INV
AR09003,وَقَفَ,فعل,1379,11814,كون على مستوى معين أو رتبة في التسلسل,وقف,فَعَلَ,roots-4662:وقف:المحكم — المعاني,roots-4662:وقف:مقاييس — المحور,roots-4662:وقف:الأساس — المجاز,وَقَفَ,APPROVED,,L2_017 haiku b31
AR09006,اتِّفَاق,مصدر,1380,12454;13779,ترتيب مفاوض ملزم قانونًا عادة,فقق,اِفْتِعَالٌ,roots-4662:فقق:المحكم — المعاني,roots-4662:فقق:مقاييس — المحور,,اتِّفَاق,APPROVED,,L2_017 haiku b31 | FLAGS: WAZN_LEMMA_MISMATCH
AR09008,اتِّفَاقِيَّة,اسم منسوب,1380,13896,اتفاق بين دول أقل رسمية من المعاهدة,فقق,اِفْتِعَالِيَّةٌ,roots-4662:فقق:المحكم — المعاني,roots-4662:فقق:مقاييس — المحور,,اتِّفَاقِيَّة,APPROVED,,L2_017 haiku b31 | FLAGS: WAZN_LEMMA_MISMATCH
AR09009,تَوَصَّلَ,فعل,1380,16255,التوصل إلى اتفاق أو اتخاذ مسار عمل,وصل,تَفَعَّلَ,roots-4662:وصل:المحكم — المعاني,roots-4662:وصل:مقاييس — المحور,,تَوَصَّلَ,APPROVED,,L2_017 haiku b31
AR09010,يَجِب,فعل,1381,11816;13052;13053;13054;13055;13067,أن يكون مطلوبًا بشدة لتجنب عواقب سلبية,وجب,فَعِلَ,roots-4662:وجب:المحكم — المعاني,roots-4662:وجب:مقاييس — المحور,roots-4662:وجب:الأساس — المجاز,يَجِب,APPROVED,,L2_017 haiku b31
AR09012,من الأفضل,تركيب,1381,12875;12876;14360,كان من الحكمة فعل شيء ما,,,,,,من الأفضل,APPROVED,,L2_017 haiku b31 | FLAGS: UNVOCALIZED
AR09013,سَوْف,ظرف,1381,17417,يدل على حدث ملزم أو محتوم,,,,,,سَوْف,APPROVED,,L2_017 haiku b31 | FLAGS: ROOT_MISSING;WAZN_MISSING
AR09015,فِكْرَة سَيِّئَة,تركيب,1383,11822,أن يكون مسار عمل غير مرغوب فيه,,,,,,فِكْرَة سَيِّئَة,APPROVED,,L2_017 haiku b31
AR09016,فِكْرَة جَيِّدَة,تركيب,1383,11823,أن يكون مسار عمل مرغوبًا فيه,,,,,,فِكْرَة جَيِّدَة,APPROVED,,L2_017 haiku b31
AR09017,يَجِب,فعل,1383,17415,أن يكون مطلوبًا بضرورة,وجب,فَعِلَ,roots-4662:وجب:المحكم — المعاني,roots-4662:وجب:مقاييس — المحور,roots-4662:وجب:الأساس — المجاز,يَجِب,APPROVED,,L2_017 haiku b31
AR09018,يُفْتَرَض,فعل,1383,17416,أن يكون مطلوبًا أو متوقعًا,فرض,,roots-4662:فرض:المحكم — المعاني,roots-4662:فرض:مقاييس — المحور,roots-4662:فرض:الأساس — المجاز,يُفْتَرَض,APPROVED,يُفْعَل,L2_017 haiku b31 | FLAGS: WAZN_LEMMA_MISMATCH;WAZN_NOT_IN_INV
AR09020,رَفَعَ المِرْسَاة,تركيب,1387,11827,رفع المرساة عند الاستعداد للإبحار,,,,,,رَفَعَ المِرْسَاة,APPROVED,,L2_017 haiku b31
AR09021,فَكَّ,فعل,1387,11828,تحرير القارب من تثبيته على الشاطئ,فكك,فَعَّلَ,roots-4662:فكك:المحكم — المعاني,roots-4662:فكك:مقاييس — المحور,roots-4662:فكك:الأساس — المجاز,فَكَّ,APPROVED,,L2_017 haiku b31 | FLAGS: WAZN_LEMMA_MISMATCH
AR09022,نَجَحَ,فعل,1388,11831,تحقيق الهدف أو المقصد,نجح,فَعَلَ,roots-4662:نجح:المحكم — المعاني,roots-4662:نجح:مقاييس — المحور,roots-4662:نجح:الأساس — المجاز,نَجَحَ,APPROVED,,L2_017 haiku b31
AR09023,أَفْلَحَ,فعل,1388,11831,تحقيق القصد والهدف,فلح,أَفْعَلَ,roots-4662:فلح:المحكم — المعاني,roots-4662:فلح:مقاييس — المحور,roots-4662:فلح:الأساس — المجاز,أَفْلَحَ,APPROVED,,L2_017 haiku b31
AR09024,فَشِلَ,فعل,1388,11832,عدم النجاح في تحقيق المسعى,فشل,فَعِلَ,roots-4662:فشل:المحكم — المعاني,roots-4662:فشل:مقاييس — النص,,فَشِلَ,APPROVED,,L2_017 haiku b31
AR09025,نَاجِح,اسم فاعل,1388,11833,الذي حقق الهدف أو المقصد,نجح,فَاعِلٌ,roots-4662:نجح:المحكم — المعاني,roots-4662:نجح:مقاييس — المحور,roots-4662:نجح:الأساس — المجاز,نَاجِح,APPROVED,,L2_017 haiku b31
AR09027,فَاشِل,اسم فاعل,1388,12150,الذي لم يحقق الهدف المطلوب,فشل,فَاعِلٌ,roots-4662:فشل:المحكم — المعاني,roots-4662:فشل:مقاييس — النص,,فَاشِل,APPROVED,,L2_017 haiku b31
AR09028,نَجَاح,مصدر,1388,12598,تحقيق الهدف أو المقصد,نجح,فَعَالٍ,roots-4662:نجح:المحكم — المعاني,roots-4662:نجح:مقاييس — المحور,roots-4662:نجح:الأساس — المجاز,نَجَاح,APPROVED,,L2_017 haiku b31
AR09030,فَاتَ,فعل,1388,13801,عدم حضور أو مشاهدة أو المشاركة في شيء,فوت,,roots-4662:فوت:المحكم — المعاني,roots-4662:فوت:مقاييس — المحور,,فَاتَ,APPROVED,فَاعَ,L2_017 haiku b31 | FLAGS: WAZN_NOT_IN_INV
AR09031,فَشَل,مصدر,1388,14564,مسعى لم ينجح,فشل,فَعَلٌ,roots-4662:فشل:المحكم — المعاني,roots-4662:فشل:مقاييس — النص,,فَشَل,APPROVED,,L2_017 haiku b31
AR09032,قُصُور,اسم جامد,1388,14959,قصور أو ضعف مميز,قصر,,roots-4662:قصر:المحكم — المعاني,roots-4662:قصر:مقاييس — المحور,roots-4662:قصر:الأساس — المجاز,قُصُور,APPROVED,فُعول,L2_017 haiku b31 | FLAGS: WAZN_NOT_IN_INV
AR09034,وَصَلَ,فعل,1388,17615,النجاح في تحقيق الهدف,وصل,فَعَلَ,roots-4662:وصل:المحكم — المعاني,roots-4662:وصل:مقاييس — المحور,,وَصَلَ,APPROVED,,L2_017 haiku b31
AR09035,نَجَحَ,فعل,1389,11834;11838,تحقيق الفعيلة للهدف المقصود,نجح,فَعَلَ,roots-4662:نجح:المحكم — المعاني,roots-4662:نجح:مقاييس — المحور,roots-4662:نجح:الأساس — المجاز,نَجَحَ,APPROVED,,L2_017 haiku b31
AR09038,نَاجِح,اسم فاعل,1389,11837,تحقيق الهدف المقصود,نجح,فَاعِلٌ,roots-4662:نجح:المحكم — المعاني,roots-4662:نجح:مقاييس — المحور,roots-4662:نجح:الأساس — المجاز,نَاجِح,APPROVED,,L2_017 haiku b31
AR09039,فَشِلَ,فعل,1389,11858;15525,استخدام دون نجاح في تحقيق الهدف,فشل,فَعِلَ,roots-4662:فشل:المحكم — المعاني,roots-4662:فشل:مقاييس — النص,,فَشِلَ,APPROVED,,L2_017 haiku b31
AR09040,فَاشِل,اسم فاعل,1389,12151;14961,عدم تحقيق الهدف,فشل,فَاعِلٌ,roots-4662:فشل:المحكم — المعاني,roots-4662:فشل:مقاييس — النص,,فَاشِل,APPROVED,,L2_017 haiku b31
AR09042,نَجَاح,مصدر,1389,16024,تحقيق الهدف أو المقصد,نجح,فَعَالٍ,roots-4662:نجح:المحكم — المعاني,roots-4662:نجح:مقاييس — المحور,roots-4662:نجح:الأساس — المجاز,نَجَاح,APPROVED,,L2_017 haiku b31
AR09043,كَفَى,فعل,1389,16228,أن يكون كافيًا لتلبية المتطلبات,كفي,فَعَلَ,roots-4662:كفي:المحكم — المعاني,,,كَفَى,APPROVED,,L2_017 haiku b31
AR09044,فَصَلَ,فعل,1390,11840;17528,فك شيء وإزالته,فصل,فَعَلَ,roots-4662:فصل:المحكم — المعاني,roots-4662:فصل:مقاييس — النص,,فَصَلَ,APPROVED,,L2_017 haiku b31
AR09045,فَكَّ,فعل,1390,11840;11841;11842;11844;11845;17529,فصل شيء عن آخر,فكك,فَعَّلَ,roots-4662:فكك:المحكم — المعاني,roots-4662:فكك:مقاييس — المحور,roots-4662:فكك:الأساس — المجاز,فَكَّ,APPROVED,,L2_017 haiku b31 | FLAGS: WAZN_LEMMA_MISMATCH
AR09046,فَتَحَ,فعل,1390,11843;17672,فتح إغلاق الشيء؛ فك ربطه,فتح,فَعَلَ,roots-4662:فتح:المحكم — المعاني,roots-4662:فتح:مقاييس — المحور,roots-4662:فتح:الأساس — المجاز,فَتَحَ,APPROVED,,L2_017 haiku b31
AR09048,اِنْفَصَلَ,فعل,1391,13072;13413;13414;14872,التوقف عن الارتباط,فصل,اِنْفَعَلَ,roots-4662:فصل:المحكم — المعاني,roots-4662:فصل:مقاييس — النص,,اِنْفَصَلَ,APPROVED,,L2_017 haiku b31
AR09049,تَقْدِير,مصدر,1400,11890,الاحترام والتقدير,قدر,تَفْعِيلٌ,roots-4662:قدر:المحكم — المعاني,roots-4662:قدر:مقاييس — المحور,roots-4662:قدر:الأساس — المجاز,تَقْدِير,APPROVED,,L2_017 haiku b31
AR09053,رَأْي,اسم جامد,1400,12740,تقدير الجودة أو القيمة,رءي,فَعْلٌ,roots-4662:رءي:المحكم — المعاني,roots-4662:رءي:مقاييس — المحور,roots-4662:رءي:الأساس — المجاز,رَأْي,APPROVED,,L2_017 haiku b31
AR09054,قَدَّرَ,فعل,1400,12865,الاعتراف بالقيمة أو الأهمية,قدر,فَعَّلَ,roots-4662:قدر:المحكم — المعاني,roots-4662:قدر:مقاييس — المحور,roots-4662:قدر:الأساس — المجاز,قَدَّرَ,APPROVED,,L2_017 haiku b31
AR09056,وَجَدَ,فعل,1400,16605,أن يكون لديك رأي معين عن شخص أو شيء,وجد,فَعَلَ,roots-4662:وجد:المحكم — المعاني,roots-4662:وجد:مقاييس — المحور,roots-4662:وجد:الأساس — المجاز,وَجَدَ,APPROVED,,L2_017 haiku b31
AR09057,مُنْفَصِل,اسم مفعول,1411,11925,منفصل أو غير متصل,فصل,مُنْفَعِلٌ,roots-4662:فصل:المحكم — المعاني,roots-4662:فصل:مقاييس — النص,,مُنْفَصِل,APPROVED,,L2_017 haiku b31
AR09058,مُنْقَطِع,اسم مفعول,1411,11926,بدون اتصال ب,قطع,مُنْفَعِلٌ,roots-4662:قطع:المحكم — المعاني,roots-4662:قطع:مقاييس — المحور,roots-4662:قطع:الأساس — المجاز,مُنْقَطِع,APPROVED,,L2_017 haiku b31
AR09059,مُرْسَل,اسم مفعول,1411,11927,غير مربوط أو معقود,رسل,مُفْعَلٌ,roots-4662:رسل:المحكم — المعاني,roots-4662:رسل:مقاييس — المحور,roots-4662:رسل:الأساس — المجاز,مُرْسَل,APPROVED,,L2_017 haiku b31
AR09060,غَيْر مَلْحُوم,تركيب,1411,11928,غير ملتحم بشيء آخر,,,,,,غَيْر مَلْحُوم,APPROVED,,L2_017 haiku b31
AR09061,غَيْر مُرْسَاة,تركيب,1411,11929,قارب غير معقود للشاطئ أو المرساة,,,,,,غَيْر مُرْسَاة,APPROVED,,L2_017 haiku b31
AR09062,غَيْر مُرْتَبِط,تركيب,1411,12844,غير مرتبط أو ملتصق,,,,,,غَيْر مُرْتَبِط,APPROVED,,L2_017 haiku b31
AR09063,رَأْي,اسم جامد,1412,11956;16497,وجهة نظر أو حكم لا يقوم على حقيقة بالضرورة,رءي,فَعْلٌ,roots-4662:رءي:المحكم — المعاني,roots-4662:رءي:مقاييس — المحور,roots-4662:رءي:الأساس — المجاز,رَأْي,APPROVED,,L2_017 haiku b31
AR09064,وِجْهَة نَظَر,تركيب,1412,11957;11958,طريقة معينة للنظر إلى الأمر؛ موقف أو رأي,,,,,,وِجْهَة نَظَر,APPROVED,,L2_017 haiku b31
AR09067,يَتَوَقَّع,فعل,1412,13238,الافتراض أو الاعتقاد بأن شيئًا صحيح,وقع,,roots-4662:وقع:المحكم — المعاني,roots-4662:وقع:مقاييس — المحور,roots-4662:وقع:الأساس — المجاز,يَتَوَقَّع,APPROVED,يَتَفَعَّل,L2_017 haiku b31 | FLAGS: WAZN_NOT_IN_INV
AR09069,افْتَرَضَ,فعل,1412,13303,الاعتقاد أو الافتراض بأن شيئًا ما صحيح أو محتمل,فرض,اِفْتَعَلَ,roots-4662:فرض:المحكم — المعاني,roots-4662:فرض:مقاييس — المحور,roots-4662:فرض:الأساس — المجاز,افْتَرَضَ,APPROVED,,L2_017 haiku b31
AR09076,قَامَ,فعل,1413,11986,الاستعادة للحياة,قوم,,roots-4662:قوم:المحكم — المعاني,roots-4662:قوم:مقاييس — المحور,roots-4662:قوم:الأساس — المجاز,قَامَ,APPROVED,فَاعَ,L2_017 haiku b31 | FLAGS: WAZN_NOT_IN_INV
AR09078,نَهَضَ,فعل,1420,11980;11981,الاستيقاظ من النوم والنهوض من السرير,نهض,فَعَلَ,roots-4662:نهض:المحكم — المعاني,roots-4662:نهض:مقاييس — المحور,roots-4662:نهض:الأساس — المجاز,نَهَضَ,APPROVED,,L2_017 haiku b31
AR09079,اِرْتَفَعَ,فعل,1421,11982,أن تنتفخ العجين بسبب الخميرة,رفع,اِفْتَعَلَ,roots-4662:رفع:المحكم — المعاني,roots-4662:رفع:مقاييس — المحور,roots-4662:رفع:الأساس — المجاز,اِرْتَفَعَ,APPROVED,,L2_017 haiku b31
AR09080,اِخْتَمَرَ,فعل,1421,11983,أن تصبح عجينة الخبز منتفخة بفعل الخميرة,خمر,اِفْتَعَلَ,roots-4662:خمر:المحكم — المعاني,roots-4662:خمر:مقاييس — المحور,roots-4662:خمر:الأساس — المجاز,اِخْتَمَرَ,APPROVED,,L2_017 haiku b31
AR09083,كَافٍ,اسم فاعل,1440,12032,مؤهل أو قادر على التعامل مع التحدي,كفي,فَاعِلٌ,roots-4662:كفي:المحكم — المعاني,,,كَافٍ,APPROVED,,L2_017 haiku b31
AR09084,قَادِر,اسم فاعل,1440,12033,قادر على القيام بنشاط صعب,قدر,فَاعِلٌ,roots-4662:قدر:المحكم — المعاني,roots-4662:قدر:مقاييس — المحور,roots-4662:قدر:الأساس — المجاز,قَادِر,APPROVED,,L2_017 haiku b31
AR09085,أَهْل,صفة مشبهة,1440,12033,مؤهل للقيام بنشاط معين,ءهل,فَعْلٌ,v21:أهل:المحكم — المعاني,v21:أهل:مقاييس — المحور,,أَهْل,APPROVED,,L2_017 haiku b31 | FLAGS: ROOT_NORMALIZED
AR09086,مُسَاوٍ,اسم مفعول,1440,12036,الذي لديه القدرة أو الموارد لمواجهة التحدي,ساوي,مُفَاعِلٌ,,,,مُسَاوٍ,APPROVED,,L2_017 haiku b31 | FLAGS: ROOT_ALIF
AR09087,ارْتَقَى,فعل,1441,12034;12035,الاستجابة بشرف لموقف صعب,رقي,اِفْتَعَلَ,roots-4662:رقي:المحكم — المعاني,roots-4662:رقي:مقاييس — النص,roots-4662:رقي:الأساس — المجاز,ارْتَقَى,APPROVED,,L2_017 haiku b31
AR09090,مُلْفِت,اسم فاعل,1460,12127,جاذب للانتباه أو الانتظار,لفت,مُفْعِلٌ,roots-4662:لفت:المحكم — المعاني,roots-4662:لفت:مقاييس — المحور,roots-4662:لفت:الأساس — المجاز,مُلْفِت,APPROVED,,L2_017 haiku b31
AR09093,هَادِئ,اسم فاعل,1460,15392,غير براق أو ملفت أو مثير,هدي,فَاعِلٌ,roots-4662:هدي:المحكم — المعاني,roots-4662:هدي:مقاييس — النص,roots-4662:هدي:الأساس — المجاز,هَادِئ,APPROVED,,L2_017 haiku b31
AR09094,ضِمْن,حرف,1461,12138,ليس أبعد من مسافة معينة,,,,,,ضِمْن,APPROVED,,L2_017 haiku b31
AR09097,تَفْسِير,مصدر,1462,12141,حقيقة تجعل حالة ما مفهومة,فسر,تَفْعِيلٌ,roots-4662:فسر:المحكم — المعاني,roots-4662:فسر:مقاييس — المحور,,تَفْسِير,APPROVED,,L2_017 haiku b31
AR09099,لاحِق,اسم فاعل,1470,12153,الجزء المتأخر من فترة ما,لحق,فَاعِلٌ,roots-4662:لحق:المحكم — المعاني,roots-4662:لحق:مقاييس — المحور,roots-4662:لحق:الأساس — المجاز,لاحِق,APPROVED,,L2_017 haiku b31
AR09100,وَسَط,اسم جامد,1470,12154,نقطة أو موضع أوسط,وسط,فَعْلٌ,roots-4662:وسط:المحكم — المعاني,roots-4662:وسط:مقاييس — المحور,roots-4662:وسط:الأساس — المجاز,وَسَط,APPROVED,,L2_017 haiku b31
AR09101,أَوْسَط,صفة مشبهة,1470,12155;12158,جزء من فترة زمنية أكبر يتناقض مع الأجزاء السابقة واللاحقة,وسط,أَفْعَلُ,roots-4662:وسط:المحكم — المعاني,roots-4662:وسط:مقاييس — المحور,roots-4662:وسط:الأساس — المجاز,أَوْسَط,APPROVED,,L2_017 haiku b31
AR09103,أَقْدَم,صفة مشبهة,1470,12157,الجزء المبكر من فترة ما,قدم,أَفْعَلُ,roots-4662:قدم:المحكم — المعاني,roots-4662:قدم:مقاييس — المحور,roots-4662:قدم:الأساس — المجاز,أَقْدَم,APPROVED,,L2_017 haiku b31
AR09104,نِهَايَة,اسم جامد,1470,12871,الجزء النهائي من شيء ما,نهي,فِعَالَةٌ,roots-4662:نهي:المحكم — المعاني,roots-4662:نهي:مقاييس — المحور,roots-4662:نهي:الأساس — المجاز,نِهَايَة,APPROVED,,L2_017 haiku b31
AR09105,بِدَايَة,اسم جامد,1470,12872;13139;13190,الجزء الأول من شيء ما,بدي,فِعَالَةٌ,v21:بدي:المحكم — المعاني,,,بِدَايَة,APPROVED,,L2_017 haiku b31
AR09106,فَجْر,اسم جامد,1470,13979,البداية أو الظهور الأول لشيء ما,فجر,فَعْلٌ,roots-4662:فجر:المحكم — المعاني,roots-4662:فجر:مقاييس — المحور,roots-4662:فجر:الأساس — المجاز,فَجْر,APPROVED,,L2_017 haiku b31
AR09107,انْقِلاب,مصدر,1470,14660,النقطة التي ينتهي فيها قرن ويبدأ القرن التالي,قلب,اِنْفِعَالٌ,roots-4662:قلب:المحكم — المعاني,roots-4662:قلب:مقاييس — المحور,roots-4662:قلب:الأساس — المجاز,انْقِلاب,APPROVED,,L2_017 haiku b31
AR09108,سَعَى,فعل,1480,12161,اتخاذ خطوات نحو الحصول على كيان أو تحقيق حالة,سعي,,roots-4662:سعي:المحكم — المعاني,,roots-4662:سعي:الأساس — المجاز,سَعَى,APPROVED,فَاعَ,L2_017 haiku b31 | FLAGS: WAZN_NOT_IN_INV
AR09109,اِسْتَهْدَفَ,فعل,1480,13416,السعي إلى تحقيق هدف,هدف,اِسْتَفْعَلَ,roots-4662:هدف:المحكم — المعاني,roots-4662:هدف:مقاييس — المحور,roots-4662:هدف:الأساس — المجاز,اِسْتَهْدَفَ,APPROVED,,L2_017 haiku b31
AR09110,سِعَايَة,مصدر,1480,13778,فعل المطاردة أو السعي,سعي,فِعَالَةٌ,roots-4662:سعي:المحكم — المعاني,,roots-4662:سعي:الأساس — المجاز,سِعَايَة,APPROVED,,L2_017 haiku b31
AR09111,بُنْيَة تَحْتِيَّة,تركيب,1481,12168,المرافق الأساسية اللازمة لتشغيل النظام,,,,,,بُنْيَة تَحْتِيَّة,APPROVED,,L2_017 haiku b31
AR09112,قَاعِدَة,اسم جامد,1481,12206,نظام يسمح بنشاط معين,قعد,فَاعِلَةٌ,roots-4662:قعد:المحكم — المعاني,roots-4662:قعد:مقاييس — المحور,roots-4662:قعد:الأساس — المجاز,قَاعِدَة,APPROVED,,L2_017 haiku b31
AR09113,تَكَتَّلَ,فعل,1482,12173,تجميع كمية أو عدد بمرور الوقت,كتل,تَفَعَّلَ,roots-4662:كتل:المحكم — المعاني,roots-4662:كتل:مقاييس — المحور,,تَكَتَّلَ,APPROVED,,L2_017 haiku b31
AR09115,خَزَّنَ,فعل,1482,12175,تجميع مخزون كبير,خزن,فَعَّلَ,roots-4662:خزن:المحكم — المعاني,roots-4662:خزن:مقاييس — المحور,roots-4662:خزن:الأساس — المجاز,خَزَّنَ,APPROVED,,L2_017 haiku b31
AR09116,كَنَزَ,فعل,1482,15640,تجميع وإخفاء أو تخزين,كنز,فَعَلَ,roots-4662:كنز:المحكم — المعاني,roots-4662:كنز:مقاييس — المحور,roots-4662:كنز:الأساس — المجاز,كَنَزَ,APPROVED,,L2_017 haiku b31
AR09119,دَاخِلِيّ,اسم منسوب,1483,12181,موجود أو حادث ضمن دولة,دخل,فَاعِلِيٌّ,roots-4662:دخل:المحكم — المعاني,roots-4662:دخل:مقاييس — المحور,,دَاخِلِيّ,APPROVED,,L2_017 haiku b31
AR09120,دُولِيّ,اسم منسوب,1483,12420,متعدد الدول خاصة باستثناء الدولة الحالية,دول,فُعُولِيٌّ,roots-4662:دول:المحكم — المعاني,roots-4662:دول:مقاييس — المحور,,دُولِيّ,APPROVED,,L2_017 haiku b31
AR09121,وَطَن,اسم جامد,1483,13146;13354,دولة الفرد الخاصة,وطن,فَعْلٌ,roots-4662:وطن:المحكم — المعاني,roots-4662:وطن:مقاييس — النص,roots-4662:وطن:الأساس — المجاز,وَطَن,APPROVED,,L2_017 haiku b31
AR09122,شَاطِئ,اسم جامد,1490,12190,الأرض على حافة البحر أو البحيرة,شطي,فَاعِلٌ,v21:شطي:المحكم — المعاني,,,شَاطِئ,APPROVED,,L2_017 haiku b31
AR09123,سَاحِل,اسم جامد,1490,12191;12194,الجزء من الأرض المجاور أو القريب من البحر,سحل,فَاعِلٌ,roots-4662:سحل:المحكم — المعاني,roots-4662:سحل:مقاييس — المحور,roots-4662:سحل:الأساس — المجاز,سَاحِل,APPROVED,,L2_017 haiku b31
AR09124,دَلْتَا,اسم جامد,1490,12192,منطقة مثلثة من الرسوبيات في مصب النهر,,,,,,دَلْتَا,APPROVED,,L2_017 haiku b31 | دخيل | FLAGS: ROOT_MISSING;WAZN_MISSING
AR09127,مَنْبَع,اسم جامد,1490,12196,ينبوع أو مصدر النهر أو التيار,نبع,مَفْعَلٌ,roots-4662:نبع:المحكم — المعاني,roots-4662:نبع:مقاييس — المحور,roots-4662:نبع:الأساس — المجاز,مَنْبَع,APPROVED,,L2_017 haiku b31
AR09128,قِمَّة,اسم جامد,1490,12197,أعلى نقطة من تل أو جبل,قمم,فِعْلَةٌ,roots-4662:قمم:المحكم — المعاني,roots-4662:قمم:مقاييس — المحور,roots-4662:قمم:الأساس — المجاز,قِمَّة,APPROVED,,L2_017 haiku b31 | FLAGS: WAZN_LEMMA_MISMATCH
AR09129,ذِرْوَة,اسم جامد,1490,12198,القمة المدببة للجبل,ذري,فِعْلَةٌ,roots-4662:ذري:المحكم — المعاني,,roots-4662:ذري:الأساس — المجاز,ذِرْوَة,APPROVED,,L2_017 haiku b31
AR09130,سِفْح,اسم جامد,1490,12199,تل منخفض في قاعدة سلسلة جبال,سفح,فِعْلٌ,roots-4662:سفح:المحكم — المعاني,roots-4662:سفح:مقاييس — المحور,roots-4662:سفح:الأساس — المجاز,سِفْح,APPROVED,,L2_017 haiku b31
AR09131,خَطّ السَّاحِل,تركيب,1490,14664,المكان الذي يلتقي فيه ساحل جسم ماء وكتلة أرضية,,,,,,خَطّ السَّاحِل,APPROVED,,L2_017 haiku b31
AR09133,يَسْتَلْزِم,فعل,1491,12202,طلب تحقيق شرط تمكيني,لزم,,roots-4662:لزم:المحكم — المعاني,roots-4662:لزم:مقاييس — المحور,roots-4662:لزم:الأساس — المجاز,يَسْتَلْزِم,APPROVED,يَسْتَفْعِل,L2_017 haiku b31 | FLAGS: WAZN_NOT_IN_INV
AR09135,ألزَمَ,فعل,1494,12207;12208;18651,جعل شخصاً ملزماً بعقد أو قانون,لزم,أَفْعَلَ,roots-4662:لزم:المحكم — المعاني,roots-4662:لزم:مقاييس — المحور,roots-4662:لزم:الأساس — المجاز,ألزَمَ,APPROVED,,L2_017 haiku b32 | FLAGS: ROOT_NORMALIZED
AR09136,الْتَزَمَ,فعل,1494,12209,تعهد بالقيام بشيء معين,لزم,اِفْتَعَلَ,roots-4662:لزم:المحكم — المعاني,roots-4662:لزم:مقاييس — المحور,roots-4662:لزم:الأساس — المجاز,الْتَزَمَ,APPROVED,,L2_017 haiku b32 | FLAGS: ROOT_NORMALIZED
AR09138,أوجَبَ,فعل,1494,12643,حتَّم شيئاً على شخص,وجب,أَفْعَلَ,roots-4662:وجب:المحكم — المعاني,roots-4662:وجب:مقاييس — المحور,roots-4662:وجب:الأساس — المجاز,أوجَبَ,APPROVED,,L2_017 haiku b32 | FLAGS: ROOT_NORMALIZED
AR09139,كلَّفَ,فعل,1494,13587,أنيط به مهمة أو واجب,كلف,فَعَّلَ,roots-4662:كلف:المحكم — المعاني,roots-4662:كلف:مقاييس — المحور,,كلَّفَ,APPROVED,,L2_017 haiku b32 | FLAGS: ROOT_NORMALIZED
AR09140,واجِب,صفة مشبهة,1494,13588,التزام يُفرَض على شخص,وجب,فَاعِلٌ,roots-4662:وجب:المحكم — المعاني,roots-4662:وجب:مقاييس — المحور,roots-4662:وجب:الأساس — المجاز,واجِب,APPROVED,,L2_017 haiku b32 | FLAGS: ROOT_NORMALIZED
AR09142,أدارَ,فعل,1495,13844,تولى إدارة شيء وتنظيمه,دور,أَفْعَلَ,roots-4662:دور:المحكم — المعاني,roots-4662:دور:مقاييس — المحور,,أدارَ,APPROVED,,L2_017 haiku b32 | FLAGS: ROOT_NORMALIZED
AR09143,اتَّفَقَ,فعل,1496,12256;12257,تشابه الآراء بين شخصين أو أكثر,وفق,اِفْتَعَلَ,roots-4662:وفق:المحكم — المعاني,roots-4662:وفق:مقاييس — المحور,,اتَّفَقَ,APPROVED,,L2_017 haiku b32 | FLAGS: ROOT_NORMALIZED
AR09144,وافَقَ,فعل,1496,13421,اتفق مع آخرين في الرأي,وفق,فَاعَلَ,roots-4662:وفق:المحكم — المعاني,roots-4662:وفق:مقاييس — المحور,,وافَقَ,APPROVED,,L2_017 haiku b32 | FLAGS: ROOT_NORMALIZED
AR09145,اتِّفاق,مصدر,1496,13442,تطابق الآراء والمشاعر بين أشخاص,وفق,اِفْتِعَالٌ,roots-4662:وفق:المحكم — المعاني,roots-4662:وفق:مقاييس — المحور,,اتِّفاق,APPROVED,,L2_017 haiku b32 | FLAGS: ROOT_NORMALIZED
AR09146,تراجَعَ,فعل,1497,12217,ترك النية القاسية أو تخفيفها,رجع,تَفَاعَلَ,roots-4662:رجع:المحكم — المعاني,roots-4662:رجع:مقاييس — المحور,roots-4662:رجع:الأساس — المجاز,تراجَعَ,APPROVED,,L2_017 haiku b32 | FLAGS: ROOT_NORMALIZED
AR09147,أذعَنَ,فعل,1497,12218,قبل أو وافق على شيء دون اعتراض,ذعن,أَفْعَلَ,roots-4662:ذعن:المحكم — المعاني,roots-4662:ذعن:مقاييس — المحور,,أذعَنَ,APPROVED,,L2_017 haiku b32 | FLAGS: ROOT_NORMALIZED
AR09148,استسلَمَ,فعل,1497,12219;12230;12240;16553;18443;18444,انحناء لطلب أو ضغط,سلم,اِسْتَفْعَلَ,roots-4662:سلم:المحكم — المعاني,roots-4662:سلم:مقاييس — المحور,roots-4662:سلم:الأساس — المجاز,استسلَمَ,APPROVED,,L2_017 haiku b32 | FLAGS: ROOT_NORMALIZED
AR09149,انهارَ,فعل,1497,12220,توقف المقاومة فجأة,هور,اِنْفَعَلَ,roots-4662:هور:المحكم — المعاني,roots-4662:هور:مقاييس — المحور,roots-4662:هور:الأساس — المجاز,انهارَ,APPROVED,,L2_017 haiku b32 | FLAGS: ROOT_NORMALIZED
AR09150,انحناى,فعل,1497,12232,استجاب للطلب والضغط,نحي,اِنْفَعَلَ,roots-4662:نحي:المحكم — المعاني,roots-4662:نحي:مقاييس — النص,,انحناى,APPROVED,,L2_017 haiku b32 | FLAGS: ROOT_NORMALIZED;UNVOCALIZED
AR09151,استسلَمَ,فعل,1500,12241,تنازل عن شيء تحت الإجبار,سلم,اِسْتَفْعَلَ,roots-4662:سلم:المحكم — المعاني,roots-4662:سلم:مقاييس — المحور,roots-4662:سلم:الأساس — المجاز,استسلَمَ,APPROVED,,L2_017 haiku b32 | FLAGS: ROOT_NORMALIZED
AR09152,تنازَلَ,فعل,1500,12242;13151;14699,ترك ملكية شيء طوعياً,نزل,تَفَاعَلَ,roots-4662:نزل:المحكم — المعاني,roots-4662:نزل:مقاييس — النص,roots-4662:نزل:الأساس — المجاز,تنازَلَ,APPROVED,,L2_017 haiku b32 | FLAGS: ROOT_NORMALIZED
AR09153,نافِذ,اسم جامد,1510,12258,القانون أو السياسة التي تسري وتطبق,نفذ,فَاعِلٌ,roots-4662:نفذ:المحكم — المعاني,roots-4662:نفذ:مقاييس — المحور,roots-4662:نفذ:الأساس — المجاز,نافِذ,APPROVED,,L2_017 haiku b32 | POS ← L2_018 | FLAGS: ROOT_NORMALIZED
AR09154,نُفوذ,اسم جامد,1510,12260;12261,حالة كون الشيء سارياً ونافذاً,نفذ,,roots-4662:نفذ:المحكم — المعاني,roots-4662:نفذ:مقاييس — المحور,roots-4662:نفذ:الأساس — المجاز,نُفوذ,APPROVED,فُعول,L2_017 haiku b32 | FLAGS: ROOT_NORMALIZED;WAZN_NOT_IN_INV
AR09156,باطِل,صفة مشبهة,1510,12263;12842,بلا صلاحية قانونية,بطل,فَاعِلٌ,v21:بطل:المحكم — المعاني,v21:بطل:مقاييس — المحور,,باطِل,APPROVED,,L2_017 haiku b32 | FLAGS: ROOT_NORMALIZED
AR09157,ملزِم,اسم فاعل,1510,13057,ملزم قانوناً خاصة للعقود,لزم,مُفْعِلٌ,roots-4662:لزم:المحكم — المعاني,roots-4662:لزم:مقاييس — المحور,roots-4662:لزم:الأساس — المجاز,ملزِم,APPROVED,,L2_017 haiku b32 | FLAGS: ROOT_NORMALIZED
AR09158,مَخزُون,اسم مفعول,1511,12264;12265;12268,كمية محفوظة للاستعمال المستقبلي,خزن,,roots-4662:خزن:المحكم — المعاني,roots-4662:خزن:مقاييس — المحور,roots-4662:خزن:الأساس — المجاز,مَخزُون,APPROVED,مَفْعول,L2_017 haiku b32 | FLAGS: ROOT_NORMALIZED;WAZN_NOT_IN_INV
AR09159,رَصيد,اسم جامد,1511,12266,كمية كبيرة من السلع المجمعة,رصد,فَعِيلٌ,roots-4662:رصد:المحكم — المعاني,roots-4662:رصد:مقاييس — المحور,roots-4662:رصد:الأساس — المجاز,رَصيد,APPROVED,,L2_017 haiku b32 | FLAGS: ROOT_NORMALIZED
AR09160,إمْداد,اسم جامد,1511,12267,كمية مِن المورد المتاح للاستعمال,مدد,إِفْعَالٌ,roots-4662:مدد:المحكم — المعاني,roots-4662:مدد:مقاييس — المحور,roots-4662:مدد:الأساس — المجاز,إمْداد,APPROVED,,L2_017 haiku b32 | FLAGS: ROOT_NORMALIZED
AR09161,احْتِياطِي,صفة مشبهة,1511,12269,كمية مُحتفَظ بها كمورد,حطي,,,,,احْتِياطِي,APPROVED,اِفْتِعالي,L2_017 haiku b32 | FLAGS: ROOT_NORMALIZED;WAZN_NOT_IN_INV
AR09164,خاطِئ,صفة مشبهة,1512,12271;12272,غير متوافق مع الحقائق,خطء,فَاعِلٌ,roots-4662:خطء:المحكم — المعاني,roots-4662:خطء:مقاييس — المحور,roots-4662:خطء:الأساس — المجاز,خاطِئ,APPROVED,,L2_017 haiku b32 | FLAGS: ROOT_NORMALIZED
AR09165,دقيق,صفة مشبهة,1512,12274;13268,صحيح في كل التفاصيل,دقق,فَعِيلٌ,roots-4662:دقق:المحكم — المعاني,roots-4662:دقق:مقاييس — المحور,roots-4662:دقق:الأساس — المجاز,دقيق,APPROVED,,L2_017 haiku b32 | FLAGS: ROOT_NORMALIZED;UNVOCALIZED
AR09167,قدَّرَ,فعل,1513,12288;17647,وضع تقدير تقريبي لشيء,قدر,فَعَّلَ,roots-4662:قدر:المحكم — المعاني,roots-4662:قدر:مقاييس — المحور,roots-4662:قدر:الأساس — المجاز,قدَّرَ,APPROVED,,L2_017 haiku b32 | FLAGS: ROOT_NORMALIZED
AR09168,تقْدير,مصدر,1513,12289,عملية تخمين القيمة التقريبية,قدر,,roots-4662:قدر:المحكم — المعاني,roots-4662:قدر:مقاييس — المحور,roots-4662:قدر:الأساس — المجاز,تقْدير,APPROVED,تَفْعيل,L2_017 haiku b32 | FLAGS: ROOT_NORMALIZED;WAZN_NOT_IN_INV
AR09169,خمَّنَ,فعل,1513,13464,تقدير شيء بدون معلومات كافية,خمن,فَعَّلَ,roots-4662:خمن:المحكم — المعاني,,,خمَّنَ,APPROVED,,L2_017 haiku b32 | FLAGS: ROOT_NORMALIZED
AR09171,قوّة,اسم جامد,1514,12283,جسم منظم من العسكريين,قوة,فُعْلَةٌ,,,,قوّة,APPROVED,,L2_017 haiku b32 | FLAGS: ROOT_NORMALIZED
AR09173,قوّة جوّيّة,تركيب,1514,12285,فرع من القوات يتعلق بالقتال الجوي,,,,,,قوّة جوّيّة,APPROVED,,L2_017 haiku b32
AR09175,قوّات مسلَّحة,تركيب,1514,12290,الجيش والبحرية والقوات الجوية,,,,,,قوّات مسلَّحة,APPROVED,,L2_017 haiku b32
AR09176,عسكَرِيّ,اسم منسوب,1514,12390,متعلق بالعسكريين أو الجيش,عسكر,فَعْلِيٌّ,,,,عسكَرِيّ,APPROVED,,L2_017 haiku b32 | FLAGS: ROOT_NORMALIZED
AR09177,قوّات عسكَرِيّة,تركيب,1514,12720,الجيش والبحرية الخ من الأمة,,,,,,قوّات عسكَرِيّة,APPROVED,,L2_017 haiku b32
AR09178,ميليشيا,اسم جامد,1514,16630,قوة عسكرية من المدنيين,ملش,,roots-4662:ملش:المحكم — المعاني,,,ميليشيا,APPROVED,فِعْلِيا,L2_017 haiku b32 | FLAGS: ROOT_NORMALIZED;UNVOCALIZED;WAZN_NOT_IN_INV
AR09179,الحرس الوطنيّ,تركيب,1514,17215,فرع شبه عسكري من الاحتياط,,,,,,الحرس الوطنيّ,APPROVED,,L2_017 haiku b32
AR09180,مشاة البحرية,تركيب,1514,17251,قوات مدربة بحرية وبرية,,,,,,مشاة البحرية,APPROVED,,L2_017 haiku b32 | FLAGS: UNVOCALIZED
AR09181,خفر السواحل,تركيب,1514,17252,جهاز حراسة السواحل والمياه,,,,,,خفر السواحل,APPROVED,,L2_017 haiku b32 | FLAGS: UNVOCALIZED
AR09182,تقْدير,مصدر,1516,12291;12292,حساب تقريبي أو حكم,قدر,,roots-4662:قدر:المحكم — المعاني,roots-4662:قدر:مقاييس — المحور,roots-4662:قدر:الأساس — المجاز,تقْدير,APPROVED,تَفْعيل,L2_017 haiku b32 | FLAGS: ROOT_NORMALIZED;WAZN_NOT_IN_INV
AR09183,رقْم تقْرِيبِيّ,تركيب,1516,12374,قيمة تقريبية وليست دقيقة,,,,,,رقْم تقْرِيبِيّ,APPROVED,,L2_017 haiku b32
AR09184,انسحَبَ,فعل,1518,12297;12346,توقف المشاركة في نشاط أو تنظيم,سحب,اِنْفَعَلَ,roots-4662:سحب:المحكم — المعاني,roots-4662:سحب:مقاييس — المحور,roots-4662:سحب:الأساس — المجاز,انسحَبَ,APPROVED,,L2_017 haiku b32 | FLAGS: ROOT_NORMALIZED
AR09185,انسِحاب,مصدر,1518,12298;12348,فعل التوقف عن المشاركة,سحب,اِنْفِعَالٌ,roots-4662:سحب:المحكم — المعاني,roots-4662:سحب:مقاييس — المحور,roots-4662:سحب:الأساس — المجاز,انسِحاب,APPROVED,,L2_017 haiku b32 | FLAGS: ROOT_NORMALIZED
AR09187,أنجَزَ,فعل,1519,12305,تحقيق أو إكمال شيء بنجاح,نجز,أَفْعَلَ,roots-4662:نجز:المحكم — المعاني,roots-4662:نجز:مقاييس — المحور,,أنجَزَ,APPROVED,,L2_017 haiku b32 | FLAGS: ROOT_NORMALIZED
AR09189,إنْجاز,مصدر,1519,12307,شيء تم إنجازه بنجاح,نجز,إِفْعَالٌ,roots-4662:نجز:المحكم — المعاني,roots-4662:نجز:مقاييس — المحور,,إنْجاز,APPROVED,,L2_017 haiku b32 | FLAGS: ROOT_NORMALIZED
AR09190,إنجاز,مصدر,1519,13220,شيء تم تحقيقه بنجاح,نجز,إِفْعَالٌ,roots-4662:نجز:المحكم — المعاني,roots-4662:نجز:مقاييس — المحور,,إنجاز,APPROVED,,L2_017 haiku b32 | FLAGS: ROOT_NORMALIZED;UNVOCALIZED
AR09191,سبَّبَ,فعل,1519,13221;17292,تسبب في تحقيق المقصد,سبب,فَعَّلَ,roots-4662:سبب:المحكم — المعاني,roots-4662:سبب:مقاييس — النص,roots-4662:سبب:الأساس — المجاز,سبَّبَ,APPROVED,,L2_017 haiku b32 | FLAGS: ROOT_NORMALIZED
AR09192,قدَّمَ,فعل,1521,12300,عرض اقتراح أو طلب للنظر فيه,قدم,فَعَّلَ,roots-4662:قدم:المحكم — المعاني,roots-4662:قدم:مقاييس — المحور,roots-4662:قدم:الأساس — المجاز,قدَّمَ,APPROVED,,L2_017 haiku b32 | FLAGS: ROOT_NORMALIZED
AR09193,تقْديم,مصدر,1521,12301,فعل عرض الاقتراح للنظر,قدم,,roots-4662:قدم:المحكم — المعاني,roots-4662:قدم:مقاييس — المحور,roots-4662:قدم:الأساس — المجاز,تقْديم,APPROVED,تَفْعيل,L2_017 haiku b32 | FLAGS: ROOT_NORMALIZED;WAZN_NOT_IN_INV
AR09194,سلَّمَ,فعل,1521,12302;12303,تسليم شيء لسلطة,سلم,فَعَّلَ,roots-4662:سلم:المحكم — المعاني,roots-4662:سلم:مقاييس — المحور,roots-4662:سلم:الأساس — المجاز,سلَّمَ,APPROVED,,L2_017 haiku b32 | FLAGS: ROOT_NORMALIZED
AR09195,أودَعَ,فعل,1521,13231,تقديم وثيقة لحفظها في ملف,ودع,أَفْعَلَ,roots-4662:ودع:المحكم — المعاني,roots-4662:ودع:مقاييس — المحور,roots-4662:ودع:الأساس — المجاز,أودَعَ,APPROVED,,L2_017 haiku b32 | FLAGS: ROOT_NORMALIZED
AR09201,وضَّحَ,فعل,1523,12325,حل أو شرح شيء مبهم,وضح,فَعَّلَ,roots-4662:وضح:المحكم — المعاني,roots-4662:وضح:مقاييس — المحور,roots-4662:وضح:الأساس — المجاز,وضَّحَ,APPROVED,,L2_017 haiku b32 | FLAGS: ROOT_NORMALIZED
AR09202,تناوَلَ,فعل,1523,13884,البدء في معالجة القضية,نول,تَفَاعَلَ,roots-4662:نول:المحكم — المعاني,roots-4662:نول:مقاييس — المحور,,تناوَلَ,APPROVED,,L2_017 haiku b32 | FLAGS: ROOT_NORMALIZED
AR09203,نتيجة,اسم جامد,1523,17253,معلومة أو كمية ناتجة من حساب,نتج,فَعِيلٌ,roots-4662:نتج:المحكم — المعاني,roots-4662:نتج:مقاييس — النص,roots-4662:نتج:الأساس — المجاز,نتيجة,APPROVED,,L2_017 haiku b32 | FLAGS: ROOT_NORMALIZED;UNVOCALIZED
AR09205,سيطَرَ,فعل,1523,17508,إحضار المشكلة تحت السيطرة,سيطر,فَعَّلَ,,,,سيطَرَ,APPROVED,,L2_017 haiku b32 | FLAGS: ROOT_NORMALIZED
AR09206,وجَّهَ,فعل,1530,12331,توجيه بطريقة مختلفة,وجه,فَعَّلَ,roots-4662:وجه:المحكم — المعاني,roots-4662:وجه:مقاييس — المحور,roots-4662:وجه:الأساس — المجاز,وجَّهَ,APPROVED,,L2_017 haiku b32 | FLAGS: ROOT_NORMALIZED
AR09211,مُستَنفَذ,اسم مفعول,1532,12341,منقضٍ ومستهلك,نفذ,مُفْتَعَلٌ,roots-4662:نفذ:المحكم — المعاني,roots-4662:نفذ:مقاييس — المحور,roots-4662:نفذ:الأساس — المجاز,مُستَنفَذ,APPROVED,,L2_017 haiku b32 | FLAGS: ROOT_NORMALIZED;WAZN_LEMMA_MISMATCH
AR09212,أرهَقَ,فعل,1532,12342,موارد مستنزفة,رهق,أَفْعَلَ,roots-4662:رهق:المحكم — المعاني,roots-4662:رهق:مقاييس — المحور,roots-4662:رهق:الأساس — المجاز,أرهَقَ,APPROVED,,L2_017 haiku b32 | FLAGS: ROOT_NORMALIZED
AR09213,نَقَصَ,فعل,1532,12343,مخفَّض في العدد أو الكمية,نقص,فَعَلَ,roots-4662:نقص:المحكم — المعاني,roots-4662:نقص:مقاييس — النص,,نَقَصَ,APPROVED,,L2_017 haiku b32 | FLAGS: ROOT_NORMALIZED
AR09214,استَنفَدَ,فعل,1532,12344;12345,مستهلك تماماً,نفذ,اِسْتَفْعَلَ,roots-4662:نفذ:المحكم — المعاني,roots-4662:نفذ:مقاييس — المحور,roots-4662:نفذ:الأساس — المجاز,استَنفَدَ,APPROVED,,L2_017 haiku b32 | FLAGS: ROOT_NORMALIZED;WAZN_LEMMA_MISMATCH
AR09215,انتهَى,فعل,1532,13286,انتهى من نشاط أو علاقة,نهي,اِنْفَعَلَ,roots-4662:نهي:المحكم — المعاني,roots-4662:نهي:مقاييس — المحور,roots-4662:نهي:الأساس — المجاز,انتهَى,APPROVED,,L2_017 haiku b32 | FLAGS: ROOT_NORMALIZED
AR09216,كامِل,صفة مشبهة,1533,12350;12351,بلا أي جزء محذوف,كمل,فَاعِلٌ,roots-4662:كمل:المحكم — المعاني,roots-4662:كمل:مقاييس — المحور,,كامِل,APPROVED,,L2_017 haiku b32 | FLAGS: ROOT_NORMALIZED
AR09218,كامِل,صفة مشبهة,1534,12363,فيه جميع الأجزاء الضرورية,كمل,فَاعِلٌ,roots-4662:كمل:المحكم — المعاني,roots-4662:كمل:مقاييس — المحور,,كامِل,APPROVED,,L2_017 haiku b32 | FLAGS: ROOT_NORMALIZED
AR09219,ناقِص,صفة مشبهة,1534,12364,ليس كاملاً,نقص,فَاعِلٌ,roots-4662:نقص:المحكم — المعاني,roots-4662:نقص:مقاييس — النص,,ناقِص,APPROVED,,L2_017 haiku b32 | FLAGS: ROOT_NORMALIZED
AR09220,اكتِمال,مصدر,1534,12365,حالة كون الشيء كاملاً,كمل,اِفْتِعَالٌ,roots-4662:كمل:المحكم — المعاني,roots-4662:كمل:مقاييس — المحور,,اكتِمال,APPROVED,,L2_017 haiku b32 | FLAGS: ROOT_NORMALIZED
AR09221,كلّيّ,اسم منسوب,1534,13173,كامل مطلق,كلي,فَعْلِيٌّ,roots-4662:كلي:المحكم — المعاني,,roots-4662:كلي:الأساس — المجاز,كلّيّ,APPROVED,,L2_017 haiku b32 | FLAGS: ROOT_NORMALIZED
AR09222,ممتلِئ,اسم فاعل,1534,13754,غير ناقص أو ناقص,ملء,مُفْتَعِلٌ,roots-4662:ملء:المحكم — المعاني,,roots-4662:ملء:الأساس — المجاز,ممتلِئ,APPROVED,,L2_017 haiku b32 | FLAGS: ROOT_NORMALIZED
AR09223,كَهْرَباء,اسم جامد,1535,12353;12357,التيار الكهربائي,كهرب,فَعْلاءُ,,,,كَهْرَباء,APPROVED,,L2_017 haiku b32 | FLAGS: ROOT_NORMALIZED
AR09224,كَهْرَبائِيّ,اسم منسوب,1535,12354;12358,متعلق بالكهرباء,كهرب,,,,,كَهْرَبائِيّ,APPROVED,فَعْلَائِيّ,L2_017 haiku b32 | FLAGS: ROOT_NORMALIZED;WAZN_NOT_IN_INV
AR09225,طاقة,اسم جامد,1535,12355;12423,قوة مستخرجة من مصدر,طاق,فَعَلَةٌ,,,,طاقة,APPROVED,,L2_017 haiku b32 | FLAGS: ROOT_ALIF;ROOT_NORMALIZED;UNVOCALIZED
AR09226,طاقة كَهْرَبائِيّة,تركيب,1535,12356;12850,الطاقة الناتجة من التيار,,,,,,طاقة كَهْرَبائِيّة,APPROVED,,L2_017 haiku b32
AR09227,كَهْرومائِيّ,اسم منسوب,1535,12359,متعلق بالطاقة المائية,كهرماي,,,,,كَهْرومائِيّ,APPROVED,فَعْلَومائِيّ,L2_017 haiku b32 | FLAGS: ROOT_ALIF;ROOT_LEN;ROOT_NORMALIZED;WAZN_NOT_IN_INV
AR09228,كَهْرومائِيّة,اسم منسوب,1535,12360,كهرباء من الماء,كهرماي,,,,,كَهْرومائِيّة,APPROVED,فَعْلَومائِيّة,L2_017 haiku b32 | FLAGS: ROOT_ALIF;ROOT_LEN;ROOT_NORMALIZED;WAZN_NOT_IN_INV
AR09229,ضوئِيّة كَهْرَبائِيّة,تركيب,1535,12361;12362,انبعاث إلكترونات من الضوء,,,,,,ضوئِيّة كَهْرَبائِيّة,APPROVED,,L2_017 haiku b32
AR09230,تيّار,اسم جامد,1535,15941,تدفق الإلكترونات,تير,فِعَّالٌ,v21:تير:المحكم — المعاني,v21:تير:مقاييس — النص,v21:تير:الأساس — المجاز,تيّار,APPROVED,,L2_017 haiku b32 | FLAGS: ROOT_NORMALIZED
AR09231,نشِيط,صفة مشبهة,1540,12370,منخرط بنشاط في مجال,نشط,فَعِيلٌ,roots-4662:نشط:المحكم — المعاني,roots-4662:نشط:مقاييس — المحور,roots-4662:نشط:الأساس — المجاز,نشِيط,APPROVED,,L2_017 haiku b32 | FLAGS: ROOT_NORMALIZED
AR09232,خامِل,صفة مشبهة,1540,12371,غير منخرط بنشاط,خمل,فَاعِلٌ,roots-4662:خمل:المحكم — المعاني,roots-4662:خمل:مقاييس — المحور,roots-4662:خمل:الأساس — المجاز,خامِل,APPROVED,,L2_017 haiku b32 | FLAGS: ROOT_NORMALIZED
AR09233,بنشاط,ظرف,1540,16799,بطريقة نشيطة وحيوية,نشط,,roots-4662:نشط:المحكم — المعاني,roots-4662:نشط:مقاييس — المحور,roots-4662:نشط:الأساس — المجاز,بنشاط,APPROVED,بِـفَعَلِيّ,L2_017 haiku b32 | FLAGS: ROOT_NORMALIZED;UNVOCALIZED;WAZN_NOT_IN_INV
AR09234,رَكَّبَ,فعل,1541,12372,وضع أو تثبيت جهاز في موضع,ركب,فَعَّلَ,roots-4662:ركب:المحكم — المعاني,roots-4662:ركب:مقاييس — المحور,,رَكَّبَ,APPROVED,,L2_017 haiku b32 | FLAGS: ROOT_NORMALIZED
AR09235,تركيب,مصدر,1541,12373,فعل تثبيت أو تركيب الجهاز,ركب,,roots-4662:ركب:المحكم — المعاني,roots-4662:ركب:مقاييس — المحور,,تركيب,APPROVED,تَفْعيل,L2_017 haiku b32 | FLAGS: ROOT_NORMALIZED;UNVOCALIZED;WAZN_NOT_IN_INV
AR09237,أولَى الأهمِيّة,تركيب,1542,12412,تحديد أولويات الشيء,,,,,,أولَى الأهمِيّة,APPROVED,,L2_017 haiku b32
AR09239,رَكَّزَ,فعل,1542,12414;12483,إعطاء أهمية لشيء معين,ركز,فَعَّلَ,roots-4662:ركز:المحكم — المعاني,roots-4662:ركز:مقاييس — المحور,roots-4662:ركز:الأساس — المجاز,رَكَّزَ,APPROVED,,L2_017 haiku b32 | FLAGS: ROOT_NORMALIZED
AR09240,مُركَّز,اسم مفعول,1542,12481;12482,يأخذ موضوعاً محدداً أساساً,ركز,مُفَعَّلٌ,roots-4662:ركز:المحكم — المعاني,roots-4662:ركز:مقاييس — المحور,roots-4662:ركز:الأساس — المجاز,مُركَّز,APPROVED,,L2_017 haiku b32 | FLAGS: ROOT_NORMALIZED
AR09241,مُوجَّه,اسم مفعول,1542,12484,موجه نحو موضوع معين,وجه,مُفَعَّلٌ,roots-4662:وجه:المحكم — المعاني,roots-4662:وجه:مقاييس — المحور,roots-4662:وجه:الأساس — المجاز,مُوجَّه,APPROVED,,L2_017 haiku b32 | FLAGS: ROOT_NORMALIZED
AR09242,مُوجَّه للنمو,تركيب,1542,12498,موجه نحو النمو الاقتصادي,,,,,,مُوجَّه للنمو,APPROVED,,L2_017 haiku b32
AR09246,خطَّطَ,فعل,1543,13422,إعطاء تأكيد لشيء,خطط,فَعَّلَ,roots-4662:خطط:المحكم — المعاني,roots-4662:خطط:مقاييس — المحور,roots-4662:خطط:الأساس — المجاز,خطَّطَ,APPROVED,,L2_017 haiku b32 | FLAGS: ROOT_NORMALIZED
AR09247,وضَّحَ,فعل,1543,13423,التأكيد على شيء,وضح,فَعَّلَ,roots-4662:وضح:المحكم — المعاني,roots-4662:وضح:مقاييس — المحور,roots-4662:وضح:الأساس — المجاز,وضَّحَ,APPROVED,,L2_017 haiku b32 | FLAGS: ROOT_NORMALIZED
AR09248,تخزين,مصدر,1550,12425,فعل حفظ الشيء,خزن,,roots-4662:خزن:المحكم — المعاني,roots-4662:خزن:مقاييس — المحور,roots-4662:خزن:الأساس — المجاز,تخزين,APPROVED,تَفْعيل,L2_017 haiku b32 | FLAGS: ROOT_NORMALIZED;UNVOCALIZED;WAZN_NOT_IN_INV
AR09249,خزَّنَ,فعل,1550,12426;12427;12428;15614;15642,احتفظ بشيء للاستعمال المستقبلي,خزن,فَعَّلَ,roots-4662:خزن:المحكم — المعاني,roots-4662:خزن:مقاييس — المحور,roots-4662:خزن:الأساس — المجاز,خزَّنَ,APPROVED,,L2_017 haiku b32 | FLAGS: ROOT_NORMALIZED
AR09252,غريب,صفة مشبهة,1552,14357,شخص لا يعرفه أهل المكان,غرب,فَعِيلٌ,roots-4662:غرب:المحكم — المعاني,roots-4662:غرب:مقاييس — النص,roots-4662:غرب:الأساس — المجاز,غريب,APPROVED,,L2_017 haiku b32 | FLAGS: ROOT_NORMALIZED;UNVOCALIZED
AR09253,غير أصْلِيّ,تركيب,1552,14494,غير من أصل محلي,,,,,,غير أصْلِيّ,APPROVED,,L2_017 haiku b32
AR09254,مَحَلِّيّ,اسم منسوب,1552,14500,أصيل في مكان معين,محل,,roots-4662:محل:المحكم — المعاني,roots-4662:محل:مقاييس — النص,roots-4662:محل:الأساس — المجاز,مَحَلِّيّ,APPROVED,فَعَّلِيّ,L2_017 haiku b32 | FLAGS: ROOT_NORMALIZED;WAZN_NOT_IN_INV
AR09257,غير آمِن,تركيب,1560,12446;13376,غير آمن,,,,,,غير آمِن,APPROVED,,L2_017 haiku b32
AR09258,سلامة,اسم جامد,1560,13385,حالة الأمان,سلم,,roots-4662:سلم:المحكم — المعاني,roots-4662:سلم:مقاييس — المحور,roots-4662:سلم:الأساس — المجاز,سلامة,APPROVED,فَعَالة,L2_017 haiku b32 | FLAGS: ROOT_NORMALIZED;UNVOCALIZED;WAZN_NOT_IN_INV
AR09259,خطَر,اسم جامد,1560,13386;13506,إمكانية حدوث شيء ضار,خطر,فَعَلٌ,roots-4662:خطر:المحكم — المعاني,roots-4662:خطر:مقاييس — المحور,roots-4662:خطر:الأساس — المجاز,خطَر,APPROVED,,L2_017 haiku b32 | FLAGS: ROOT_NORMALIZED
AR09262,مهدَّد,اسم مفعول,1560,17498,معرّض للضرر أو الخطر,هدد,مُفَعَّلٌ,roots-4662:هدد:المحكم — المعاني,roots-4662:هدد:مقاييس — المحور,roots-4662:هدد:الأساس — المجاز,مهدَّد,APPROVED,,L2_017 haiku b32 | FLAGS: ROOT_NORMALIZED
AR09263,انتظَرَ,فعل,1561,12449;18413,البقاء في مكان حتى وقت معين,نظر,اِنْفَعَلَ,roots-4662:نظر:المحكم — المعاني,roots-4662:نظر:مقاييس — النص,roots-4662:نظر:الأساس — المجاز,انتظَرَ,APPROVED,,L2_017 haiku b32 | FLAGS: ROOT_NORMALIZED;WAZN_LEMMA_MISMATCH
AR09267,قريب,صفة مشبهة,1562,12453,برصيد صغير,قرب,فَعِيلٌ,roots-4662:قرب:المحكم — المعاني,roots-4662:قرب:مقاييس — المحور,roots-4662:قرب:الأساس — المجاز,قريب,APPROVED,,L2_017 haiku b32 | FLAGS: ROOT_NORMALIZED;UNVOCALIZED
AR09269,قوِيّ,صفة مشبهة,1563,12473;12851;18262;18266,قادر على بذل قوة عظيمة,قوة,فَعِيلٌ,,,,قوِيّ,APPROVED,,L2_017 haiku b32 | FLAGS: ROOT_NORMALIZED
AR09271,قوّة,اسم جامد,1563,16153;18263;18264,امتلاك قوة مادية كبيرة,قوة,فُعْلَةٌ,,,,قوّة,APPROVED,,L2_017 haiku b32 | FLAGS: ROOT_NORMALIZED
AR09272,قدَرة,اسم جامد,1563,18261,امتلاك قوة أو نفوذ عظيم,قدر,,roots-4662:قدر:المحكم — المعاني,roots-4662:قدر:مقاييس — المحور,roots-4662:قدر:الأساس — المجاز,قدَرة,APPROVED,فِعَالة,L2_017 haiku b32 | FLAGS: ROOT_NORMALIZED;WAZN_NOT_IN_INV
AR09275,يسار,اسم جامد,1564,12455,حزب يفضل الآراء الراديكالية,يسر,فِعَالٌ,roots-4662:يسر:المحكم — المعاني,roots-4662:يسر:مقاييس — المحور,roots-4662:يسر:الأساس — المجاز,يسار,APPROVED,,L2_017 haiku b32 | FLAGS: ROOT_NORMALIZED;UNVOCALIZED
AR09276,يسارِيّ,اسم منسوب,1564,12456,شخص ذو توجه يساري,يسر,فَعَالِيٌّ,roots-4662:يسر:المحكم — المعاني,roots-4662:يسر:مقاييس — المحور,roots-4662:يسر:الأساس — المجاز,يسارِيّ,APPROVED,,L2_017 haiku b32 | FLAGS: ROOT_NORMALIZED
AR09278,يسار متطرّف,تركيب,1564,12475;12487,حزب راديكالي تماماً,,,,,,يسار متطرّف,APPROVED,,L2_017 haiku b32
AR09279,ذخيرة,اسم جامد,1565,12459;12460,كمية من الرصاص والقذائف,ذخر,,,roots-4662:ذخر:مقاييس — المحور,roots-4662:ذخر:الأساس — المجاز,ذخيرة,APPROVED,فِعَالة,L2_017 haiku b32 | FLAGS: ROOT_NORMALIZED;UNVOCALIZED;WAZN_NOT_IN_INV
AR09282,ذخائِر,اسم جامد,1565,12463,ذخيرة وأسلحة استهلاكية,ذخر,,,roots-4662:ذخر:مقاييس — المحور,roots-4662:ذخر:الأساس — المجاز,ذخائِر,APPROVED,فَعَائِر,L2_017 haiku b32 | FLAGS: ROOT_NORMALIZED;WAZN_NOT_IN_INV
AR09283,رصاصة,اسم جامد,1565,12840,مقذوف من سلاح ناري,رصص,,roots-4662:رصص:المحكم — المعاني,roots-4662:رصص:مقاييس — المحور,roots-4662:رصص:الأساس — المجاز,رصاصة,APPROVED,فِعَالة,L2_017 haiku b32 | FLAGS: ROOT_NORMALIZED;UNVOCALIZED;WAZN_NOT_IN_INV
AR09284,قذيفة,اسم جامد,1565,18682,ذخيرة متعددة الطبقات,قذف,,roots-4662:قذف:المحكم — المعاني,roots-4662:قذف:مقاييس — المحور,roots-4662:قذف:الأساس — المجاز,قذيفة,APPROVED,فِعِيلة,L2_017 haiku b32 | FLAGS: ROOT_NORMALIZED;UNVOCALIZED;WAZN_NOT_IN_INV
AR09285,تنصّلَ,فعل,1566,12465;12467,الانسحاب من التزام,نصل,تَفَعَّلَ,roots-4662:نصل:المحكم — المعاني,roots-4662:نصل:مقاييس — المحور,roots-4662:نصل:الأساس — المجاز,تنصّلَ,APPROVED,,L2_017 haiku b32 | FLAGS: ROOT_NORMALIZED
AR09286,أخلَفَ,فعل,1566,12466,عدم الوفاء بوعد,خلف,أَفْعَلَ,roots-4662:خلف:المحكم — المعاني,roots-4662:خلف:مقاييس — المحور,roots-4662:خلف:الأساس — المجاز,أخلَفَ,APPROVED,,L2_017 haiku b32 | FLAGS: ROOT_NORMALIZED
AR09287,استِيراد,مصدر,1567,12464;12472,فعل نقل البضاعة إلى منطقة,ورد,اِسْتِفْعَالٌ,roots-4662:ورد:المحكم — المعاني,roots-4662:ورد:مقاييس — المحور,roots-4662:ورد:الأساس — المجاز,استِيراد,APPROVED,,L2_017 haiku b32 | FLAGS: ROOT_NORMALIZED
AR09288,استورَدَ,فعل,1567,12471,نقل البضاعة من الخارج,ورد,اِسْتَفْعَلَ,roots-4662:ورد:المحكم — المعاني,roots-4662:ورد:مقاييس — المحور,roots-4662:ورد:الأساس — المجاز,استورَدَ,APPROVED,,L2_017 haiku b32 | FLAGS: ROOT_NORMALIZED
AR09289,مستورَد,اسم مفعول,1567,12515,سلعة مستوردة,ورد,مُسْتَفْعَلٌ,roots-4662:ورد:المحكم — المعاني,roots-4662:ورد:مقاييس — المحور,roots-4662:ورد:الأساس — المجاز,مستورَد,APPROVED,,L2_017 haiku b32 | FLAGS: ROOT_NORMALIZED
AR09295,أعادَ النظَر,تركيب,1571,12479,إحداث تغييرات للتحسين,,,,,,أعادَ النظَر,APPROVED,,L2_017 haiku b32
AR09296,مراجَعة,اسم جامد,1571,12480,فعل إحداث تغييرات,رجع,,roots-4662:رجع:المحكم — المعاني,roots-4662:رجع:مقاييس — المحور,roots-4662:رجع:الأساس — المجاز,مراجَعة,APPROVED,مُفَاعَلة,L2_017 haiku b32 | FLAGS: ROOT_NORMALIZED;WAZN_NOT_IN_INV
AR09297,أعادَ هيكَلة,تركيب,1571,12553,تغيير تنظيم النظام,,,,,,أعادَ هيكَلة,APPROVED,,L2_017 haiku b32
AR09298,اقتِصاد,مصدر,1572,12489,حالة الإنتاج والاستهلاك,قصد,اِفْتِعَالٌ,roots-4662:قصد:المحكم — المعاني,roots-4662:قصد:مقاييس — المحور,,اقتِصاد,APPROVED,,L2_017 haiku b32 | FLAGS: ROOT_NORMALIZED
AR09299,اقتِصادِيّ,اسم منسوب,1572,12490,متعلق بالاقتصاد,قصد,اِفْتِعَالِيٌّ,roots-4662:قصد:المحكم — المعاني,roots-4662:قصد:مقاييس — المحور,,اقتِصادِيّ,APPROVED,,L2_017 haiku b32 | FLAGS: ROOT_NORMALIZED
AR09300,ذروة,اسم جامد,1573,12491;12492,أعلى مستوى مسجل,ذري,فِعْلَةٌ,roots-4662:ذري:المحكم — المعاني,,roots-4662:ذري:الأساس — المجاز,ذروة,APPROVED,,L2_017 haiku b32 | FLAGS: ROOT_NORMALIZED;UNVOCALIZED
AR09302,قمَّة,اسم جامد,1573,12494,وقت أقوى شيء,قمم,,roots-4662:قمم:المحكم — المعاني,roots-4662:قمم:مقاييس — المحور,roots-4662:قمم:الأساس — المجاز,قمَّة,APPROVED,فِعَّة,L2_017 haiku b32 | FLAGS: ROOT_NORMALIZED;WAZN_NOT_IN_INV
AR09303,قاع,اسم جامد,1573,12495,أدنى نقطة أو أقل نجاح,قوع,فَعِيلٌ,roots-4662:قوع:المحكم — المعاني,roots-4662:قوع:مقاييس — المحور,,قاع,APPROVED,,L2_017 haiku b32 | FLAGS: ROOT_NORMALIZED;UNVOCALIZED
AR09305,ائْتِلاف,مصدر,1574,12500,اتحاد مؤقت سياسي,ءتلف,اِفْتِعَالٌ,,,,ائْتِلاف,APPROVED,,L2_017 haiku b32 | FLAGS: ROOT_NORMALIZED
AR09306,أَرْجَى,فعل,1576,12502,اختار الامتناع المؤقت عن فعل معين.,رجي,أَفْعَلَ,v21:رجي:المحكم — المعاني,v21:رجي:مقاييس — النص,,أَرْجَى,APPROVED,,L2_017 haiku b33
AR09307,انْتَظَرَ,فعل,1576,12503,مدّ الفترة الزمنية قبل القيام بفعل.,نظر,اِفْتَعَلَ,roots-4662:نظر:المحكم — المعاني,roots-4662:نظر:مقاييس — النص,roots-4662:نظر:الأساس — المجاز,انْتَظَرَ,APPROVED,,L2_017 haiku b33
AR09308,تَرَدَّدَ,فعل,1578,12505,عجز عن اختيار خيار واحد من عدة خيارات.,ردد,تَفَعَّلَ,roots-4662:ردد:المحكم — المعاني,roots-4662:ردد:مقاييس — المحور,roots-4662:ردد:الأساس — المجاز,تَرَدَّدَ,APPROVED,,L2_017 haiku b33
AR09309,تَمَايَلَ,فعل,1578,12506,تقلب بين آراء أو تصرفات مختلفة.,ميل,تَفَاعَلَ,roots-4662:ميل:المحكم — المعاني,roots-4662:ميل:مقاييس — النص,roots-4662:ميل:الأساس — المجاز,تَمَايَلَ,APPROVED,,L2_017 haiku b33
AR09310,تَرَاجَعَ,فعل,1578,12507,عجز عن اتخاذ قرار حاسم.,رجع,تَفَاعَلَ,roots-4662:رجع:المحكم — المعاني,roots-4662:رجع:مقاييس — المحور,roots-4662:رجع:الأساس — المجاز,تَرَاجَعَ,APPROVED,,L2_017 haiku b33
AR09311,رَاح,فعل,1578,12508,تحرك ذهاباً وإياباً في الآراء.,روح,فَعَلَ,roots-4662:روح:المحكم — المعاني,roots-4662:روح:مقاييس — المحور,roots-4662:روح:الأساس — المجاز,رَاح,APPROVED,,L2_017 haiku b33
AR09312,انْقَلَبَ,فعل,1578,12509,أحدث انقلاباً مفاجئاً في السياسة.,قلب,اِنْفَعَلَ,roots-4662:قلب:المحكم — المعاني,roots-4662:قلب:مقاييس — المحور,roots-4662:قلب:الأساس — المجاز,انْقَلَبَ,APPROVED,,L2_017 haiku b33
AR09313,اِرْتَبَكَ,فعل,1578,12874,أظهر عدم القدرة على اتخاذ قرار محدد.,ربك,اِفْتَعَلَ,roots-4662:ربك:المحكم — المعاني,roots-4662:ربك:مقاييس — المحور,roots-4662:ربك:الأساس — المجاز,اِرْتَبَكَ,APPROVED,,L2_017 haiku b33
AR09314,فِعْلِيّ,اسم منسوب,1580,12517,موجود بالفعل في الواقع دون افتراض.,فعل,فِعْلِيٌّ,roots-4662:فعل:المحكم — المعاني,roots-4662:فعل:مقاييس — المحور,,فِعْلِيّ,APPROVED,,L2_017 haiku b33
AR09316,هَائِر,صفة مشبهة,1581,12518,يتصرف بحماقة دون اعتبار للعواقب.,هور,فَاعِلٌ,roots-4662:هور:المحكم — المعاني,roots-4662:هور:مقاييس — المحور,roots-4662:هور:الأساس — المجاز,هَائِر,APPROVED,,L2_017 haiku b33
AR09320,مُتَسَرِّع,اسم فاعل,1581,12530,يحدث بسرعة دون اعتبار كافٍ للظروف.,سرع,مُتَفَعِّلٌ,roots-4662:سرع:المحكم — المعاني,roots-4662:سرع:مقاييس — المحور,,مُتَسَرِّع,APPROVED,,L2_017 haiku b33
AR09323,ذَات,اسم جامد,1582,12868,تُستخدم للتأكيد على شيء معين محدد.,,,,,,ذَات,APPROVED,,L2_017 haiku b33 | FLAGS: ROOT_MISSING;WAZN_MISSING
AR09326,احْتَضَنَ,فعل,1590,12534,قَبِلَ اعتقاداً أو تغييراً برغبة صادقة.,ضحن,اِفْتَعَلَ,v21:ضحن:المحكم — المعاني,,,احْتَضَنَ,APPROVED,,L2_017 haiku b33 | FLAGS: WAZN_LEMMA_MISMATCH
AR09329,فَضِيحَة,اسم جامد,1591,12540,معلومات مخزية أو حقيرة عن شخص.,فضح,فَعِيلَةٌ,roots-4662:فضح:المحكم — المعاني,roots-4662:فضح:مقاييس — المحور,roots-4662:فضح:الأساس — المجاز,فَضِيحَة,APPROVED,,L2_017 haiku b33
AR09331,نَبَأ,اسم جامد,1591,12542,معلومات خاصة موثوقة.,نبء,فَعَلٌ,roots-4662:نبء:المحكم — المعاني,roots-4662:نبء:مقاييس — النص,roots-4662:نبء:الأساس — المجاز,نَبَأ,APPROVED,,L2_017 haiku b33 | FLAGS: ROOT_NORMALIZED
AR09335,تَفْصِيل,مصدر,1591,14601,معلومات محددة وتفصيلية محددة.,فصل,تَفْعِيلٌ,roots-4662:فصل:المحكم — المعاني,roots-4662:فصل:مقاييس — النص,,تَفْصِيل,APPROVED,,L2_017 haiku b33
AR09336,مَدَار,اسم جامد,1592,12544,مسار بيضاوي منتظم لجسم سماوي.,دور,,roots-4662:دور:المحكم — المعاني,roots-4662:دور:مقاييس — المحور,,مَدَار,APPROVED,مَفَال,L2_017 haiku b33 | FLAGS: WAZN_NOT_IN_INV
AR09337,مَسَار,اسم جامد,1592,12545,الطريق أو الاتجاه المتبع من جسم متحرك.,سير,,roots-4662:سير:المحكم — المعاني,roots-4662:سير:مقاييس — المحور,,مَسَار,APPROVED,مَفَال,L2_017 haiku b33 | FLAGS: WAZN_NOT_IN_INV
AR09338,دَوْرَة,مصدر,1592,12546,مسار دائري حول محيط موقع معين.,دور,فَعْلَةٌ,roots-4662:دور:المحكم — المعاني,roots-4662:دور:مقاييس — المحور,,دَوْرَة,APPROVED,,L2_017 haiku b33
AR09340,حَتَّى,حرف,1594,12555,إلى هذا الوقت بقي الحال ثابتاً مستمراً.,,,,,,حَتَّى,APPROVED,,L2_017 haiku b33
AR09341,إِلَى,حرف,1594,12556;12557;12558;12559,إلى الآن ولم يحدث تغيير في الحال.,,,,,,إِلَى,APPROVED,,L2_017 haiku b33
AR09343,قِمَّة,اسم جامد,1596,12560,أعلى مستوى أو درجة معينة محققة.,قمم,,roots-4662:قمم:المحكم — المعاني,roots-4662:قمم:مقاييس — المحور,roots-4662:قمم:الأساس — المجاز,قِمَّة,APPROVED,فِعَّة,L2_017 haiku b33 | FLAGS: WAZN_NOT_IN_INV
AR09344,قَاع,اسم جامد,1596,12561,أدنى نقطة أو مستوى معين محققة.,قوع,فَاعِلٌ,roots-4662:قوع:المحكم — المعاني,roots-4662:قوع:مقاييس — المحور,,قَاع,APPROVED,,L2_017 haiku b33
AR09345,ذِرْوَة,اسم جامد,1596,13259,أعلى درجة من الإنجاز والتفوق.,ذروة,,,,,ذِرْوَة,APPROVED,فِعْوَة,L2_017 haiku b33 | FLAGS: WAZN_NOT_IN_INV
AR09347,أَقْصَى,صفة مشبهة,1596,13261,الأعظم في الكمية أو الشدة أو المدى.,قصي,أَفْعَلُ,,v21:قصي:مقاييس — المحور,,أَقْصَى,APPROVED,,L2_017 haiku b33
AR09348,أَدْنَى,صفة مشبهة,1596,13263,الأصغر أو الأقل في الكمية أو الشدة.,دنو,أَفْعَلُ,roots-4662:دنو:المحكم — المعاني,,roots-4662:دنو:الأساس — المجاز,أَدْنَى,APPROVED,,L2_017 haiku b33
AR09350,غَرِيب,صفة مشبهة,1597,12565,غير معروف أو غير مألوف لمُدرك.,غرب,فَعِيلٌ,roots-4662:غرب:المحكم — المعاني,roots-4662:غرب:مقاييس — النص,roots-4662:غرب:الأساس — المجاز,غَرِيب,APPROVED,,L2_017 haiku b33
AR09354,نِطَاق,اسم جامد,1597,13258,حدود ما يعرفه الشخص أو يراه.,نطق,فِعَالٌ,roots-4662:نطق:المحكم — المعاني,roots-4662:نطق:مقاييس — المحور,roots-4662:نطق:الأساس — المجاز,نِطَاق,APPROVED,,L2_017 haiku b33
AR09355,قَرِيب,صفة مشبهة,1597,13906,معروف بشكل قريب وحميم جداً.,قرب,فَعِيلٌ,roots-4662:قرب:المحكم — المعاني,roots-4662:قرب:مقاييس — المحور,roots-4662:قرب:الأساس — المجاز,قَرِيب,APPROVED,,L2_017 haiku b33
AR09356,سَحَّاب,اسم جامد,1598,12569,مثبت على شكل سحاب لإغلاق الوعاء.,سحب,فَعَّالٌ,roots-4662:سحب:المحكم — المعاني,roots-4662:سحب:مقاييس — المحور,roots-4662:سحب:الأساس — المجاز,سَحَّاب,APPROVED,,L2_017 haiku b33
AR09357,إِغْلَاق,مصدر,1598,12570,جهاز أو مادة توصل بين شيئين.,غلق,إِفْعَالٌ,roots-4662:غلق:المحكم — المعاني,roots-4662:غلق:مقاييس — المحور,roots-4662:غلق:الأساس — المجاز,إِغْلَاق,APPROVED,,L2_017 haiku b33
AR09358,زِرّ,اسم جامد,1598,12571,قطعة صغيرة تُخيّط لإغلاق الملابس.,زرر,فِعْلٌ,roots-4662:زرر:المحكم — المعاني,roots-4662:زرر:مقاييس — المحور,roots-4662:زرر:الأساس — المجاز,زِرّ,APPROVED,,L2_017 haiku b33 | FLAGS: WAZN_LEMMA_MISMATCH
AR09359,إِبْزِيم,اسم جامد,1598,12572,إطار معدني لربط طرفي الحزام.,بزم,إِفْعِيلٌ,v21:بزم:المحكم — المعاني,v21:بزم:مقاييس — المحور,,إِبْزِيم,APPROVED,,L2_017 haiku b33
AR09360,تَكَاثَرَ,فعل,1599,12586,تزايد العدد بسرعة ودون انقطاع.,كثر,تَفَاعَلَ,roots-4662:كثر:المحكم — المعاني,roots-4662:كثر:مقاييس — النص,,تَكَاثَرَ,APPROVED,,L2_017 haiku b33
AR09362,تَنَاقَصَ,فعل,1599,12588,تراجع العدد حتى يقترب من الاختفاء.,نقص,تَفَاعَلَ,roots-4662:نقص:المحكم — المعاني,roots-4662:نقص:مقاييس — النص,,تَنَاقَصَ,APPROVED,,L2_017 haiku b33
AR09363,تَكَاثُر,مصدر,1599,12589,التناسل السريع وتزايد الأعداد.,كثر,تَفَاعُلٌ,roots-4662:كثر:المحكم — المعاني,roots-4662:كثر:مقاييس — النص,,تَكَاثُر,APPROVED,,L2_017 haiku b33
AR09366,وَضْع,اسم جامد,1600,12597,الحالة من حيث المظهر أو الكفاءة.,وضع,فَعْلٌ,roots-4662:وضع:المحكم — المعاني,roots-4662:وضع:مقاييس — المحور,roots-4662:وضع:الأساس — المجاز,وَضْع,APPROVED,,L2_017 haiku b33
AR09368,ذَكَرَ,فعل,1601,12600,أورد شاهداً أو دليلاً لدعم ادعاء.,ذكر,فَعَلَ,roots-4662:ذكر:المحكم — المعاني,roots-4662:ذكر:مقاييس — المحور,roots-4662:ذكر:الأساس — المجاز,ذَكَرَ,APPROVED,,L2_017 haiku b33
AR09369,أَشَارَ,فعل,1601,12601,وجّه انتباه شخص لحقيقة لدعم رأي.,شير,أَفْعَلَ,v21:شير:المحكم — المعاني,,,أَشَارَ,APPROVED,,L2_017 haiku b33
AR09371,وَفِير,صفة مشبهة,1602,12603,موجود بكمية كبيرة أو بوفرة.,وفر,فَعِيلٌ,roots-4662:وفر:المحكم — المعاني,roots-4662:وفر:مقاييس — المحور,roots-4662:وفر:الأساس — المجاز,وَفِير,APPROVED,,L2_017 haiku b33
AR09373,زَخَرَ,فعل,1602,12606,امتلأ وتوفر بكميات كبيرة.,زخر,فَعَلَ,roots-4662:زخر:المحكم — المعاني,roots-4662:زخر:مقاييس — المحور,roots-4662:زخر:الأساس — المجاز,زَخَرَ,APPROVED,,L2_017 haiku b33
AR09374,كَثِير,صفة مشبهة,1602,12607,موجود بوفرة وكثرة شديدة.,كثر,فَعِيلٌ,roots-4662:كثر:المحكم — المعاني,roots-4662:كثر:مقاييس — النص,,كَثِير,APPROVED,,L2_017 haiku b33
AR09375,نُدْرَة,اسم جامد,1603,12608;12612,حالة عدم توفر المورد حسب الطلب.,ندر,فُعْلَةٌ,roots-4662:ندر:المحكم — المعاني,roots-4662:ندر:مقاييس — المحور,roots-4662:ندر:الأساس — المجاز,نُدْرَة,APPROVED,,L2_017 haiku b33
AR09376,نَادِر,صفة مشبهة,1603,12609,غير كافٍ لسد الطلب عليه.,ندر,فَاعِلٌ,roots-4662:ندر:المحكم — المعاني,roots-4662:ندر:مقاييس — المحور,roots-4662:ندر:الأساس — المجاز,نَادِر,APPROVED,,L2_017 haiku b33
AR09377,وَفِير,صفة مشبهة,1603,12610,موجود بكثرة ويعطي كميات كبيرة.,وفر,فَعِيلٌ,roots-4662:وفر:المحكم — المعاني,roots-4662:وفر:مقاييس — المحور,roots-4662:وفر:الأساس — المجاز,وَفِير,APPROVED,,L2_017 haiku b33
AR09378,وَفْرَة,اسم جامد,1603,12611,حالة الكثرة والتوفر الشديد.,وفر,فَعْلَةٌ,roots-4662:وفر:المحكم — المعاني,roots-4662:وفر:مقاييس — المحور,roots-4662:وفر:الأساس — المجاز,وَفْرَة,APPROVED,,L2_017 haiku b33
AR09379,مُؤَسَّسَة,اسم جامد,1604,12614,منظمة دائمة تأسست لغرض اجتماعي.,سسس,,,,,مُؤَسَّسَة,APPROVED,مُفَعَّسَة,L2_017 haiku b33 | FLAGS: WAZN_LEMMA_MISMATCH;WAZN_NOT_IN_INV
AR09380,مُؤَسَّسِيّ,اسم منسوب,1604,12615,ما يتعلق بالمؤسسات أو نمطها.,سسس,,,,,مُؤَسَّسِيّ,APPROVED,مُفَعَّسِيّ,L2_017 haiku b33 | FLAGS: WAZN_LEMMA_MISMATCH;WAZN_NOT_IN_INV
AR09381,خِدْمَة,اسم جامد,1605,12616;12633,نظام لتوفير حاجة عامة كالمواصلات.,خدم,فِعْلَةٌ,roots-4662:خدم:المحكم — المعاني,roots-4662:خدم:مقاييس — المحور,roots-4662:خدم:الأساس — المجاز,خِدْمَة,APPROVED,,L2_017 haiku b33
AR09382,بَطَالَة,اسم جامد,1606,12623,نسبة الأشخاص غير الموظفين.,بطل,فَعَالَةٌ,v21:بطل:المحكم — المعاني,v21:بطل:مقاييس — المحور,,بَطَالَة,APPROVED,,L2_017 haiku b33
AR09383,بِلَا,حرف,1606,12624,نسبة الأشخاص بلا عمل في المجتمع.,,,,,,بِلَا,APPROVED,,L2_017 haiku b33
AR09384,تَوَظُّف,مصدر,1606,12877,نسبة الأشخاص الموظفين المشتغلين.,وظف,تَفَعُّلٌ,roots-4662:وظف:المحكم — المعاني,roots-4662:وظف:مقاييس — المحور,roots-4662:وظف:الأساس — المجاز,تَوَظُّف,APPROVED,,L2_017 haiku b33
AR09386,قَضَاء,اسم جامد,1607,12627,السلطات القضائية في الدولة.,قضي,,roots-4662:قضي:المحكم — المعاني,roots-4662:قضي:مقاييس — المحور,roots-4662:قضي:الأساس — المجاز,قَضَاء,APPROVED,فَعَاء,L2_017 haiku b33 | FLAGS: WAZN_NOT_IN_INV
AR09387,قَضَائِيّ,اسم منسوب,1607,12628,ما يتعلق بالمحكمة أو القاضي.,قضي,,roots-4662:قضي:المحكم — المعاني,roots-4662:قضي:مقاييس — المحور,roots-4662:قضي:الأساس — المجاز,قَضَائِيّ,APPROVED,فَعَائِيّ,L2_017 haiku b33 | FLAGS: WAZN_NOT_IN_INV
AR09388,قَضِيَّة,اسم جامد,1608,12630,موضوع مهم قيد النقاش والاختلاف.,قضي,فَعِيلَةٌ,roots-4662:قضي:المحكم — المعاني,roots-4662:قضي:مقاييس — المحور,roots-4662:قضي:الأساس — المجاز,قَضِيَّة,APPROVED,,L2_017 haiku b33
AR09389,سُؤَال,اسم جامد,1608,12632,مشكلة تحتاج إلى حل وبحث.,سءل,فُعَالٌ,roots-4662:سءل:المحكم — المعاني,roots-4662:سءل:مقاييس — النص,,سُؤَال,APPROVED,,L2_017 haiku b33 | FLAGS: ROOT_NORMALIZED
AR09390,اهْتِمَام,مصدر,1608,13234,موضوع ذو أهمية واهتمام عام.,هتم,اِفْتِعَالٌ,roots-4662:هتم:المحكم — المعاني,roots-4662:هتم:مقاييس — المحور,,اهْتِمَام,APPROVED,,L2_017 haiku b33 | FLAGS: WAZN_LEMMA_MISMATCH
AR09393,نِظَام,اسم جامد,1610,12637,مركّب معقد من كيانات مترابطة.,نظم,فِعَالٌ,roots-4662:نظم:المحكم — المعاني,roots-4662:نظم:مقاييس — المحور,roots-4662:نظم:الأساس — المجاز,نِظَام,APPROVED,,L2_017 haiku b33
AR09395,تَسَلْسُل,مصدر,1610,14038,سلسلة من المراحل تثير بعضها.,سلس,تَفَعْلُلٌ,roots-4662:سلس:المحكم — المعاني,roots-4662:سلس:مقاييس — المحور,roots-4662:سلس:الأساس — المجاز,تَسَلْسُل,APPROVED,,L2_017 haiku b33 | FLAGS: WAZN_LEMMA_MISMATCH
AR09397,مُخْزٍ,صفة مشبهة,1612,12639,واقع حال غير مقبول اجتماعياً.,خزي,مُفْعِلٌ,roots-4662:خزي:المحكم — المعاني,,,مُخْزٍ,APPROVED,,L2_017 haiku b33
AR09400,أَحْيَا,فعل,1614,12660;12666;12667,أعاد الحياة والحيوية إلى شيء.,حيي,أَفْعَلَ,,v21:حيي:مقاييس — النص,v21:حيي:الأساس — المجاز,أَحْيَا,APPROVED,,L2_017 haiku b33
AR09401,إِحْيَاء,مصدر,1614,12661;14356,فعل إعادة الحياة والنشاط.,حيي,,,v21:حيي:مقاييس — النص,v21:حيي:الأساس — المجاز,إِحْيَاء,APPROVED,إِفْعَاء,L2_017 haiku b33 | FLAGS: WAZN_NOT_IN_INV
AR09403,رَوَّحَ,فعل,1614,12663,منح الجديد من القوة والنشاط.,روح,فَعَّلَ,roots-4662:روح:المحكم — المعاني,roots-4662:روح:مقاييس — المحور,roots-4662:روح:الأساس — المجاز,رَوَّحَ,APPROVED,,L2_017 haiku b33
AR09404,نَشَّطَ,فعل,1614,12664;13229,أعطى طاقة وقوة جديدة.,نشط,فَعَّلَ,roots-4662:نشط:المحكم — المعاني,roots-4662:نشط:مقاييس — المحور,roots-4662:نشط:الأساس — المجاز,نَشَّطَ,APPROVED,,L2_017 haiku b33
AR09405,تَنْشِيط,مصدر,1614,12665,فعل إعطاء الطاقة والقوة الجديدة.,نشط,تَفْعِيلٌ,roots-4662:نشط:المحكم — المعاني,roots-4662:نشط:مقاييس — المحور,roots-4662:نشط:الأساس — المجاز,تَنْشِيط,APPROVED,,L2_017 haiku b33
AR09406,أَنْعَشَ,فعل,1614,12668,أعاد الحياة والنشاط بقوة.,نعش,أَفْعَلَ,roots-4662:نعش:المحكم — المعاني,roots-4662:نعش:مقاييس — المحور,,أَنْعَشَ,APPROVED,,L2_017 haiku b33
AR09407,أَيْقَظَ,فعل,1614,12669,أعاد الانتباه والنشاط.,يقظ,أَفْعَلَ,roots-4662:يقظ:المحكم — المعاني,,roots-4662:يقظ:الأساس — المجاز,أَيْقَظَ,APPROVED,,L2_017 haiku b33
AR09408,إِنْعَاش,مصدر,1614,12670,فعل إعادة الحيوية والنشاط.,نعش,إِفْعَالٌ,roots-4662:نعش:المحكم — المعاني,roots-4662:نعش:مقاييس — المحور,,إِنْعَاش,APPROVED,,L2_017 haiku b33
AR09410,سَجَّلَ,فعل,1615,12641;12658,ودّن معلومات بشكل رسمي دائم.,سجل,فَعَّلَ,roots-4662:سجل:المحكم — المعاني,roots-4662:سجل:مقاييس — المحور,roots-4662:سجل:الأساس — المجاز,سَجَّلَ,APPROVED,,L2_017 haiku b33
AR09411,وَثَّقَ,فعل,1615,13428,سجل بصرياً أو كتابياً بشكل دقيق.,وثق,فَعَّلَ,roots-4662:وثق:المحكم — المعاني,roots-4662:وثق:مقاييس — المحور,,وَثَّقَ,APPROVED,,L2_017 haiku b33
AR09412,أَرَّخَ,فعل,1615,13982,وثّق سلسلة أحداث بدقة تفصيلية.,رخخ,فَعَّلَ,roots-4662:رخخ:المحكم — المعاني,roots-4662:رخخ:مقاييس — المحور,,أَرَّخَ,APPROVED,,L2_017 haiku b33 | FLAGS: WAZN_LEMMA_MISMATCH
AR09414,فِي,حرف,1619,12671,الشخص عادة موجود في بيته أو مكتبه.,,,,,,فِي,APPROVED,,L2_017 haiku b33
AR09415,خَارِج,ظرف,1619,12672,الشخص غير موجود في بيته أو عمله.,خرج,فَاعِلٌ,roots-4662:خرج:المحكم — المعاني,roots-4662:خرج:مقاييس — المحور,roots-4662:خرج:الأساس — المجاز,خَارِج,APPROVED,,L2_017 haiku b33
AR09417,أَوْدَعَ,فعل,1620,12713,ضع شخصاً تحت رعاية مؤسسة.,ودع,أَفْعَلَ,roots-4662:ودع:المحكم — المعاني,roots-4662:ودع:مقاييس — المحور,roots-4662:ودع:الأساس — المجاز,أَوْدَعَ,APPROVED,,L2_017 haiku b33
AR09418,إِيدَاع,مصدر,1620,12714,فعل إيداع شخص في مؤسسة.,ودع,إِفْعَالٌ,roots-4662:ودع:المحكم — المعاني,roots-4662:ودع:مقاييس — المحور,roots-4662:ودع:الأساس — المجاز,إِيدَاع,APPROVED,,L2_017 haiku b33
AR09419,أَدْخَلَ,فعل,1620,12715;12717,أرسل شخصاً إلى مستشفى نفسي.,دخل,أَفْعَلَ,roots-4662:دخل:المحكم — المعاني,roots-4662:دخل:مقاييس — المحور,,أَدْخَلَ,APPROVED,,L2_017 haiku b33
AR09420,إِدْخَال,مصدر,1620,12716;12718,فعل إدخال شخص إلى مستشفى نفسي.,دخل,إِفْعَالٌ,roots-4662:دخل:المحكم — المعاني,roots-4662:دخل:مقاييس — المحور,,إِدْخَال,APPROVED,,L2_017 haiku b33
AR09421,قَبِلَ,فعل,1620,18748,استقبل شخصاً في مؤسسة للإقامة.,قبل,فَعِلَ,roots-4662:قبل:المحكم — المعاني,roots-4662:قبل:مقاييس — المحور,roots-4662:قبل:الأساس — المجاز,قَبِلَ,APPROVED,,L2_017 haiku b33
AR09422,قَبُول,مصدر,1620,18749,فعل استقبال وإدخال شخص.,قبل,فَعُولٌ,roots-4662:قبل:المحكم — المعاني,roots-4662:قبل:مقاييس — المحور,roots-4662:قبل:الأساس — المجاز,قَبُول,APPROVED,,L2_017 haiku b33
AR09423,تَشَكَّى,فعل,1621,12721,شكا بحدة وشكوى متكررة.,شكي,تَفَعَّلَ,,,,تَشَكَّى,APPROVED,,L2_017 haiku b33
AR09425,اشْتَكَى,فعل,1621,12723;12729,عبّر عن عدم الرضا والاستياء.,شكي,اِفْتَعَلَ,,,,اشْتَكَى,APPROVED,,L2_017 haiku b33
AR09426,تَأَوَّهَ,فعل,1621,12724;12730,شكا أو تذمر بطريقة ضعيفة.,ءه,تَفَعَّلَ,,,,تَأَوَّهَ,APPROVED,,L2_017 haiku b33 | FLAGS: ROOT_LEN;ROOT_NORMALIZED
AR09427,انْتَقَدَ,فعل,1621,12725,انتقد بحدة وخبث متعمد.,نقد,اِنْفَعَلَ,roots-4662:نقد:المحكم — المعاني,roots-4662:نقد:مقاييس — المحور,,انْتَقَدَ,APPROVED,,L2_017 haiku b33 | FLAGS: WAZN_LEMMA_MISMATCH
AR09428,شِكَايَة,اسم جامد,1621,12726;12763;17324,فعل الشكوى والتظلم من حالة.,شكي,فِعَالَةٌ,,,,شِكَايَة,APPROVED,,L2_017 haiku b33
AR09429,تَذَمَّرَ,فعل,1621,12727;12847;13002,شكا بطريقة صغيرة وتافهة.,ذمر,تَفَعَّلَ,roots-4662:ذمر:المحكم — المعاني,roots-4662:ذمر:مقاييس — المحور,roots-4662:ذمر:الأساس — المجاز,تَذَمَّرَ,APPROVED,,L2_017 haiku b33
AR09430,أَسِفَ,فعل,1621,12728,عبّر عن الأسف والندم.,سيف,فَعِلَ,roots-4662:سيف:المحكم — المعاني,roots-4662:سيف:مقاييس — المحور,roots-4662:سيف:الأساس — المجاز,أَسِفَ,APPROVED,,L2_017 haiku b33
AR09431,تَذَمُّر,مصدر,1621,13176,فعل الشكوى والتذمر العام.,ذمر,تَفَعُّلٌ,roots-4662:ذمر:المحكم — المعاني,roots-4662:ذمر:مقاييس — المحور,roots-4662:ذمر:الأساس — المجاز,تَذَمُّر,APPROVED,,L2_017 haiku b33
AR09433,أَذَاعَ,فعل,1622,12732,عبّر عن رأي أو شكوى علناً.,ذيع,أَفْعَلَ,roots-4662:ذيع:المحكم — المعاني,roots-4662:ذيع:مقاييس — المحور,roots-4662:ذيع:الأساس — المجاز,أَذَاعَ,APPROVED,,L2_017 haiku b33
AR09436,أَعْطَى,فعل,1622,12735,أعطى تعبيراً صوتياً لشيء.,عطي,,,,,أَعْطَى,APPROVED,أَفْعَى,L2_017 haiku b33 | FLAGS: WAZN_NOT_IN_INV
AR09439,رَفَضَ,فعل,1623,12743;12746;14586,رفع عرض أو طلب بحدة.,رفض,فَعَلَ,roots-4662:رفض:المحكم — المعاني,roots-4662:رفض:مقاييس — المحور,roots-4662:رفض:الأساس — المجاز,رَفَضَ,APPROVED,,L2_017 haiku b33
AR09440,ردّ,فعل,1623,12744,رفض بطريقة حادة وغير لطيفة.,ردد,فَعَّلَ,roots-4662:ردد:المحكم — المعاني,roots-4662:ردد:مقاييس — المحور,roots-4662:ردد:الأساس — المجاز,ردّ,APPROVED,,L2_017 haiku b33 | FLAGS: WAZN_LEMMA_MISMATCH
AR09441,رَد,اسم جامد,1623,12745,رفض حاد ومباغت.,ردد,فَعْلٌ,roots-4662:ردد:المحكم — المعاني,roots-4662:ردد:مقاييس — المحور,roots-4662:ردد:الأساس — المجاز,رَد,APPROVED,,L2_017 haiku b33 | FLAGS: WAZN_LEMMA_MISMATCH
AR09442,قَبِلَ,فعل,1623,12747,أبدى موافقة إيجابية على.,قبل,فَعِلَ,roots-4662:قبل:المحكم — المعاني,roots-4662:قبل:مقاييس — المحور,roots-4662:قبل:الأساس — المجاز,قَبِلَ,APPROVED,,L2_017 haiku b33
AR09443,قَبُول,مصدر,1623,12748,فعل إعطاء موافقة إيجابية.,قبل,فَعُولٌ,roots-4662:قبل:المحكم — المعاني,roots-4662:قبل:مقاييس — المحور,roots-4662:قبل:الأساس — المجاز,قَبُول,APPROVED,,L2_017 haiku b33
AR09444,رَفْض,مصدر,1623,14566,فعل رفض اقتراح آخر.,رفض,فَعْلٌ,roots-4662:رفض:المحكم — المعاني,roots-4662:رفض:مقاييس — المحور,roots-4662:رفض:الأساس — المجاز,رَفْض,APPROVED,,L2_017 haiku b33
AR09445,افْتَخَرَ,فعل,1624,12749,تحدث بفخر مفرط عن نفسه.,فخر,اِفْتَعَلَ,roots-4662:فخر:المحكم — المعاني,roots-4662:فخر:مقاييس — المحور,roots-4662:فخر:الأساس — المجاز,افْتَخَرَ,APPROVED,,L2_017 haiku b33
AR09446,تَفَاخَرَ,فعل,1624,12750;12754,تحدث بثقة وفخر مفرط عن.,فخر,تَفَاعَلَ,roots-4662:فخر:المحكم — المعاني,roots-4662:فخر:مقاييس — المحور,roots-4662:فخر:الأساس — المجاز,تَفَاخَرَ,APPROVED,,L2_017 haiku b33
AR09447,افْتِخَار,مصدر,1624,12751,فعل التحدث بفخر عن نفسه.,فخر,اِفْتِعَالٌ,roots-4662:فخر:المحكم — المعاني,roots-4662:فخر:مقاييس — المحور,roots-4662:فخر:الأساس — المجاز,افْتِخَار,APPROVED,,L2_017 haiku b33
AR09448,تَمَايَزَ,فعل,1624,12752,شعر بالفخر والزهو.,ميز,تَفَاعَلَ,roots-4662:ميز:المحكم — المعاني,roots-4662:ميز:مقاييس — المحور,roots-4662:ميز:الأساس — المجاز,تَمَايَزَ,APPROVED,,L2_017 haiku b33
AR09449,ادَّعَى,فعل,1624,12753,تفاخر بادعاءات معظمة.,دعي,اِفْتَعَلَ,,,,ادَّعَى,APPROVED,,L2_017 haiku b33
AR09450,مُتَفَاخِر,اسم فاعل,1624,12755;13215,يدل على الفخر والكبرياء.,فخر,مُتَفَاعِلٌ,roots-4662:فخر:المحكم — المعاني,roots-4662:فخر:مقاييس — المحور,roots-4662:فخر:الأساس — المجاز,مُتَفَاخِر,APPROVED,,L2_017 haiku b33
AR09451,ادِّعَاء,مصدر,1624,12756,كلام متفاخر ومنتفخ.,دعي,اِفْتِعَالٌ,,,,ادِّعَاء,APPROVED,,L2_017 haiku b33
AR09452,انتقد,فعل,1624,12762,أبدى شكوى بسيطة وتافهة.,نقد,اِنْفَعَلَ,roots-4662:نقد:المحكم — المعاني,roots-4662:نقد:مقاييس — المحور,,انتقد,APPROVED,,L2_017 haiku b33 | FLAGS: UNVOCALIZED;WAZN_LEMMA_MISMATCH
AR09453,رَفَضَ,فعل,1625,12758,عبّر عن عدم الرغبة في.,رفض,فَعَلَ,roots-4662:رفض:المحكم — المعاني,roots-4662:رفض:مقاييس — المحور,roots-4662:رفض:الأساس — المجاز,رَفَضَ,APPROVED,,L2_017 haiku b33
AR09455,رَفْض,مصدر,1625,12760,فعل الامتناع عن قبول أو إعطاء.,رفض,فَعْلٌ,roots-4662:رفض:المحكم — المعاني,roots-4662:رفض:مقاييس — المحور,roots-4662:رفض:الأساس — المجاز,رَفْض,APPROVED,,L2_017 haiku b33
AR09456,وَافَقَ,فعل,1625,12761,وافق على فعل ما مقترح.,وفق,فَاعَلَ,roots-4662:وفق:المحكم — المعاني,roots-4662:وفق:مقاييس — المحور,,وَافَقَ,APPROVED,,L2_017 haiku b33
AR09457,فَضَّلَ,فعل,1626,12764;13918,أحب شيء أكثر من آخر.,فضل,فَعَّلَ,roots-4662:فضل:المحكم — المعاني,roots-4662:فضل:مقاييس — المحور,,فَضَّلَ,APPROVED,,L2_017 haiku b33
AR09458,كَرِهَ,فعل,1626,12765,فضّل شيء أقل من آخر.,كره,فَعِلَ,roots-4662:كره:المحكم — المعاني,roots-4662:كره:مقاييس — المحور,roots-4662:كره:الأساس — المجاز,كَرِهَ,APPROVED,,L2_017 haiku b33
AR09460,وَقَى,فعل,1631,12790,حمى من خطر أو مخاطرة.,وقي,فَعَلَ,roots-4662:وقي:المحكم — المعاني,roots-4662:وقي:مقاييس — المحور,roots-4662:وقي:الأساس — المجاز,وَقَى,APPROVED,,L2_017 haiku b33
AR09467,دِعَامَة,اسم جامد,1631,12798,دعم قوي أو حماية.,دعم,فِعَالَةٌ,roots-4662:دعم:المحكم — المعاني,roots-4662:دعم:مقاييس — المحور,roots-4662:دعم:الأساس — المجاز,دِعَامَة,APPROVED,,L2_017 haiku b33
AR09469,ملْجَأ,اسم جامد,1631,16767,درع ضد شيء ضار.,لجء,مَفْعَلٌ,roots-4662:لجء:المحكم — المعاني,roots-4662:لجء:مقاييس — النص,,ملْجَأ,APPROVED,,L2_017 haiku b33 | FLAGS: ROOT_NORMALIZED
AR09471,غِطَاء,اسم جامد,1631,16769,حماية غالباً من الهجوم.,غطي,فِعَالٌ,,,,غِطَاء,APPROVED,,L2_017 haiku b33
AR09472,رَاغِب,اسم فاعل,1632,12799,غير معترض على فعل.,رغب,فَاعِلٌ,roots-4662:رغب:المحكم — المعاني,roots-4662:رغب:مقاييس — المحور,roots-4662:رغب:الأساس — المجاز,رَاغِب,APPROVED,,L2_017 haiku b33
AR09473,كَارِه,اسم فاعل,1632,12800,غير راغب في الفعل.,كره,فَاعِلٌ,roots-4662:كره:المحكم — المعاني,roots-4662:كره:مقاييس — المحور,roots-4662:كره:الأساس — المجاز,كَارِه,APPROVED,,L2_017 haiku b33
AR09474,مُتَرَدِّد,اسم فاعل,1632,12801,معترض ومترددٌ.,ردد,مُتَفَعِّلٌ,roots-4662:ردد:المحكم — المعاني,roots-4662:ردد:مقاييس — المحور,roots-4662:ردد:الأساس — المجاز,مُتَرَدِّد,APPROVED,,L2_017 haiku b33
AR09475,رَغْبَة,اسم جامد,1632,12802,حالة أو درجة عدم الاعتراض.,رغب,فَعْلَةٌ,roots-4662:رغب:المحكم — المعاني,roots-4662:رغب:مقاييس — المحور,roots-4662:رغب:الأساس — المجاز,رَغْبَة,APPROVED,,L2_017 haiku b33
AR09476,مُكْرَه,اسم مفعول,1632,12803,معترض وكاره.,كره,مُفْعَلٌ,roots-4662:كره:المحكم — المعاني,roots-4662:كره:مقاييس — المحور,roots-4662:كره:الأساس — المجاز,مُكْرَه,APPROVED,,L2_017 haiku b33
AR09478,رَفْض,مصدر,1632,12805,حالة أو درجة الاعتراض.,رفض,فَعْلٌ,roots-4662:رفض:المحكم — المعاني,roots-4662:رفض:مقاييس — المحور,roots-4662:رفض:الأساس — المجاز,رَفْض,APPROVED,,L2_017 haiku b33
AR09480,رَكِبَ,فعل,1633,12807;12809;12810;12811;12812;12816,دخل مركبة للانتقال.,ركب,فَعِلَ,roots-4662:ركب:المحكم — المعاني,roots-4662:ركب:مقاييس — المحور,,رَكِبَ,APPROVED,,L2_017 haiku b33
AR09481,دَخَلَ,فعل,1633,12808,دخل أو ركب مركبة.,دخل,فَعَلَ,roots-4662:دخل:المحكم — المعاني,roots-4662:دخل:مقاييس — المحور,,دَخَلَ,APPROVED,,L2_017 haiku b33
AR09482,قَفَزَ,فعل,1633,12813,قفز على مركبة متحركة.,قفز,فَعَلَ,roots-4662:قفز:المحكم — المعاني,roots-4662:قفز:مقاييس — المحور,roots-4662:قفز:الأساس — المجاز,قَفَزَ,APPROVED,,L2_017 haiku b33
AR09483,رُكُوب,مصدر,1633,12814;12815,فعل ركوب السفينة أو الطائرة.,ركب,فُعُولٌ,roots-4662:ركب:المحكم — المعاني,roots-4662:ركب:مقاييس — المحور,,رُكُوب,APPROVED,,L2_017 haiku b33
AR09484,نَزَلَ,فعل,1634,12817;12818;12819;12820;12821;12822;12823,غادر مركبة السفر.,نزل,فَعَلَ,roots-4662:نزل:المحكم — المعاني,roots-4662:نزل:مقاييس — النص,roots-4662:نزل:الأساس — المجاز,نَزَلَ,APPROVED,,L2_017 haiku b33
AR09485,نُزول,مصدر,1634,12824,فعل النزول من المركبة.,نزل,فُعُولٌ,roots-4662:نزل:المحكم — المعاني,roots-4662:نزل:مقاييس — النص,roots-4662:نزل:الأساس — المجاز,نُزول,APPROVED,,L2_017 haiku b33
AR09486,خَرَجَ,فعل,1634,12825,غادر المركبة.,خرج,فَعَلَ,roots-4662:خرج:المحكم — المعاني,roots-4662:خرج:مقاييس — المحور,roots-4662:خرج:الأساس — المجاز,خَرَجَ,APPROVED,,L2_017 haiku b33
AR09489,خَاضَ,فعل,1642,12895,عبر نهر أو جدول.,خيض,فَاعَلَ,,,,خَاضَ,APPROVED,,L2_017 haiku b33
AR09493,فَرَّ,فعل,1644,12901;12902,الفرار على وجه مخصوص,فرر,فَعَّلَ,roots-4662:فرر:المحكم — المعاني,roots-4662:فرر:مقاييس — المحور,roots-4662:فرر:الأساس — المجاز,فَرَّ,APPROVED,,L2_017 haiku b34 | FLAGS: WAZN_LEMMA_MISMATCH
AR09494,ذَهَبَ,فعل,1644,12903,المغادرة المفاجئة على وجه مخصوص,ذهب,فَعَلَ,roots-4662:ذهب:المحكم — المعاني,roots-4662:ذهب:مقاييس — المحور,roots-4662:ذهب:الأساس — المجاز,ذَهَبَ,APPROVED,,L2_017 haiku b34
AR09497,تَرَاجُع,اسم جامد,1644,12906,الانسحاب من الموقف,رجع,تَفَاعُلٌ,roots-4662:رجع:المحكم — المعاني,roots-4662:رجع:مقاييس — المحور,roots-4662:رجع:الأساس — المجاز,تَرَاجُع,APPROVED,,L2_017 haiku b34
AR09498,تَرَاجَعَ,فعل,1644,12907,الانسحاب من الموقف على وجه مخصوص,رجع,تَفَاعَلَ,roots-4662:رجع:المحكم — المعاني,roots-4662:رجع:مقاييس — المحور,roots-4662:رجع:الأساس — المجاز,تَرَاجَعَ,APPROVED,,L2_017 haiku b34
AR09499,نَاجٍ,اسم فاعل,1644,12908,من هرب من السجن على وجه مخصوص,نجا,فَاعِلٌ,,,,نَاجٍ,APPROVED,,L2_017 haiku b34 | FLAGS: ROOT_ALIF
AR09500,مُهَاجِر,اسم فاعل,1644,12909;12912,من ترك بلاده على وجه مخصوص,هجر,مُفَاعِلٌ,roots-4662:هجر:المحكم — المعاني,roots-4662:هجر:مقاييس — المحور,roots-4662:هجر:الأساس — المجاز,مُهَاجِر,APPROVED,,L2_017 haiku b34
AR09501,هِجْرَة,مصدر,1644,12910,ترك الوطن الأصلي,هجر,فِعْلَةٌ,roots-4662:هجر:المحكم — المعاني,roots-4662:هجر:مقاييس — المحور,roots-4662:هجر:الأساس — المجاز,هِجْرَة,APPROVED,,L2_017 haiku b34
AR09502,هَاجَرَ,فعل,1644,12911,الهجرة إلى بلد آخر على وجه مخصوص,هجر,فَاعَلَ,roots-4662:هجر:المحكم — المعاني,roots-4662:هجر:مقاييس — المحور,roots-4662:هجر:الأساس — المجاز,هَاجَرَ,APPROVED,,L2_017 haiku b34
AR09503,خِيَانَة,مصدر,1644,12913;12916,ترك الواجب والالتزام,خون,فِعَالَةٌ,,roots-4662:خون:مقاييس — المحور,,خِيَانَة,APPROVED,,L2_017 haiku b34
AR09504,خَانَ,فعل,1644,12915,التخلي عن الدولة على وجه مخصوص,خون,فَعَلَ,,roots-4662:خون:مقاييس — المحور,,خَانَ,APPROVED,,L2_017 haiku b34
AR09505,وَثَبَ,فعل,1644,12917,الهروب السريع على وجه مخصوص,وثب,فَعَلَ,roots-4662:وثب:المحكم — المعاني,roots-4662:وثب:مقاييس — النص,roots-4662:وثب:الأساس — المجاز,وَثَبَ,APPROVED,,L2_017 haiku b34
AR09506,تَرْجَمَ,فعل,1645,12922,نقل المعنى من لغة على وجه مخصوص,رجم,,roots-4662:رجم:المحكم — المعاني,roots-4662:رجم:مقاييس — المحور,roots-4662:رجم:الأساس — المجاز,تَرْجَمَ,APPROVED,فَعْلَمَ,L2_017 haiku b34 | FLAGS: WAZN_LEMMA_MISMATCH;WAZN_NOT_IN_INV
AR09507,تَرْجَمَة,مصدر,1645,12923,نقل النص إلى لغة أخرى,رجم,,roots-4662:رجم:المحكم — المعاني,roots-4662:رجم:مقاييس — المحور,roots-4662:رجم:الأساس — المجاز,تَرْجَمَة,APPROVED,فَعْلَمَة,L2_017 haiku b34 | FLAGS: WAZN_LEMMA_MISMATCH;WAZN_NOT_IN_INV
AR09510,أَوْصَلَ,فعل,1652,12932;12933,إيصال الرسالة على وجه مخصوص,وصل,أَفْعَلَ,roots-4662:وصل:المحكم — المعاني,roots-4662:وصل:مقاييس — المحور,,أَوْصَلَ,APPROVED,,L2_017 haiku b34
AR09511,وَضَّحَ,فعل,1652,12934,إيصال الفكرة بوضوح على وجه مخصوص,وضح,فَعَّلَ,roots-4662:وضح:المحكم — المعاني,roots-4662:وضح:مقاييس — المحور,roots-4662:وضح:الأساس — المجاز,وَضَّحَ,APPROVED,,L2_017 haiku b34
AR09512,قَطَعَ,فعل,1653,12938,تغيير الاتجاه فجأة على وجه مخصوص,قطع,فَعَلَ,roots-4662:قطع:المحكم — المعاني,roots-4662:قطع:مقاييس — المحور,roots-4662:قطع:الأساس — المجاز,قَطَعَ,APPROVED,,L2_017 haiku b34
AR09513,التَفَتَ,فعل,1653,12939,تغيير الاتجاه على وجه مخصوص,لفت,اِفْتَعَلَ,roots-4662:لفت:المحكم — المعاني,roots-4662:لفت:مقاييس — المحور,roots-4662:لفت:الأساس — المجاز,التَفَتَ,APPROVED,,L2_017 haiku b34
AR09515,يَسَار,اسم جامد,1653,12942,الانحناء نحو اليسار,يسر,فَعَالٍ,roots-4662:يسر:المحكم — المعاني,roots-4662:يسر:مقاييس — المحور,roots-4662:يسر:الأساس — المجاز,يَسَار,APPROVED,,L2_017 haiku b34
AR09516,يَمِين,اسم جامد,1653,12943,الانحناء نحو اليمين,يمن,فَعِيلٌ,roots-4662:يمن:المحكم — المعاني,roots-4662:يمن:مقاييس — النص,roots-4662:يمن:الأساس — المجاز,يَمِين,APPROVED,,L2_017 haiku b34
AR09517,انْحِنَاء,مصدر,1653,12944,تغيير الاتجاه,حنا,اِنْفِعَالٌ,,,,انْحِنَاء,APPROVED,,L2_017 haiku b34 | FLAGS: ROOT_ALIF
AR09518,انْحَنَى,فعل,1653,12979,تغيير الاتجاه فجأة على وجه مخصوص,حنا,اِنْفَعَلَ,,,,انْحَنَى,APPROVED,,L2_017 haiku b34 | FLAGS: ROOT_ALIF
AR09520,تُرْجِمُ إِلَى,تركيب,1654,12948,معادل الترجمة,,,,,,تُرْجِمُ إِلَى,APPROVED,,L2_017 haiku b34
AR09523,لَوْحَة,اسم جامد,1656,12951,صورة مرسومة بالألوان,لوح,فَعْلَةٌ,roots-4662:لوح:المحكم — المعاني,roots-4662:لوح:مقاييس — النص,roots-4662:لوح:الأساس — المجاز,لَوْحَة,APPROVED,,L2_017 haiku b34
AR09524,رَسْمَة,مصدر,1656,12953;12970;16213,رسم بقلم أو ريشة,رسم,فَعْلَةٌ,roots-4662:رسم:المحكم — المعاني,roots-4662:رسم:مقاييس — المحور,roots-4662:رسم:الأساس — المجاز,رَسْمَة,APPROVED,,L2_017 haiku b34
AR09525,تِمْثَال,اسم جامد,1656,12954;12969,تمثال منحوت,ثمل,فِعْلالٌ (رباعي),v21:ثمل:المحكم — المعاني,v21:ثمل:مقاييس — المحور,v21:ثمل:الأساس — المجاز,تِمْثَال,APPROVED,,L2_017 haiku b34 | FLAGS: WAZN_LEMMA_MISMATCH
AR09526,تِمْثَالَة,مصدر,1656,12955,تمثال صغير,ثمل,فِعْلالَةٌ,v21:ثمل:المحكم — المعاني,v21:ثمل:مقاييس — المحور,v21:ثمل:الأساس — المجاز,تِمْثَالَة,APPROVED,,L2_017 haiku b34 | FLAGS: WAZN_LEMMA_MISMATCH
AR09527,نِحْتَة,مصدر,1656,13483,عمل فني منحوت,نحت,فِعْلَةٌ,roots-4662:نحت:المحكم — المعاني,roots-4662:نحت:مقاييس — المحور,roots-4662:نحت:الأساس — المجاز,نِحْتَة,APPROVED,,L2_017 haiku b34
AR09528,مُلَصَق,اسم مفعول,1656,15945,فن مطبوع للبيع على وجه مخصوص,لصق,مُفَعَّلٌ,roots-4662:لصق:المحكم — المعاني,roots-4662:لصق:مقاييس — المحور,roots-4662:لصق:الأساس — المجاز,مُلَصَق,APPROVED,,L2_017 haiku b34
AR09530,رَسَمَ,فعل,1657,12956;12958;12965,الرسم بالألوان على وجه مخصوص,رسم,فَعَلَ,roots-4662:رسم:المحكم — المعاني,roots-4662:رسم:مقاييس — المحور,roots-4662:رسم:الأساس — المجاز,رَسَمَ,APPROVED,,L2_017 haiku b34
AR09532,نَحَتَ,فعل,1657,12959,الإنشاء بالنحت على وجه مخصوص,نحت,فَعَلَ,roots-4662:نحت:المحكم — المعاني,roots-4662:نحت:مقاييس — المحور,roots-4662:نحت:الأساس — المجاز,نَحَتَ,APPROVED,,L2_017 haiku b34
AR09534,رَسَمَ,فعل,1658,12966;12967,الرسم بالألوان على وجه مخصوص,رسم,فَعَلَ,roots-4662:رسم:المحكم — المعاني,roots-4662:رسم:مقاييس — المحور,roots-4662:رسم:الأساس — المجاز,رَسَمَ,APPROVED,,L2_017 haiku b34
AR09536,فَنَّان,اسم فاعل,1658,14206,من يمارس الفنون على وجه مخصوص,فنن,فَعَّالٌ,roots-4662:فنن:المحكم — المعاني,roots-4662:فنن:مقاييس — المحور,,فَنَّان,APPROVED,,L2_017 haiku b34
AR09537,نَحَتَ,فعل,1658,15006,الإنشاء النحتي على وجه مخصوص,نحت,فَعَلَ,roots-4662:نحت:المحكم — المعاني,roots-4662:نحت:مقاييس — المحور,roots-4662:نحت:الأساس — المجاز,نَحَتَ,APPROVED,,L2_017 haiku b34
AR09539,وَثَبَ,فعل,1659,12986,الهروب المفاجئ على وجه مخصوص,وثب,فَعَلَ,roots-4662:وثب:المحكم — المعاني,roots-4662:وثب:مقاييس — النص,roots-4662:وثب:الأساس — المجاز,وَثَبَ,APPROVED,,L2_017 haiku b34
AR09540,فَرَّ,فعل,1659,12987;12988,الفرار من الكارثة على وجه مخصوص,فرر,فَعَّلَ,roots-4662:فرر:المحكم — المعاني,roots-4662:فرر:مقاييس — المحور,roots-4662:فرر:الأساس — المجاز,فَرَّ,APPROVED,,L2_017 haiku b34 | FLAGS: WAZN_LEMMA_MISMATCH
AR09541,فِرَار,مصدر,1659,17282,الهروب من مكان,فرر,فِعَالٌ,roots-4662:فرر:المحكم — المعاني,roots-4662:فرر:مقاييس — المحور,roots-4662:فرر:الأساس — المجاز,فِرَار,APPROVED,,L2_017 haiku b34
AR09543,مُزَيَّف,اسم مفعول,1660,13004;13005;13016;13022,ليس حقيقياً أو صادقاً على وجه مخصوص,زيف,مُفَعَّلٌ,roots-4662:زيف:المحكم — المعاني,roots-4662:زيف:مقاييس — النص,,مُزَيَّف,APPROVED,,L2_017 haiku b34
AR09544,مُقَلَّد,اسم مفعول,1660,13006;13009,نسخة مزيفة على وجه مخصوص,قلد,مُفَعَّلٌ,roots-4662:قلد:المحكم — المعاني,roots-4662:قلد:مقاييس — المحور,roots-4662:قلد:الأساس — المجاز,مُقَلَّد,APPROVED,,L2_017 haiku b34
AR09545,كَاذِب,صفة مشبهة,1660,13007,اصطناعي وليس حقيقي على وجه مخصوص,كذب,فَاعِلٌ,roots-4662:كذب:المحكم — المعاني,roots-4662:كذب:مقاييس — المحور,roots-4662:كذب:الأساس — المجاز,كَاذِب,APPROVED,,L2_017 haiku b34
AR09546,أَصْلِي,صفة مشبهة,1660,13008,حقيقي وليس مقلداً على وجه مخصوص,صل,,,,,أَصْلِي,APPROVED,فَعْلِي,L2_017 haiku b34 | FLAGS: ROOT_LEN;WAZN_NOT_IN_INV
AR09547,دَجَّال,صيغة مبالغة,1660,13015,شخص مزيف,دجل,فَعَّالٌ,roots-4662:دجل:المحكم — المعاني,roots-4662:دجل:مقاييس — المحور,roots-4662:دجل:الأساس — المجاز,دَجَّال,APPROVED,,L2_017 haiku b34
AR09549,غَيْرُ صَادِق,تركيب,1660,17485,يضلل في المعاني,,,,,,غَيْرُ صَادِق,APPROVED,,L2_017 haiku b34
AR09550,زَيَّفَ,فعل,1661,13010;13011;13012;13013,إنتاج مقلد على وجه مخصوص,زيف,فَعَّلَ,roots-4662:زيف:المحكم — المعاني,roots-4662:زيف:مقاييس — النص,,زَيَّفَ,APPROVED,,L2_017 haiku b34
AR09551,تَزْيِيف,مصدر,1661,13026;13027,فعل التزيف,زيف,تَفْعِيلٌ,roots-4662:زيف:المحكم — المعاني,roots-4662:زيف:مقاييس — النص,,تَزْيِيف,APPROVED,,L2_017 haiku b34
AR09552,مُقَلَّد,اسم مفعول,1661,13029,شيء غير حقيقي على وجه مخصوص,قلد,مُفَعَّلٌ,roots-4662:قلد:المحكم — المعاني,roots-4662:قلد:مقاييس — المحور,roots-4662:قلد:الأساس — المجاز,مُقَلَّد,APPROVED,,L2_017 haiku b34
AR09557,مَرَّرَ,فعل,1671,13024;13025,التمثيل الكاذب على وجه مخصوص,مرر,فَعَّلَ,roots-4662:مرر:المحكم — المعاني,roots-4662:مرر:مقاييس — المحور,roots-4662:مرر:الأساس — المجاز,مَرَّرَ,APPROVED,,L2_017 haiku b34
AR09558,قَلَّدَ,فعل,1672,13030;13034,محاكاة السلوك والصفات على وجه مخصوص,قلد,فَعَّلَ,roots-4662:قلد:المحكم — المعاني,roots-4662:قلد:مقاييس — المحور,roots-4662:قلد:الأساس — المجاز,قَلَّدَ,APPROVED,,L2_017 haiku b34
AR09559,حَاكَى,فعل,1672,13032;13033,محاكاة للتسلية على وجه مخصوص,حاك,فَاعَلَ,,,,حَاكَى,APPROVED,,L2_017 haiku b34 | FLAGS: ROOT_ALIF
AR09560,أَخْفَى,فعل,1673,13036;13037,إزالة الشيء عن الأنظار على وجه مخصوص,خفي,أَفْعَلَ,roots-4662:خفي:المحكم — المعاني,roots-4662:خفي:مقاييس — المحور,,أَخْفَى,APPROVED,,L2_017 haiku b34
AR09561,غَطَّى,فعل,1673,13038;17564,الغطاء والتغطية على وجه مخصوص,غطا,فَعَّلَ,,,,غَطَّى,APPROVED,,L2_017 haiku b34 | FLAGS: ROOT_ALIF
AR09562,لَفَّ,فعل,1673,13039,الإحاطة لإخفاء على وجه مخصوص,لفف,فَعَّلَ,roots-4662:لفف:المحكم — المعاني,roots-4662:لفف:مقاييس — المحور,,لَفَّ,APPROVED,,L2_017 haiku b34 | FLAGS: WAZN_LEMMA_MISMATCH
AR09563,تَمَوَّهَ,فعل,1673,15241,الاختفاء بالتمويه على وجه مخصوص,موه,تَفَعَّلَ,roots-4662:موه:المحكم — المعاني,roots-4662:موه:مقاييس — النص,,تَمَوَّهَ,APPROVED,,L2_017 haiku b34
AR09564,سَدَّ,فعل,1673,17563,منع الرؤية والإدراك على وجه مخصوص,سدد,فَعَّلَ,roots-4662:سدد:المحكم — المعاني,roots-4662:سدد:مقاييس — المحور,roots-4662:سدد:الأساس — المجاز,سَدَّ,APPROVED,,L2_017 haiku b34 | FLAGS: WAZN_LEMMA_MISMATCH
AR09565,تَرَاوَحَ,فعل,1680,13050,التنوع بين الحدود على وجه مخصوص,روح,تَفَاعَلَ,roots-4662:روح:المحكم — المعاني,roots-4662:روح:مقاييس — المحور,roots-4662:روح:الأساس — المجاز,تَرَاوَحَ,APPROVED,,L2_017 haiku b34
AR09566,مِن إِلَى,تركيب,1680,14414,حدود النطاق والتنوع,,,,,,مِن إِلَى,APPROVED,,L2_017 haiku b34
AR09567,يَقِظ,صفة مشبهة,1681,13060,عدم النوم والوعي على وجه مخصوص,يقظ,فَاعِلٌ,roots-4662:يقظ:المحكم — المعاني,,roots-4662:يقظ:الأساس — المجاز,يَقِظ,APPROVED,,L2_017 haiku b34
AR09568,وَاعٍ,صفة مشبهة,1681,13061,إدراك البيئة على وجه مخصوص,وعي,فَاعِلٌ,roots-4662:وعي:المحكم — المعاني,roots-4662:وعي:مقاييس — المحور,,وَاعٍ,APPROVED,,L2_017 haiku b34
AR09569,مُتَيَقِّظ,اسم فاعل,1681,13062,عدم القدرة على النوم على وجه مخصوص,يقظ,مُتَفَعِّلٌ,roots-4662:يقظ:المحكم — المعاني,,roots-4662:يقظ:الأساس — المجاز,مُتَيَقِّظ,APPROVED,,L2_017 haiku b34
AR09570,سَهِرَ,فعل,1681,13063,السهر الديني على وجه مخصوص,سهر,فَعِلَ,,roots-4662:سهر:مقاييس — المحور,roots-4662:سهر:الأساس — المجاز,سَهِرَ,APPROVED,,L2_017 haiku b34
AR09571,فَعَّلَ,فعل,1688,13064,تشغيل الجهاز على وجه مخصوص,فعل,فَعَّلَ,roots-4662:فعل:المحكم — المعاني,roots-4662:فعل:مقاييس — المحور,,فَعَّلَ,APPROVED,,L2_017 haiku b34
AR09573,أَطْفَأَ,فعل,1688,13066;14596;14638;17186,إطفاء الجهاز على وجه مخصوص,طفا,أَفْعَلَ,,,,أَطْفَأَ,APPROVED,,L2_017 haiku b34 | FLAGS: ROOT_ALIF
AR09574,قَطَعَ,فعل,1688,14764;15931,إيقاف المحرك على وجه مخصوص,قطع,فَعَلَ,roots-4662:قطع:المحكم — المعاني,roots-4662:قطع:مقاييس — المحور,roots-4662:قطع:الأساس — المجاز,قَطَعَ,APPROVED,,L2_017 haiku b34
AR09575,لَخَّصَ,فعل,1722,13119;13125;13126;14889,تلخيص الموضوع على وجه مخصوص,لخص,فَعَّلَ,roots-4662:لخص:المحكم — المعاني,roots-4662:لخص:مقاييس — النص,,لَخَّصَ,APPROVED,,L2_017 haiku b34
AR09576,خُلَاصَة,اسم جامد,1722,13124,ملخص قصير,لخص,فُعَالَةٌ,roots-4662:لخص:المحكم — المعاني,roots-4662:لخص:مقاييس — النص,,خُلَاصَة,APPROVED,,L2_017 haiku b34 | FLAGS: WAZN_LEMMA_MISMATCH
AR09578,تَأَثَّرَ,فعل,1725,18203,التأثر بشيء ما على وجه مخصوص,ثير,تَفَعَّلَ,,,,تَأَثَّرَ,APPROVED,,L2_017 haiku b34
AR09579,نَفَّذَ,فعل,1726,13136,تنفيذ الخطة على وجه مخصوص,نفذ,فَعَّلَ,roots-4662:نفذ:المحكم — المعاني,roots-4662:نفذ:مقاييس — المحور,roots-4662:نفذ:الأساس — المجاز,نَفَّذَ,APPROVED,,L2_017 haiku b34
AR09580,تَنْفِيذ,مصدر,1726,13359;13425,فعل التنفيذ,نفذ,تَفْعِيلٌ,roots-4662:نفذ:المحكم — المعاني,roots-4662:نفذ:مقاييس — المحور,roots-4662:نفذ:الأساس — المجاز,تَنْفِيذ,APPROVED,,L2_017 haiku b34
AR09585,وَثِقَ,فعل,1731,13161;13169,تصديق القول على وجه مخصوص,وثق,فَعِلَ,roots-4662:وثق:المحكم — المعاني,roots-4662:وثق:مقاييس — المحور,,وَثِقَ,APPROVED,,L2_017 haiku b34
AR09586,مَوْثُوق,اسم مفعول,1731,13166,يُمْكِنُ الاعتماد عليه على وجه مخصوص,وثق,مَفْعُولٌ,roots-4662:وثق:المحكم — المعاني,roots-4662:وثق:مقاييس — المحور,,مَوْثُوق,APPROVED,,L2_017 haiku b34
AR09588,سَاذَج,صفة مشبهة,1731,13168;13705,يصدق بسهولة على وجه مخصوص,سذج,فَاعِلٌ,v21:سذج:المحكم — المعاني,,,سَاذَج,APPROVED,,L2_017 haiku b34
AR09589,مَوْثُوقِيَّة,مصدر,1731,13171,درجة الثقة,وثق,مَفْعُولِيَّةٌ,roots-4662:وثق:المحكم — المعاني,roots-4662:وثق:مقاييس — المحور,,مَوْثُوقِيَّة,APPROVED,,L2_017 haiku b34
AR09590,ثِقَة,اسم جامد,1731,13172,الاعتقاد الراسخ,وثق,فِعَالَةٌ,roots-4662:وثق:المحكم — المعاني,roots-4662:وثق:مقاييس — المحور,,ثِقَة,APPROVED,,L2_017 haiku b34
AR09594,اِنْتَسَبَ,فعل,1733,13164,الالتحاق بالمجموعة على وجه مخصوص,نسب,,roots-4662:نسب:المحكم — المعاني,roots-4662:نسب:مقاييس — النص,roots-4662:نسب:الأساس — المجاز,اِنْتَسَبَ,APPROVED,اِنْتَفَعَلَ,L2_017 haiku b34 | FLAGS: WAZN_LEMMA_MISMATCH;WAZN_NOT_IN_INV
AR09596,دَخَلَ,فعل,1733,13170,الدخول للمؤسسة على وجه مخصوص,دخل,فَعَلَ,roots-4662:دخل:المحكم — المعاني,roots-4662:دخل:مقاييس — المحور,,دَخَلَ,APPROVED,,L2_017 haiku b34
AR09597,سَتَرَ,فعل,1734,13178,التستر على النشاط غير المشروع على وجه مخصوص,ستر,فَعَلَ,roots-4662:ستر:المحكم — المعاني,roots-4662:ستر:مقاييس — المحور,,سَتَرَ,APPROVED,,L2_017 haiku b34
AR09598,وَاجِهَة,اسم جامد,1734,13179,ستار للنشاط غير المشروع,وجه,فَاعِلَةٌ,roots-4662:وجه:المحكم — المعاني,roots-4662:وجه:مقاييس — المحور,roots-4662:وجه:الأساس — المجاز,وَاجِهَة,APPROVED,,L2_017 haiku b34
AR09599,سِتَار,اسم جامد,1734,14264,غطاء للنشاط غير المشروع,ستر,فِعَالٌ,roots-4662:ستر:المحكم — المعاني,roots-4662:ستر:مقاييس — المحور,,سِتَار,APPROVED,,L2_017 haiku b34
AR09600,إِرْهَاب,مصدر,1750,13343,العنف لأغراض سياسية,رهب,إِفْعَالٌ,roots-4662:رهب:المحكم — المعاني,roots-4662:رهب:مقاييس — المحور,roots-4662:رهب:الأساس — المجاز,إِرْهَاب,APPROVED,,L2_017 haiku b34
AR09601,إِرْهَابِي,صفة مشبهة,1750,13344;13352,من يستخدم العنف على وجه مخصوص,رهب,,roots-4662:رهب:المحكم — المعاني,roots-4662:رهب:مقاييس — المحور,roots-4662:رهب:الأساس — المجاز,إِرْهَابِي,APPROVED,إِفْعَالِي,L2_017 haiku b34 | FLAGS: WAZN_NOT_IN_INV
AR09602,إِرْهَاب بِيئِي,تركيب,1750,13346,العنف ضد البيئة,,,,,,إِرْهَاب بِيئِي,APPROVED,,L2_017 haiku b34 | FLAGS: ROOT_WAZN_CLEARED_NO_ROOT_POS
AR09603,إِرْهَابِي بِيئِي,اسم منسوب,1750,13347,من يهدد الموارد الطبيعية,رهب,,roots-4662:رهب:المحكم — المعاني,roots-4662:رهب:مقاييس — المحور,roots-4662:رهب:الأساس — المجاز,إِرْهَابِي بِيئِي,APPROVED,,L2_017 haiku b34 | FLAGS: WAZN_MISSING
AR09604,إِرْهَاب بِيولُوجِي,تركيب,1750,13348,الإرهاب بالسلاح البيولوجي,,,,,,إِرْهَاب بِيولُوجِي,APPROVED,,L2_017 haiku b34 | FLAGS: ROOT_WAZN_CLEARED_NO_ROOT_POS
AR09605,إِرْهَابِي بِيولُوجِي,اسم منسوب,1750,13349,من يستخدم السلاح البيولوجي,رهب,,roots-4662:رهب:المحكم — المعاني,roots-4662:رهب:مقاييس — المحور,roots-4662:رهب:الأساس — المجاز,إِرْهَابِي بِيولُوجِي,APPROVED,,L2_017 haiku b34 | FLAGS: WAZN_MISSING
AR09606,عُنْف بِيئِي,تركيب,1750,13353,الأعمال العنيفة ضد البيئة,,,,,,عُنْف بِيئِي,APPROVED,,L2_017 haiku b34
AR09607,رُعْب,اسم جامد,1750,14567,وسيلة الإرهابيين,رعب,فُعْلٌ,roots-4662:رعب:المحكم — المعاني,roots-4662:رعب:مقاييس — المحور,roots-4662:رعب:الأساس — المجاز,رُعْب,APPROVED,,L2_017 haiku b34
AR09608,مَال,اسم جامد,1761,13361;13364,وسيط التبادل المالي,مول,فَعَالٍ,roots-4662:مول:المحكم — المعاني,roots-4662:مول:مقاييس — النص,,مَال,APPROVED,,L2_017 haiku b34
AR09609,نُقُود,اسم جامد,1761,13362,المال نقداً,نقد,فُعُولٌ,roots-4662:نقد:المحكم — المعاني,roots-4662:نقد:مقاييس — المحور,,نُقُود,APPROVED,,L2_017 haiku b34
AR09610,أَمْوَال,اسم جامد,1761,13363,الموارد المالية,مول,,roots-4662:مول:المحكم — المعاني,roots-4662:مول:مقاييس — النص,,أَمْوَال,APPROVED,أَفْعَال,L2_017 haiku b34 | FLAGS: WAZN_NOT_IN_INV
AR09611,رَأْس مَال,تركيب,1761,13365,الثروة المستثمرة,,,,,,رَأْس مَال,APPROVED,,L2_017 haiku b34 | FLAGS: ROOT_WAZN_CLEARED_NO_ROOT_POS
AR09613,جِنِيهٌ,اسم جامد,1761,14990,نقد بريطاني,جنه,,v21:جنه:المحكم — المعاني,v21:جنه:مقاييس — النص,,جِنِيهٌ,APPROVED,فِعِيل,L2_017 haiku b34 | FLAGS: WAZN_NOT_IN_INV
AR09614,صُندُوق,اسم جامد,1761,18608,مصدر الأموال,صندق,فُعْلُولٌ,,,,صُندُوق,APPROVED,,L2_017 haiku b34
AR09616,غَيْرُ آمِن,تركيب,1762,13378,معرض للخطر,,,,,,غَيْرُ آمِن,APPROVED,,L2_017 haiku b34 | FLAGS: ROOT_NORMALIZED;ROOT_WAZN_CLEARED_NO_ROOT_POS
AR09617,خَطِير,صفة مشبهة,1762,13379,قادر على الإضرار على وجه مخصوص,خطر,فَعِيلٌ,roots-4662:خطر:المحكم — المعاني,roots-4662:خطر:مقاييس — المحور,roots-4662:خطر:الأساس — المجاز,خَطِير,APPROVED,,L2_017 haiku b34
AR09618,مَحْفُوف بِالْخَطَرِ,تركيب,1762,13380,احتمال النتيجة السيئة,,,,,,مَحْفُوف بِالْخَطَرِ,APPROVED,,L2_017 haiku b34 | FLAGS: ROOT_WAZN_CLEARED_NO_ROOT_POS
AR09619,خَطَر,اسم جامد,1762,13381;13401,احتمال الأذى,خطر,فَعَلٌ,roots-4662:خطر:المحكم — المعاني,roots-4662:خطر:مقاييس — المحور,roots-4662:خطر:الأساس — المجاز,خَطَر,APPROVED,,L2_017 haiku b34
AR09620,تَهْدِيد,مصدر,1762,13400,احتمال الخطر,هدد,تَفْعِيلٌ,roots-4662:هدد:المحكم — المعاني,roots-4662:هدد:مقاييس — المحور,roots-4662:هدد:الأساس — المجاز,تَهْدِيد,APPROVED,,L2_017 haiku b34
AR09621,بِرِعَالَة,ظرف,1762,13452,بطريقة محفوفة بالخطر,,,,,,بِرِعَالَة,APPROVED,,L2_017 haiku b34 | FLAGS: ROOT_MISSING;WAZN_MISSING
AR09625,اختَصَرَ,فعل,1770,13466;13470;13471,تقصير المدة على وجه مخصوص,خصر,اِفْتَعَلَ,roots-4662:خصر:المحكم — المعاني,roots-4662:خصر:مقاييس — المحور,roots-4662:خصر:الأساس — المجاز,اختَصَرَ,APPROVED,,L2_017 haiku b34
AR09627,مَدَّ,فعل,1770,13469,جعل أطول على وجه مخصوص,مدد,فَعَّلَ,roots-4662:مدد:المحكم — المعاني,roots-4662:مدد:مقاييس — المحور,roots-4662:مدد:الأساس — المجاز,مَدَّ,APPROVED,,L2_017 haiku b34 | FLAGS: WAZN_LEMMA_MISMATCH
AR09628,أَبْطَأَ,فعل,1770,18536,زيادة المدة على وجه مخصوص,بطء,أَفْعَلَ,v21:بطأ:المحكم — المعاني,v21:بطأ:مقاييس — المحور,,أَبْطَأَ,APPROVED,,L2_017 haiku b34 | FLAGS: ROOT_NORMALIZED
AR09629,ازْدَهَرَ,فعل,1771,13517;13519,الازدهار والنمو على وجه مخصوص,زهر,اِفْتَعَلَ,roots-4662:زهر:المحكم — المعاني,roots-4662:زهر:مقاييس — المحور,roots-4662:زهر:الأساس — المجاز,ازْدَهَرَ,APPROVED,,L2_017 haiku b34 | FLAGS: WAZN_LEMMA_MISMATCH
AR09630,نَمَا,فعل,1771,13518,النمو الصحي على وجه مخصوص,نما,فَعَلَ,,,,نَمَا,APPROVED,,L2_017 haiku b34 | FLAGS: ROOT_ALIF
AR09631,ذَبِلَ,فعل,1771,13520,الضعف والتدهور على وجه مخصوص,ذبل,فَعِلَ,roots-4662:ذبل:المحكم — المعاني,roots-4662:ذبل:مقاييس — المحور,roots-4662:ذبل:الأساس — المجاز,ذَبِلَ,APPROVED,,L2_017 haiku b34
AR09632,كَسَاد,اسم جامد,1771,13521,فترة الكساد,كسد,فَعَالٍ,roots-4662:كسد:المحكم — المعاني,roots-4662:كسد:مقاييس — المحور,,كَسَاد,APPROVED,,L2_017 haiku b34
AR09634,سَارَ,فعل,1771,13851,الأداء في الوضع على وجه مخصوص,سير,فَعَلَ,roots-4662:سير:المحكم — المعاني,roots-4662:سير:مقاييس — المحور,,سَارَ,APPROVED,,L2_017 haiku b34
AR09635,ازْدِهَار,مصدر,1771,13852,حالة النجاح المالي,زهر,اِفْتِعَالٌ,roots-4662:زهر:المحكم — المعاني,roots-4662:زهر:مقاييس — المحور,roots-4662:زهر:الأساس — المجاز,ازْدِهَار,APPROVED,,L2_017 haiku b34 | FLAGS: WAZN_LEMMA_MISMATCH
AR09637,قَوَّى,فعل,1781,13530;13531;17598,جعل أقوى على وجه مخصوص,قوي,فَعَّلَ,,roots-4662:قوي:مقاييس — المحور,,قَوَّى,APPROVED,,L2_017 haiku b34
AR09638,دَعَّمَ,فعل,1781,13532,إعطاء قوة إضافية على وجه مخصوص,دعم,فَعَّلَ,roots-4662:دعم:المحكم — المعاني,roots-4662:دعم:مقاييس — المحور,roots-4662:دعم:الأساس — المجاز,دَعَّمَ,APPROVED,,L2_017 haiku b34
AR09640,دَعَّمَ,فعل,1782,13534,إعطاء دعم على وجه مخصوص,دعم,فَعَّلَ,roots-4662:دعم:المحكم — المعاني,roots-4662:دعم:مقاييس — المحور,roots-4662:دعم:الأساس — المجاز,دَعَّمَ,APPROVED,,L2_017 haiku b34
AR09643,وَسِيلَة,اسم جامد,1790,13556,الطريقة لتحقيق النتيجة,وسل,فَعِيلَةٌ,roots-4662:وسل:المحكم — المعاني,roots-4662:وسل:مقاييس — المحور,,وَسِيلَة,APPROVED,,L2_017 haiku b34
AR09645,تِقْنِيَة,اسم جامد,1790,13559,الأسلوب الفعال,تقن,فِعْلِيَةٌ,v21:تقن:المحكم — المعاني,v21:تقن:مقاييس — المحور,,تِقْنِيَة,APPROVED,,L2_017 haiku b34
AR09646,إِجْرَاء,اسم جامد,1790,13560;13563,سلسلة الخطوات,جرا,إِفْعَالٌ,,,,إِجْرَاء,APPROVED,,L2_017 haiku b34 | FLAGS: ROOT_ALIF
AR09647,آلِيَّة,اسم جامد,1790,13564,عملية التحقق,ءل,فَاعِلَةٌ,,,,آلِيَّة,APPROVED,,L2_017 haiku b34 | FLAGS: ROOT_LEN;ROOT_NORMALIZED
AR09650,وَصْفَة,اسم جامد,1790,13568,تعليمات الإعداد,وصف,فَعْلَةٌ,roots-4662:وصف:المحكم — المعاني,roots-4662:وصف:مقاييس — المحور,roots-4662:وصف:الأساس — المجاز,وَصْفَة,APPROVED,,L2_017 haiku b34
AR09651,بِ,حرف,1790,13569,بواسطة الوسيلة,,,,,,بِ,APPROVED,,L2_017 haiku b34
AR09653,عَلَى,حرف,1790,14721,بواسطة الاستخدام,,,,,,عَلَى,APPROVED,,L2_017 haiku b34
AR09654,كَيْفَ,ظرف,1790,18442,سؤال عن الوسيلة,,,,,,كَيْفَ,APPROVED,,L2_017 haiku b34 | FLAGS: ROOT_MISSING;WAZN_MISSING
AR09655,نَجَا,فعل,1792,13571,البقاء على قيد الحياة على وجه مخصوص,نجا,فَعَلَ,,,,نَجَا,APPROVED,,L2_017 haiku b34 | FLAGS: ROOT_ALIF
AR09657,نَجَاة,مصدر,1792,14587,البقاء حياً,نجا,فَعَالَةٌ,,,,نَجَاة,APPROVED,,L2_017 haiku b34 | FLAGS: ROOT_ALIF
AR09662,اِسْتَوْطَنَ,فعل,1794,13578,الاستقرار في أرض جديدة على وجه مخصوص,وطن,اِسْتَفْعَلَ,roots-4662:وطن:المحكم — المعاني,roots-4662:وطن:مقاييس — النص,roots-4662:وطن:الأساس — المجاز,اِسْتَوْطَنَ,APPROVED,,L2_017 haiku b34
AR09663,اِسْتِيطَان,مصدر,1794,13579,عملية الاستيطان,وطن,اِسْتِفْعَالٌ,roots-4662:وطن:المحكم — المعاني,roots-4662:وطن:مقاييس — النص,roots-4662:وطن:الأساس — المجاز,اِسْتِيطَان,APPROVED,,L2_017 haiku b34
AR09664,مُسْتَوْطَنَة,اسم جامد,1794,13580,مكان الاستيطان,وطن,مُسْتَفْعَلَةٌ,roots-4662:وطن:المحكم — المعاني,roots-4662:وطن:مقاييس — النص,roots-4662:وطن:الأساس — المجاز,مُسْتَوْطَنَة,APPROVED,,L2_017 haiku b34
AR09665,مُسْتَوْطِن,اسم فاعل,1794,13581,من يستوطن على وجه مخصوص,وطن,مُسْتَفْعِلٌ,roots-4662:وطن:المحكم — المعاني,roots-4662:وطن:مقاييس — النص,roots-4662:وطن:الأساس — المجاز,مُسْتَوْطِن,APPROVED,,L2_017 haiku b34
AR09666,أَسْكَنَ,فعل,1794,13582;13583;14663,الإقامة والسكن على وجه مخصوص,سكن,أَفْعَلَ,roots-4662:سكن:المحكم — المعاني,roots-4662:سكن:مقاييس — المحور,roots-4662:سكن:الأساس — المجاز,أَسْكَنَ,APPROVED,,L2_017 haiku b34
AR09667,هَيْمَنَ,فعل,1795,13596,يسيطر العامل بقوة على الموقف,همن,فَعْلَلَ,v21:همن:المحكم — المعاني,v21:همن:مقاييس — النص,,هَيْمَنَ,APPROVED,,L2_017 haiku b35 | FLAGS: WAZN_LEMMA_MISMATCH
AR09668,هَيْمَنَة,مصدر,1795,13597,حالة تحكم العامل بالوضع,همن,فَعْلَلَةٌ,v21:همن:المحكم — المعاني,v21:همن:مقاييس — النص,,هَيْمَنَة,APPROVED,,L2_017 haiku b35 | FLAGS: WAZN_LEMMA_MISMATCH
AR09669,غَالِب,صفة مشبهة,1795,13601,الأقوى والأهم تأثيراً في الموقف,غلب,فَاعِلٌ,roots-4662:غلب:المحكم — المعاني,roots-4662:غلب:مقاييس — المحور,roots-4662:غلب:الأساس — المجاز,غَالِب,APPROVED,,L2_017 haiku b35
AR09670,غَلَبَ,فعل,1795,13604,يكون العنصر الأقوى أو الأساسي,غلب,فَعَلَ,roots-4662:غلب:المحكم — المعاني,roots-4662:غلب:مقاييس — المحور,roots-4662:غلب:الأساس — المجاز,غَلَبَ,APPROVED,,L2_017 haiku b35
AR09674,غَالِب,صفة مشبهة,1796,13600,ذو قوة وسيطرة,غلب,فَاعِلٌ,roots-4662:غلب:المحكم — المعاني,roots-4662:غلب:مقاييس — المحور,roots-4662:غلب:الأساس — المجاز,غَالِب,APPROVED,,L2_017 haiku b35
AR09675,زَعِيم,اسم فاعل,1796,13626,من يحكم بالقوة والتهديد,زعم,فَاعِلٌ,roots-4662:زعم:المحكم — المعاني,roots-4662:زعم:مقاييس — المحور,roots-4662:زعم:الأساس — المجاز,زَعِيم,APPROVED,,L2_017 haiku b35
AR09679,قَادَ,فعل,1799,18132,يملك السلطة على الموقف,قود,فَعَلَ,roots-4662:قود:المحكم — المعاني,roots-4662:قود:مقاييس — المحور,roots-4662:قود:الأساس — المجاز,قَادَ,APPROVED,,L2_017 haiku b35
AR09680,قِيَادَة,مصدر,1799,18133,ممارسة السلطة والتحكم,قود,فِعَالَةٌ,roots-4662:قود:المحكم — المعاني,roots-4662:قود:مقاييس — المحور,roots-4662:قود:الأساس — المجاز,قِيَادَة,APPROVED,,L2_017 haiku b35
AR09681,نَظَّمَ,فعل,1799,18136,يسيطر بقاعدة أو منهج,نظم,فَعَّلَ,roots-4662:نظم:المحكم — المعاني,roots-4662:نظم:مقاييس — المحور,roots-4662:نظم:الأساس — المجاز,نَظَّمَ,APPROVED,,L2_017 haiku b35
AR09682,نِظَام,اسم جامد,1799,18137,قاعدة تُفرض من السلطة,نظم,فِعَالٌ,roots-4662:نظم:المحكم — المعاني,roots-4662:نظم:مقاييس — المحور,roots-4662:نظم:الأساس — المجاز,نِظَام,APPROVED,,L2_017 haiku b35
AR09684,هَيْمَنَ,فعل,1800,18150,يسود ويحكم الموضع,همن,فَعْلَلَ,v21:همن:المحكم — المعاني,v21:همن:مقاييس — النص,,هَيْمَنَ,APPROVED,,L2_017 haiku b35 | FLAGS: WAZN_LEMMA_MISMATCH
AR09685,هَيْمَنَة,مصدر,1800,18151,السلطة والحكم على الكيان,همن,فَعْلَلَةٌ,v21:همن:المحكم — المعاني,v21:همن:مقاييس — النص,,هَيْمَنَة,APPROVED,,L2_017 haiku b35 | FLAGS: WAZN_LEMMA_MISMATCH
AR09686,أَدَارَ,فعل,1800,18152,يوجه ويتحكم في الاستخدام,دور,أَفْعَلَ,roots-4662:دور:المحكم — المعاني,roots-4662:دور:مقاييس — المحور,,أَدَارَ,APPROVED,,L2_017 haiku b35
AR09687,إِدَارَة,مصدر,1800,18153,توجيه وتحكم في الشؤون,دور,إِفْعَالَةٌ,roots-4662:دور:المحكم — المعاني,roots-4662:دور:مقاييس — المحور,,إِدَارَة,APPROVED,,L2_017 haiku b35
AR09688,لَاعَبَ,فعل,1800,18154,يتحكم في الشيء بمهارة,لعب,فَاعَلَ,roots-4662:لعب:المحكم — المعاني,roots-4662:لعب:مقاييس — المحور,roots-4662:لعب:الأساس — المجاز,لَاعَبَ,APPROVED,,L2_017 haiku b35
AR09689,مُلاعَبَة,مصدر,1800,18155,التحكم الماهر في الشيء,لعب,مُفَاعَلَةٌ,roots-4662:لعب:المحكم — المعاني,roots-4662:لعب:مقاييس — المحور,roots-4662:لعب:الأساس — المجاز,مُلاعَبَة,APPROVED,,L2_017 haiku b35
AR09692,قَدَر,اسم جامد,1801,13615,ما يحدث بقضاء محتوم,قدر,فَعَلٌ,roots-4662:قدر:المحكم — المعاني,roots-4662:قدر:مقاييس — المحور,roots-4662:قدر:الأساس — المجاز,قَدَر,APPROVED,,L2_017 haiku b35
AR09693,نَصِيب,اسم جامد,1801,13621,حظ الشخص في الحياة,نصب,فَاعِلٌ,roots-4662:نصب:المحكم — المعاني,roots-4662:نصب:مقاييس — المحور,,نَصِيب,APPROVED,,L2_017 haiku b35
AR09695,قِسْمَة,مصدر,1801,13623,الحظ والمقسوم على الشخص,قسم,فِعْلَةٌ,roots-4662:قسم:المحكم — المعاني,roots-4662:قسم:مقاييس — المحور,roots-4662:قسم:الأساس — المجاز,قِسْمَة,APPROVED,,L2_017 haiku b35
AR09696,نُجوم,اسم جامد,1801,13624,تأثير النجوم على المصير,,,,,,نُجوم,APPROVED,,L2_017 haiku b35 | دخيل | FLAGS: ROOT_MISSING;WAZN_MISSING
AR09697,هَلاك,مصدر,1801,13625,مصير مظلم محتوم,هلك,فَعَالٍ,roots-4662:هلك:المحكم — المعاني,roots-4662:هلك:مقاييس — المحور,roots-4662:هلك:الأساس — المجاز,هَلاك,APPROVED,,L2_017 haiku b35
AR09698,قَضاء,مصدر,1801,13631,الظروف التي لا يمكن تجنبها,قضي,فَعَالٍ,roots-4662:قضي:المحكم — المعاني,roots-4662:قضي:مقاييس — المحور,roots-4662:قضي:الأساس — المجاز,قَضاء,APPROVED,,L2_017 haiku b35
AR09699,مَقْدور,اسم مفعول,1801,15896;15897,ما هو في البطاقات,قدر,,roots-4662:قدر:المحكم — المعاني,roots-4662:قدر:مقاييس — المحور,roots-4662:قدر:الأساس — المجاز,مَقْدور,APPROVED,مَفْعول,L2_017 haiku b35 | FLAGS: WAZN_NOT_IN_INV
AR09700,مَقْضِي,اسم مفعول,1801,15898;15899,ما هو محتوم بلا جهد,قضي,,roots-4662:قضي:المحكم — المعاني,roots-4662:قضي:مقاييس — المحور,roots-4662:قضي:الأساس — المجاز,مَقْضِي,APPROVED,مَفْعُل,L2_017 haiku b35 | FLAGS: WAZN_NOT_IN_INV
AR09701,هَالِك,صفة مشبهة,1801,15900,محتوم عليه بحال معينة,هلك,فَاعِلٌ,roots-4662:هلك:المحكم — المعاني,roots-4662:هلك:مقاييس — المحور,roots-4662:هلك:الأساس — المجاز,هَالِك,APPROVED,,L2_017 haiku b35
AR09704,سَعِيد,صفة مشبهة,1811,13629,محظوظ وفي حالة مواتية,سعد,فَاعِلٌ,roots-4662:سعد:المحكم — المعاني,roots-4662:سعد:مقاييس — المحور,roots-4662:سعد:الأساس — المجاز,سَعِيد,APPROVED,,L2_017 haiku b35
AR09706,بِحَظ,ظرف,1811,14212,بفعل الحظ والصدفة,,,,,,بِحَظ,APPROVED,,L2_017 haiku b35 | FLAGS: ROOT_MISSING;WAZN_MISSING
AR09707,بِسَعْد,ظرف,1811,14213,بفعل الحظ الجيد,,,,,,بِسَعْد,APPROVED,,L2_017 haiku b35 | FLAGS: ROOT_MISSING;WAZN_MISSING
AR09708,عَرَضِي,اسم منسوب,1811,14811,بسبب صدفة سعيدة,,,,,,عَرَضِي,APPROVED,,L2_017 haiku b35 | FLAGS: ROOT_MISSING;WAZN_MISSING
AR09709,شَقِي,صفة مشبهة,1811,16252,محروم أو جدير بالرثاء,شقي,فَاعِلٌ,,,,شَقِي,APPROVED,,L2_017 haiku b35
AR09714,عَشْوَائِي,اسم منسوب,1812,15891;15892,يحدث دون توقع,,,,,,عَشْوَائِي,APPROVED,,L2_017 haiku b35 | FLAGS: ROOT_MISSING;WAZN_MISSING
AR09715,بِشَكْل عَشْوَائِي,تركيب,1812,15895,دون نظام أو توقع,,,,,,بِشَكْل عَشْوَائِي,APPROVED,,L2_017 haiku b35
AR09716,أَنْفَذَ,فعل,1813,13639,يفرض امتثال القاعدة,نفذ,أَفْعَلَ,roots-4662:نفذ:المحكم — المعاني,roots-4662:نفذ:مقاييس — المحور,roots-4662:نفذ:الأساس — المجاز,أَنْفَذَ,APPROVED,,L2_017 haiku b35
AR09717,إِنْفَاذ,مصدر,1813,13761,فرض اتباع القاعدة,نفذ,إِفْعَالٌ,roots-4662:نفذ:المحكم — المعاني,roots-4662:نفذ:مقاييس — المحور,roots-4662:نفذ:الأساس — المجاز,إِنْفَاذ,APPROVED,,L2_017 haiku b35
AR09723,من بين,حرف,1818,13929,كعضو في مجموعة أكبر,,,,,,من بين,APPROVED,,L2_017 haiku b35 | FLAGS: UNVOCALIZED
AR09733,خَزَّنَ,فعل,1850,13681,يوجد مخزوناً من البضاعة,خزن,فَعَّلَ,roots-4662:خزن:المحكم — المعاني,roots-4662:خزن:مقاييس — المحور,roots-4662:خزن:الأساس — المجاز,خَزَّنَ,APPROVED,,L2_017 haiku b35
AR09734,كَسَرَ,فعل,1860,13692;15873,ينفصل جزء صغير,كسر,فَعَلَ,roots-4662:كسر:المحكم — المعاني,roots-4662:كسر:مقاييس — المحور,roots-4662:كسر:الأساس — المجاز,كَسَرَ,APPROVED,,L2_017 haiku b35
AR09735,انْفَصَلَ,فعل,1860,15797,ينفصل أو يسقط,فصل,اِنْفَعَلَ,roots-4662:فصل:المحكم — المعاني,roots-4662:فصل:مقاييس — النص,,انْفَصَلَ,APPROVED,,L2_017 haiku b35
AR09736,انْكَسَرَ,فعل,1862,13696,ينفصل إلى قطع صغيرة,كسر,اِنْفَعَلَ,roots-4662:كسر:المحكم — المعاني,roots-4662:كسر:مقاييس — المحور,roots-4662:كسر:الأساس — المجاز,انْكَسَرَ,APPROVED,,L2_017 haiku b35
AR09737,انْهَارَ,فعل,1862,13697,ينفصل إلى أجزاء صغيرة,هور,اِنْفَعَلَ,roots-4662:هور:المحكم — المعاني,roots-4662:هور:مقاييس — المحور,roots-4662:هور:الأساس — المجاز,انْهَارَ,APPROVED,,L2_017 haiku b35
AR09738,تَفَتَّتَ,فعل,1862,15870;17568,ينقسم إلى أجزاء,فتت,تَفَعَّلَ,roots-4662:فتت:المحكم — المعاني,roots-4662:فتت:مقاييس — المحور,,تَفَتَّتَ,APPROVED,,L2_017 haiku b35
AR09741,انْقَسَمَ,فعل,1862,15874,ينكسر إلى أجزاء,قسم,اِنْفَعَلَ,roots-4662:قسم:المحكم — المعاني,roots-4662:قسم:مقاييس — المحور,roots-4662:قسم:الأساس — المجاز,انْقَسَمَ,APPROVED,,L2_017 haiku b35
AR09742,انْفَصَلَ,فعل,1862,15875,ينقسم من صدمة,فصل,اِنْفَعَلَ,roots-4662:فصل:المحكم — المعاني,roots-4662:فصل:مقاييس — النص,,انْفَصَلَ,APPROVED,,L2_017 haiku b35
AR09743,انْفَصَلَ,فعل,1863,13702,ينفصل عن الكل,فصل,اِنْفَعَلَ,roots-4662:فصل:المحكم — المعاني,roots-4662:فصل:مقاييس — النص,,انْفَصَلَ,APPROVED,,L2_017 haiku b35
AR09744,انْقَسَمَ,فعل,1863,13703;13704,ينقسم بعنف,قسم,اِنْفَعَلَ,roots-4662:قسم:المحكم — المعاني,roots-4662:قسم:مقاييس — المحور,roots-4662:قسم:الأساس — المجاز,انْقَسَمَ,APPROVED,,L2_017 haiku b35
AR09745,وُصول,مصدر,1870,13720,الحق في استخدام أو رؤية شيء,وصل,,roots-4662:وصل:المحكم — المعاني,roots-4662:وصل:مقاييس — المحور,,وُصول,APPROVED,فُعول,L2_017 haiku b35 | FLAGS: WAZN_NOT_IN_INV
AR09746,مَسْدود,اسم مفعول,1870,13721,غير قادر على الدخول,سدد,,roots-4662:سدد:المحكم — المعاني,roots-4662:سدد:مقاييس — المحور,roots-4662:سدد:الأساس — المجاز,مَسْدود,APPROVED,مَفْعول,L2_017 haiku b35 | FLAGS: WAZN_NOT_IN_INV
AR09747,متَاح,صفة مشبهة,1870,13760,يمكن الوصول إليه,وتح,,roots-4662:وتح:المحكم — المعاني,roots-4662:وتح:مقاييس — المحور,,متَاح,APPROVED,مَفْعول,L2_017 haiku b35 | FLAGS: WAZN_NOT_IN_INV
AR09748,غَيْر متَاح,تركيب,1870,17376,لا يمكن الاقتراب منه,,,,,,غَيْر متَاح,APPROVED,,L2_017 haiku b35
AR09749,وَصَلَ,فعل,1870,17377,يدخل أو يقترب من موقع,وصل,فَعَلَ,roots-4662:وصل:المحكم — المعاني,roots-4662:وصل:مقاييس — المحور,,وَصَلَ,APPROVED,,L2_017 haiku b35
AR09750,مَفْتوح,اسم مفعول,1872,13722,يسمح بالدخول والمرور,فتح,,roots-4662:فتح:المحكم — المعاني,roots-4662:فتح:مقاييس — المحور,roots-4662:فتح:الأساس — المجاز,مَفْتوح,APPROVED,مَفْعول,L2_017 haiku b35 | FLAGS: WAZN_NOT_IN_INV
AR09751,مُغْلَق,اسم مفعول,1872,13723;16957,لا يسمح بالدخول,غلق,مُفْعَلٌ,roots-4662:غلق:المحكم — المعاني,roots-4662:غلق:مقاييس — المحور,roots-4662:غلق:الأساس — المجاز,مُغْلَق,APPROVED,,L2_017 haiku b35
AR09752,كَسَبَ,فعل,1873,13730,يحصل على مال مقابل عمل,كسب,فَعَلَ,roots-4662:كسب:المحكم — المعاني,roots-4662:كسب:مقاييس — المحور,roots-4662:كسب:الأساس — المجاز,كَسَبَ,APPROVED,,L2_017 haiku b35
AR09753,رِبْح,مصدر,1873,13731;13732,المال المكتسب,ربح,فِعْلٌ,roots-4662:ربح:المحكم — المعاني,roots-4662:ربح:مقاييس — المحور,roots-4662:ربح:الأساس — المجاز,رِبْح,APPROVED,,L2_017 haiku b35
AR09754,خَسَارَة,مصدر,1873,13733,المال المهدر,خسر,فَعَالَةٌ,roots-4662:خسر:المحكم — المعاني,roots-4662:خسر:مقاييس — المحور,roots-4662:خسر:الأساس — المجاز,خَسَارَة,APPROVED,,L2_017 haiku b35
AR09755,دَخْل,اسم جامد,1873,13734;13735,المال المقبوض,دخل,فَعْلٌ,roots-4662:دخل:المحكم — المعاني,roots-4662:دخل:مقاييس — المحور,,دَخْل,APPROVED,,L2_017 haiku b35
AR09756,صَافِي,اسم جامد,1873,13736;13738,الربح الخالص,صفا,فَاعِلٌ,,,,صَافِي,APPROVED,,L2_017 haiku b35 | FLAGS: ROOT_ALIF
AR09757,رَبِحَ,فعل,1873,13737;14837,يحقق ربحاً مالياً,ربح,فَعِلَ,roots-4662:ربح:المحكم — المعاني,roots-4662:ربح:مقاييس — المحور,roots-4662:ربح:الأساس — المجاز,رَبِحَ,APPROVED,,L2_017 haiku b35
AR09758,خَسِرَ,فعل,1873,13739,ينفق أكثر مما يكسب,خسر,فَعِلَ,roots-4662:خسر:المحكم — المعاني,roots-4662:خسر:مقاييس — المحور,roots-4662:خسر:الأساس — المجاز,خَسِرَ,APPROVED,,L2_017 haiku b35
AR09759,نَتِيجَة,اسم جامد,1873,13740,نتيجة التجارة المالية,نتج,فَعِيلَةٌ,roots-4662:نتج:المحكم — المعاني,roots-4662:نتج:مقاييس — النص,roots-4662:نتج:الأساس — المجاز,نَتِيجَة,APPROVED,,L2_017 haiku b35
AR09763,أُسْطورِي,اسم منسوب,1880,13889,مشهور بما يستحق,,,,,,أُسْطورِي,APPROVED,,L2_017 haiku b35 | FLAGS: ROOT_MISSING;WAZN_MISSING
AR09764,سِيء الصِّيت,تركيب,1880,13892;14717,مشهور لفعل سيء,,,,,,سِيء الصِّيت,APPROVED,,L2_017 haiku b35
AR09765,سُمْعَة سَيِّئَة,تركيب,1880,13893;14718,اشتهار بأفعال سيئة,,,,,,سُمْعَة سَيِّئَة,APPROVED,,L2_017 haiku b35
AR09766,صِيت,اسم جامد,1880,14726,ما يقال عن الشخص,صيت,فِعْلٌ,,,,صِيت,APPROVED,,L2_017 haiku b35
AR09767,مِلْحَمِي,اسم منسوب,1880,15095,مشهور في الشعر الملحمي,,,,,,مِلْحَمِي,APPROVED,,L2_017 haiku b35 | FLAGS: ROOT_MISSING;WAZN_MISSING
AR09768,سُمْعَة,اسم جامد,1880,16845,السيرة والاشتهار,سمع,فُعْلَةٌ,roots-4662:سمع:المحكم — المعاني,roots-4662:سمع:مقاييس — المحور,roots-4662:سمع:الأساس — المجاز,سُمْعَة,APPROVED,,L2_017 haiku b35
AR09771,غَيْر مَشْهور,تركيب,1881,13898,غير معروف على نطاق واسع,,,,,,غَيْر مَشْهور,APPROVED,,L2_017 haiku b35
AR09772,غَامِض,صفة مشبهة,1881,13899;13905,غير معروف أو مهم,غمض,فَاعِلٌ,roots-4662:غمض:المحكم — المعاني,roots-4662:غمض:مقاييس — المحور,roots-4662:غمض:الأساس — المجاز,غَامِض,APPROVED,,L2_017 haiku b35
AR09773,غَيْر مُحْتَفَل بِه,تركيب,1881,13900,لم يُحتفَ به أو يُمدح,,,,,,غَيْر مُحْتَفَل بِه,APPROVED,,L2_017 haiku b35
AR09774,تَسَوُّق,مصدر,1882,13921,شراء البضاعة من المحلات,سوق,تَفَعُّلٌ,roots-4662:سوق:المحكم — المعاني,roots-4662:سوق:مقاييس — المحور,roots-4662:سوق:الأساس — المجاز,تَسَوُّق,APPROVED,,L2_017 haiku b35
AR09775,تَسَوَّقَ,فعل,1882,13925,يذهب لشراء البضاعة,سوق,تَفَعَّلَ,roots-4662:سوق:المحكم — المعاني,roots-4662:سوق:مقاييس — المحور,roots-4662:سوق:الأساس — المجاز,تَسَوَّقَ,APPROVED,,L2_017 haiku b35
AR09777,مَقْعَد,اسم جامد,1883,13939;13940,العاصمة الإدارية للمحافظة,قعد,مَفْعَلٌ,roots-4662:قعد:المحكم — المعاني,roots-4662:قعد:مقاييس — المحور,roots-4662:قعد:الأساس — المجاز,مَقْعَد,APPROVED,,L2_017 haiku b35
AR09778,رَائِج,صفة مشبهة,1884,13942,متوافق مع الموضة,روج,فَاعِلٌ,roots-4662:روج:المحكم — المعاني,roots-4662:روج:مقاييس — النص,,رَائِج,APPROVED,,L2_017 haiku b35
AR09779,عَصْرِي,اسم منسوب,1884,13943,متطابق مع الموضة الحالية,,,,,,عَصْرِي,APPROVED,,L2_017 haiku b35 | FLAGS: ROOT_MISSING;WAZN_MISSING
AR09780,حَدِيث الطِّراز,تركيب,1884,13944,موضة وراقي,,,,,,حَدِيث الطِّراز,APPROVED,,L2_017 haiku b35
AR09781,أُسْلوب,اسم جامد,1884,13946,حالة الموضة,سلب,فُعْلَةٌ,roots-4662:سلب:المحكم — المعاني,roots-4662:سلب:مقاييس — المحور,roots-4662:سلب:الأساس — المجاز,أُسْلوب,APPROVED,,L2_017 haiku b35 | FLAGS: WAZN_LEMMA_MISMATCH
AR09782,موضَة,اسم جامد,1884,13947,الاتجاه السائد,وضع,فُعْلَةٌ,roots-4662:وضع:المحكم — المعاني,roots-4662:وضع:مقاييس — المحور,roots-4662:وضع:الأساس — المجاز,موضَة,APPROVED,,L2_017 haiku b35
AR09783,أَنِيق,صفة مشبهة,1884,13948,راقٍ وموضة,نوق,فَعِيلٌ,roots-4662:نوق:المحكم — المعاني,roots-4662:نوق:مقاييس — المحور,roots-4662:نوق:الأساس — المجاز,أَنِيق,APPROVED,,L2_017 haiku b35
AR09784,رَاقٍ,صفة مشبهة,1884,13949,جذاب بطريقة موضة,روق,فَاعِلٌ,roots-4662:روق:المحكم — المعاني,roots-4662:روق:مقاييس — المحور,roots-4662:روق:الأساس — المجاز,رَاقٍ,APPROVED,,L2_017 haiku b35
AR09785,كَبِير,صفة مشبهة,1884,13950,مثير لاهتمام كبير,كبر,فَاعِلٌ,roots-4662:كبر:المحكم — المعاني,roots-4662:كبر:مقاييس — المحور,roots-4662:كبر:الأساس — المجاز,كَبِير,APPROVED,,L2_017 haiku b35
AR09786,نَزَلَ,فعل,1885,13972;13974;15606,يسكن مؤقتاً كضيف,نزل,فَعَلَ,roots-4662:نزل:المحكم — المعاني,roots-4662:نزل:مقاييس — النص,roots-4662:نزل:الأساس — المجاز,نَزَلَ,APPROVED,,L2_017 haiku b35
AR09787,إِقَامَة,مصدر,1885,13973,فترة الإقامة المؤقتة,قيم,إِفْعَالَةٌ,,,,إِقَامَة,APPROVED,,L2_017 haiku b35
AR09791,اِسْتَقْطَنَ,فعل,1885,15610,يقيم مؤقتاً,قطن,اِسْتَفْعَلَ,roots-4662:قطن:المحكم — المعاني,roots-4662:قطن:مقاييس — المحور,,اِسْتَقْطَنَ,APPROVED,,L2_017 haiku b35
AR09796,مُتَجَانِس,اسم منسوب,1893,14041,من نفس النوع,,,,,,مُتَجَانِس,APPROVED,,L2_017 haiku b35 | FLAGS: ROOT_MISSING;WAZN_MISSING
AR09797,تَنَوُّع,مصدر,1893,14042;14043;14065,حالة الاختلاف,نوع,تَفَعُّلٌ,roots-4662:نوع:المحكم — المعاني,roots-4662:نوع:مقاييس — المحور,,تَنَوُّع,APPROVED,,L2_017 haiku b35
AR09798,مُتَنَوِّع,اسم منسوب,1893,14044;14051,مختلف الأنواع,,,,,,مُتَنَوِّع,APPROVED,,L2_017 haiku b35 | FLAGS: ROOT_MISSING;WAZN_MISSING
AR09800,مُخْتَلِف,اسم فاعل,1893,14046,غير متطابق النوع,خلف,مُفْتَعِلٌ,roots-4662:خلف:المحكم — المعاني,roots-4662:خلف:مقاييس — المحور,roots-4662:خلف:الأساس — المجاز,مُخْتَلِف,APPROVED,,L2_017 haiku b35
AR09801,نِطَاق,اسم جامد,1893,14048;14341,مجموعة أشياء متنوعة,نطق,فِعَالٌ,roots-4662:نطق:المحكم — المعاني,roots-4662:نطق:مقاييس — المحور,roots-4662:نطق:الأساس — المجاز,نِطَاق,APPROVED,,L2_017 haiku b35
AR09802,وَاسِع,صفة مشبهة,1893,14049,كبير النطاق,وسع,فَاعِلٌ,roots-4662:وسع:المحكم — المعاني,roots-4662:وسع:مقاييس — المحور,roots-4662:وسع:الأساس — المجاز,وَاسِع,APPROVED,,L2_017 haiku b35
AR09803,سَعَة,مصدر,1893,14050,النطاق الواسع,وسع,فَعَلَةٌ,roots-4662:وسع:المحكم — المعاني,roots-4662:وسع:مقاييس — المحور,roots-4662:وسع:الأساس — المجاز,سَعَة,APPROVED,,L2_017 haiku b35
AR09804,مَزِيج,اسم جامد,1893,14052;14053,مزيج متنوع,مزج,فَعِيلٌ,roots-4662:مزج:المحكم — المعاني,roots-4662:مزج:مقاييس — المحور,roots-4662:مزج:الأساس — المجاز,مَزِيج,APPROVED,,L2_017 haiku b35
AR09806,مُوَحَّد,اسم مفعول,1893,14055,لا يتغير,وحد,مُفَعَّلٌ,roots-4662:وحد:المحكم — المعاني,roots-4662:وحد:مقاييس — المحور,,مُوَحَّد,APPROVED,,L2_017 haiku b35
AR09807,تَوَحُّد,مصدر,1893,14056,جودة التطابق,وحد,تَفَعُّلٌ,roots-4662:وحد:المحكم — المعاني,roots-4662:وحد:مقاييس — المحور,,تَوَحُّد,APPROVED,,L2_017 haiku b35
AR09809,مُرَتَّب,اسم مفعول,1893,14058,متنوع الأنواع,رتب,مُفَعَّلٌ,roots-4662:رتب:المحكم — المعاني,,roots-4662:رتب:الأساس — المجاز,مُرَتَّب,APPROVED,,L2_017 haiku b35
AR09811,مُبالِغ,صيغة مبالغة,1893,14060,ذو تنوع كبير,بالغ,فَعَّالَةٌ,,,,مُبالِغ,APPROVED,,L2_017 haiku b35 | FLAGS: ROOT_ALIF
AR09812,اِخْتِلاف,مصدر,1893,14062;14063,حالة التباين,خلف,اِفْتِعَالٌ,roots-4662:خلف:المحكم — المعاني,roots-4662:خلف:مقاييس — المحور,roots-4662:خلف:الأساس — المجاز,اِخْتِلاف,APPROVED,,L2_017 haiku b35
AR09813,مَزِيج غَريب,تركيب,1893,14064,مجموعة متنوعة,,,,,,مَزِيج غَريب,APPROVED,,L2_017 haiku b35
AR09814,مُتَعَدِّد,اسم منسوب,1893,14066,متنوع وكثير,,,,,,مُتَعَدِّد,APPROVED,,L2_017 haiku b35 | FLAGS: ROOT_MISSING;WAZN_MISSING
AR09815,كَثْرَة,مصدر,1893,14067,عدد كبير أو تنوع,كثر,فَعْلَةٌ,roots-4662:كثر:المحكم — المعاني,roots-4662:كثر:مقاييس — النص,,كَثْرَة,APPROVED,,L2_017 haiku b35
AR09816,قَابِلِيَّة التَّغَيُّر,تركيب,1893,14068,درجة التنوع,,,,,,قَابِلِيَّة التَّغَيُّر,APPROVED,,L2_017 haiku b35
AR09817,بِلا انْقِطاع,تركيب,1894,14074,بدون توقف,,,,,,بِلا انْقِطاع,APPROVED,,L2_017 haiku b35
AR09818,قَطَعَ,فعل,1894,14075,يوقف السير المستمر,قطع,فَعَلَ,roots-4662:قطع:المحكم — المعاني,roots-4662:قطع:مقاييس — المحور,roots-4662:قطع:الأساس — المجاز,قَطَعَ,APPROVED,,L2_017 haiku b35
AR09819,قَطْع,مصدر,1894,14076,توقف العملية,قطع,فَعْلٌ,roots-4662:قطع:المحكم — المعاني,roots-4662:قطع:مقاييس — المحور,roots-4662:قطع:الأساس — المجاز,قَطْع,APPROVED,,L2_017 haiku b35
AR09820,في,حرف,1895,14080,في فترة زمنية,,,,,,في,APPROVED,,L2_017 haiku b35 | FLAGS: UNVOCALIZED
AR09821,عَلَى,حرف,1895,14081,في الوقت المحدد,,,,,,عَلَى,APPROVED,,L2_017 haiku b35
AR09822,عِنْدَ,حرف,1895,14082,عند وقوع حدث,,,,,,عِنْدَ,APPROVED,,L2_017 haiku b35
AR09823,آن,ظرف,1895,14083;14672,في الحاضر,,,,,,آن,APPROVED,,L2_017 haiku b35 | FLAGS: AL_STRIPPED;ROOT_MISSING;UNVOCALIZED;WAZN_MISSING
AR09825,حَالِيّاً,ظرف,1895,14085,في هذا الوقت,,,,,,حَالِيّاً,APPROVED,,L2_017 haiku b35 | FLAGS: ROOT_MISSING;WAZN_MISSING
AR09826,حِينَئِذٍ,ظرف,1895,14086,في ذلك الوقت,,,,,,حِينَئِذٍ,APPROVED,,L2_017 haiku b35 | FLAGS: ROOT_MISSING;WAZN_MISSING
AR09827,مَتَى,ظرف,1895,14147,في أي وقت,,,,,,مَتَى,APPROVED,,L2_017 haiku b35 | FLAGS: ROOT_MISSING;WAZN_MISSING
AR09829,في الوَقْتِ الحَالِي,تركيب,1895,14199,في العصر الحالي,,,,,,في الوَقْتِ الحَالِي,APPROVED,,L2_017 haiku b35
AR09831,في النِّهايَة,ظرف,1895,14310,في وقت مستقبلي غير محدد,,,,,,في النِّهايَة,APPROVED,,L2_017 haiku b35 | FLAGS: ROOT_MISSING;WAZN_MISSING
AR09833,ضِمْن,ظرف,1895,14501,خلال فترة زمنية,,,,,,ضِمْن,APPROVED,,L2_017 haiku b35 | FLAGS: ROOT_MISSING;WAZN_MISSING
AR09834,مُسْتَقْبَل,اسم مفعول,1895,14541,في زمن لاحق,قبل,مُسْتَفْعَلٌ,roots-4662:قبل:المحكم — المعاني,roots-4662:قبل:مقاييس — المحور,roots-4662:قبل:الأساس — المجاز,مُسْتَقْبَل,APPROVED,,L2_017 haiku b35
AR09835,مُؤَخَّراً,ظرف,1895,14550;16640;17163;17165,في زمن قريب الماضي,,,,,,مُؤَخَّراً,APPROVED,,L2_017 haiku b35 | FLAGS: ROOT_MISSING;WAZN_MISSING
AR09836,قَدِيم,صفة مشبهة,1895,14655,من زمن العصور القديمة,قدم,فَعِيلٌ,roots-4662:قدم:المحكم — المعاني,roots-4662:قدم:مقاييس — المحور,roots-4662:قدم:الأساس — المجاز,قَدِيم,APPROVED,,L2_017 haiku b35
AR09837,بَدائِي,اسم منسوب,1895,14656,من قبل التاريخ,,,,,,بَدائِي,APPROVED,,L2_017 haiku b35 | FLAGS: ROOT_MISSING;WAZN_MISSING
AR09838,يَوْمَئِذٍ,ظرف,1895,14671;18326,في ذلك الوقت بالذات,,,,,,يَوْمَئِذٍ,APPROVED,,L2_017 haiku b35 | FLAGS: ROOT_MISSING;WAZN_MISSING
AR09839,أثْنَاء,ظرف,1895,14673,في نفس وقت حدث آخر,,,,,,أثْنَاء,APPROVED,,L2_017 haiku b35 | FLAGS: ROOT_MISSING;WAZN_MISSING
AR09841,حَدِيثاً,ظرف,1895,15114,في وقت قريب جداً,,,,,,حَدِيثاً,APPROVED,,L2_017 haiku b35 | FLAGS: ROOT_MISSING;WAZN_MISSING
AR09842,قَرِيباً,ظرف,1895,15238,تقريباً,,,,,,قَرِيباً,APPROVED,,L2_017 haiku b35 | FLAGS: ROOT_MISSING;WAZN_MISSING
AR09843,بِ,حرف,1895,16143,يحدث معاً,,,,,,بِ,APPROVED,,L2_017 haiku b35
AR09844,بَيْنَما,حرف,1895,17228,في نفس الوقت,,,,,,بَيْنَما,APPROVED,,L2_017 haiku b35
AR09845,بِاللَّيْل,ظرف,1895,17458,خلال الليل السابق,,,,,,بِاللَّيْل,APPROVED,,L2_017 haiku b35 | FLAGS: ROOT_MISSING;WAZN_MISSING
AR09846,خِلال,ظرف,1895,18676,خلال فترة زمنية معينة,,,,,,خِلال,APPROVED,,L2_017 haiku b35 | FLAGS: ROOT_MISSING;WAZN_MISSING
AR09847,مُتَزَامِن,اسم منسوب,1897,14092;14097,يحدث في نفس الوقت,,,,,,مُتَزَامِن,APPROVED,,L2_017 haiku b35 | FLAGS: ROOT_MISSING;WAZN_MISSING
AR09848,تَزَامُن,مصدر,1897,14093;14098,حالة حدوث أمرين معاً,زمن,تَفَاعُلٌ,roots-4662:زمن:المحكم — المعاني,roots-4662:زمن:مقاييس — المحور,roots-4662:زمن:الأساس — المجاز,تَزَامُن,APPROVED,,L2_017 haiku b35
AR09849,اِقْتِران,مصدر,1897,14094;14099,حالة وقوع أمرين معاً,قرن,اِفْتِعَالٌ,roots-4662:قرن:المحكم — المعاني,roots-4662:قرن:مقاييس — المحور,,اِقْتِران,APPROVED,,L2_017 haiku b35
AR09850,تَوافَقَ,فعل,1897,14095,يحدث في نفس الوقت,وفق,تَفَاعَلَ,roots-4662:وفق:المحكم — المعاني,roots-4662:وفق:مقاييس — المحور,,تَوافَقَ,APPROVED,,L2_017 haiku b35
AR09852,مَعاً,ظرف,1897,14100,في نفس الوقت,,,,,,مَعاً,APPROVED,,L2_017 haiku b35 | FLAGS: ROOT_MISSING;WAZN_MISSING
AR09853,اِسْتَهْدَفَ,فعل,1901,14111;14112,يوجه السلاح نحو الهدف,هدف,اِسْتَفْعَلَ,roots-4662:هدف:المحكم — المعاني,roots-4662:هدف:مقاييس — المحور,roots-4662:هدف:الأساس — المجاز,اِسْتَهْدَفَ,APPROVED,,L2_017 haiku b35
AR09855,هَدَف,اسم جامد,1901,14114,الموضع المستهدف,هدف,فَعَلٌ,roots-4662:هدف:المحكم — المعاني,roots-4662:هدف:مقاييس — المحور,roots-4662:هدف:الأساس — المجاز,هَدَف,APPROVED,,L2_017 haiku b35
AR09856,وَجَّهَ,فعل,1901,14115,يوجه الشيء نحو اتجاه معين,وجه,فَعَّلَ,roots-4662:وجه:المحكم — المعاني,roots-4662:وجه:مقاييس — المحور,roots-4662:وجه:الأساس — المجاز,وَجَّهَ,APPROVED,,L2_017 haiku b35
AR09857,أَصَابَ,فعل,1902,14116,فعل الضرب على هدف بدقة,صيب,أَفْعَلَ,v21:صيب:المحكم — المعاني,,,أَصَابَ,APPROVED,,L2_017 haiku b36
AR09858,أَخْطَأَ,فعل,1902,14117,فشل في إصابة الهدف المقصود,خطا,أَفْعَلَ,,,,أَخْطَأَ,APPROVED,,L2_017 haiku b36 | FLAGS: ROOT_ALIF
AR09860,إِصَابَة,مصدر,1902,14119,حالة نتيجة ضرب الشيء بنجاح,صيب,,v21:صيب:المحكم — المعاني,,,إِصَابَة,APPROVED,إِفَاعَة,L2_017 haiku b36 | FLAGS: WAZN_NOT_IN_INV
AR09861,مَرْكَز,اسم مكان,1902,14120,مركز الهدف في الرياضات المختلفة,ركز,مَفْعَلٌ,roots-4662:ركز:المحكم — المعاني,roots-4662:ركز:مقاييس — المحور,roots-4662:ركز:الأساس — المجاز,مَرْكَز,APPROVED,,L2_017 haiku b36 | ROOT ک→ك L2_020 | LEMMA/POS/WAZN ← L2_021
AR09862,رمية موفقة,تركيب,1902,14122,الدخول المباشر للثقب من المضرب الأول,,,,,,رمية موفقة,APPROVED,,L2_017 haiku b36 | FLAGS: UNVOCALIZED
AR09863,دَقِيق,صفة مشبهة,1903,14125,قادر على الوصول للهدف المقصود بدقة,دقق,فَعِيلٌ,roots-4662:دقق:المحكم — المعاني,roots-4662:دقق:مقاييس — المحور,roots-4662:دقق:الأساس — المجاز,دَقِيق,APPROVED,,L2_017 haiku b36
AR09865,غَاطِ,اسم فاعل,1903,14127,الانحراف عن القراءة الصحيحة,غطا,فَاعِلٌ,,,,غَاطِ,APPROVED,,L2_017 haiku b36 | FLAGS: ROOT_ALIF
AR09866,غَيْر دَقِيق,تركيب,1903,14128,عدم دقة في الوصول للهدف,,,,,,غَيْر دَقِيق,APPROVED,,L2_017 haiku b36
AR09867,دِقَّة,مصدر,1903,14129,الدقة والضبط في الأداة أو المقياس,دقق,,roots-4662:دقق:المحكم — المعاني,roots-4662:دقق:مقاييس — المحور,roots-4662:دقق:الأساس — المجاز,دِقَّة,APPROVED,فِعَّة,L2_017 haiku b36 | FLAGS: WAZN_NOT_IN_INV
AR09868,عَدَم الدِّقَّة,تركيب,1903,14131,الفشل في الوصول للقراءة الصحيحة,,,,,,عَدَم الدِّقَّة,APPROVED,,L2_017 haiku b36
AR09872,بِدِقَّة,ظرف,1903,14135,بأسلوب دقيق ومحدد,دقق,,roots-4662:دقق:المحكم — المعاني,roots-4662:دقق:مقاييس — المحور,roots-4662:دقق:الأساس — المجاز,بِدِقَّة,APPROVED,بِفِعَّة,L2_017 haiku b36 | FLAGS: WAZN_NOT_IN_INV
AR09873,بِعَدَم دِقَّة,ظرف,1903,14136,بطريقة غير دقيقة,,,,,,بِعَدَم دِقَّة,APPROVED,,L2_017 haiku b36 | FLAGS: ROOT_MISSING;WAZN_MISSING
AR09875,نَشِطَ,فعل,1904,14149,امتلاء المكان بالنشاط والحركة,نشط,فَعِلَ,roots-4662:نشط:المحكم — المعاني,roots-4662:نشط:مقاييس — المحور,roots-4662:نشط:الأساس — المجاز,نَشِطَ,APPROVED,,L2_017 haiku b36
AR09876,زَخَرَ,فعل,1904,14150,كون المكان في حالة نشاط عظيم,زخر,فَعَلَ,roots-4662:زخر:المحكم — المعاني,roots-4662:زخر:مقاييس — المحور,roots-4662:زخر:الأساس — المجاز,زَخَرَ,APPROVED,,L2_017 haiku b36
AR09877,مَغْطُوس بِالنَّشَاط,تركيب,1904,14151,مليء بالنشاط والحيوية,,,,,,مَغْطُوس بِالنَّشَاط,APPROVED,,L2_017 haiku b36
AR09878,حَيّ,صفة مشبهة,1904,14152,مليء بالحياة والطاقة والنشاط,حيي,فَعِيلٌ,,v21:حيي:مقاييس — النص,v21:حيي:الأساس — المجاز,حَيّ,APPROVED,,L2_017 haiku b36
AR09879,مُضْطَرِب,اسم مفعول,1904,14153,مليء بالنشاط الشديد المتكرر,ضطرب,مُفْتَعِلٌ,,,,مُضْطَرِب,APPROVED,,L2_017 haiku b36
AR09880,نَاشِط,اسم فاعل,1904,14154,نشيط وحيوي جداً,نشط,فَاعِلٌ,roots-4662:نشط:المحكم — المعاني,roots-4662:نشط:مقاييس — المحور,roots-4662:نشط:الأساس — المجاز,نَاشِط,APPROVED,,L2_017 haiku b36
AR09881,مُنْدَفِع,اسم مفعول,1904,14155,مليء بالنشاط والحركة,دفع,مُفْتَعِلٌ,roots-4662:دفع:المحكم — المعاني,roots-4662:دفع:مقاييس — المحور,roots-4662:دفع:الأساس — المجاز,مُنْدَفِع,APPROVED,,L2_017 haiku b36 | FLAGS: WAZN_LEMMA_MISMATCH
AR09882,مُشْتَعِل بِالنَّشَاط,تركيب,1904,14156,ممتلئ بنشاط الحركة,,,,,,مُشْتَعِل بِالنَّشَاط,APPROVED,,L2_017 haiku b36
AR09883,يَنِن,فعل,1904,14157,له هالة من الحماس والنشاط,نين,,,,,يَنِن,APPROVED,فَعِل,L2_017 haiku b36 | FLAGS: WAZN_NOT_IN_INV
AR09886,تَكَاثُر,مصدر,1905,14163,زيادة العدد بطريقة غير معلنة,كثر,تَفَاعُلٌ,roots-4662:كثر:المحكم — المعاني,roots-4662:كثر:مقاييس — النص,,تَكَاثُر,APPROVED,,L2_017 haiku b36
AR09888,تَارِيخ,اسم جامد,1906,14181,سلسلة أحداث سابقة متعلقة بفرد,تاريخ,فَاعِلٌ,,,,تَارِيخ,APPROVED,,L2_017 haiku b36 | FLAGS: ROOT_ALIF;ROOT_LEN
AR09889,مَاضِ,اسم جامد,1906,14205,السنوات السابقة في حياة الفرد,ماض,فَاعِلٌ,,,,مَاضِ,APPROVED,,L2_017 haiku b36 | FLAGS: ROOT_ALIF
AR09892,سَائِح,اسم فاعل,1907,14188;14192,شخص يسافر من أجل الاستمتاع,سيح,فَاعِلٌ,roots-4662:سيح:المحكم — المعاني,roots-4662:سيح:مقاييس — النص,roots-4662:سيح:الأساس — المجاز,سَائِح,APPROVED,,L2_017 haiku b36
AR09895,زَارَ,فعل,1907,14191,رؤية ومشاهدة أماكن سياحية,زار,فَعَلَ,,,,زَارَ,APPROVED,,L2_017 haiku b36 | FLAGS: ROOT_ALIF
AR09896,سَاحَ,فعل,1907,14193,زيارة المعالم والمواقع السياحية,سيح,فَعَلَ,roots-4662:سيح:المحكم — المعاني,roots-4662:سيح:مقاييس — النص,roots-4662:سيح:الأساس — المجاز,سَاحَ,APPROVED,,L2_017 haiku b36
AR09897,سِيَاحَة,مصدر,1907,14825,سفر الناس لأجل الاستمتاع والرؤية,سيح,فِعَالَةٌ,roots-4662:سيح:المحكم — المعاني,roots-4662:سيح:مقاييس — النص,roots-4662:سيح:الأساس — المجاز,سِيَاحَة,APPROVED,,L2_017 haiku b36
AR09898,تَارِيخِي,اسم منسوب,1908,14182,مشهور أو مهم في التاريخ,تاريخ,,,,,تَارِيخِي,APPROVED,فَاعِلِي,L2_017 haiku b36 | FLAGS: ROOT_ALIF;ROOT_LEN;WAZN_NOT_IN_INV
AR09899,كَتَبَ التَّارِيخ,تركيب,1908,14183,المشاركة في حدث تاريخي مهم,,,,,,كَتَبَ التَّارِيخ,APPROVED,,L2_017 haiku b36
AR09900,ذُو أَهَمِّيَّة تَارِيخِيَّة,تركيب,1908,15178,متعلق بكيانات ذات أهمية تاريخية,,,,,,ذُو أَهَمِّيَّة تَارِيخِيَّة,APPROVED,,L2_017 haiku b36
AR09901,زَائِر,اسم فاعل,1911,14215,شخص يزور شخصاً أو مكاناً,زار,فَاعِلٌ,,,,زَائِر,APPROVED,,L2_017 haiku b36 | FLAGS: ROOT_ALIF
AR09902,زَارَ,فعل,1911,14216,الذهاب لرؤية شخص وقضاء وقت معه,زار,فَعَلَ,,,,زَارَ,APPROVED,,L2_017 haiku b36 | FLAGS: ROOT_ALIF
AR09903,زِيَارَة,مصدر,1911,14224;14630,فعل زيارة شخص أو مكان,زار,فِعَالَةٌ,,,,زِيَارَة,APPROVED,,L2_017 haiku b36 | FLAGS: ROOT_ALIF
AR09904,أَعَادَ الزِّيَارَة,تركيب,1911,14405,العودة لزيارة مكان ثانية,,,,,,أَعَادَ الزِّيَارَة,APPROVED,,L2_017 haiku b36
AR09906,أَسْكَنَ,فعل,1916,14238,توفير مكان إقامة مطلوب,سكن,أَفْعَلَ,roots-4662:سكن:المحكم — المعاني,roots-4662:سكن:مقاييس — المحور,roots-4662:سكن:الأساس — المجاز,أَسْكَنَ,APPROVED,,L2_017 haiku b36
AR09908,أَسْكَنَ ضَيْفاً,تركيب,1916,14240,توفير مكان إقامة للضيف,,,,,,أَسْكَنَ ضَيْفاً,APPROVED,,L2_017 haiku b36
AR09911,نَضَجَ,فعل,1919,15349,التقدم في السن والنضج,نضج,فَعَلَ,roots-4662:نضج:المحكم — المعاني,roots-4662:نضج:مقاييس — المحور,roots-4662:نضج:الأساس — المجاز,نَضَجَ,APPROVED,,L2_017 haiku b36
AR09912,مَوْقِع,اسم جامد,1921,14262,المكان الذي يقع فيه حدث ما,موق,,roots-4662:موق:المحكم — المعاني,roots-4662:موق:مقاييس — المحور,roots-4662:موق:الأساس — المجاز,مَوْقِع,APPROVED,فَوْعِل,L2_017 haiku b36 | FLAGS: WAZN_NOT_IN_INV
AR09914,مَقَام,اسم جامد,1921,14265,مكان انعقاد حدث منظم كبير,قام,فَعَالٍ,,,,مَقَام,APPROVED,,L2_017 haiku b36 | FLAGS: ROOT_ALIF
AR09915,مَسْرَح الحَرْب,تركيب,1921,14266,منطقة جغرافية كبيرة تجري فيها حرب,,,,,,مَسْرَح الحَرْب,APPROVED,,L2_017 haiku b36
AR09917,سَاحَة مَعْرَكَة,تركيب,1921,14268,المكان الذي تجري فيه معركة مسلحة,,,,,,سَاحَة مَعْرَكَة,APPROVED,,L2_017 haiku b36
AR09920,غِيَاب,مصدر,1922,16943,الغياب والعدم الملحوظ,غيب,فِعَالٌ,roots-4662:غيب:المحكم — المعاني,roots-4662:غيب:مقاييس — المحور,roots-4662:غيب:الأساس — المجاز,غِيَاب,APPROVED,,L2_017 haiku b36
AR09921,حَوْلَ,حرف,1923,14273;14278;14340,بشكل تقريبي ومقارب,,,,,,حَوْلَ,APPROVED,,L2_017 haiku b36
AR09923,فَوْقَ,ظرف,1923,14275,على الأقل قيمة معينة,فوق,فَعْلٌ,roots-4662:فوق:المحكم — المعاني,roots-4662:فوق:مقاييس — المحور,roots-4662:فوق:الأساس — المجاز,فَوْقَ,APPROVED,,L2_017 haiku b36
AR09924,تِقْرِيباً,ظرف,1923,14276;14281,قريب جداً من القيمة,قرب,,roots-4662:قرب:المحكم — المعاني,roots-4662:قرب:مقاييس — المحور,roots-4662:قرب:الأساس — المجاز,تِقْرِيباً,APPROVED,تِفْعِيلاً,L2_017 haiku b36 | FLAGS: WAZN_NOT_IN_INV
AR09925,تَقْرِيب,مصدر,1923,14277,تقدير قيمة معينة تقريبياً,قرب,تَفْعِيلٌ,roots-4662:قرب:المحكم — المعاني,roots-4662:قرب:مقاييس — المحور,roots-4662:قرب:الأساس — المجاز,تَقْرِيب,APPROVED,,L2_017 haiku b36
AR09927,أَوْ نَحْوَهُ,تركيب,1923,14280,بقيمة مقاربة,,,,,,أَوْ نَحْوَهُ,APPROVED,,L2_017 haiku b36
AR09928,قَرِيب,صفة مشبهة,1923,14283,قريب جداً ولكن ليس تماماً,قرب,فَعِيلٌ,roots-4662:قرب:المحكم — المعاني,roots-4662:قرب:مقاييس — المحور,roots-4662:قرب:الأساس — المجاز,قَرِيب,APPROVED,,L2_017 haiku b36
AR09929,أَقَلّ مِن,ظرف,1923,14284,أقل من قيمة معينة,,,,,,أَقَلّ مِن,APPROVED,,L2_017 haiku b36 | FLAGS: ROOT_MISSING;WAZN_MISSING
AR09930,قَرِيب مِن,تركيب,1923,14285,بالقرب من قيمة ما,,,,,,قَرِيب مِن,APPROVED,,L2_017 haiku b36
AR09931,تَقْرِيباً,ظرف,1923,14286,بشكل تقريبي وخشن,قرب,,roots-4662:قرب:المحكم — المعاني,roots-4662:قرب:مقاييس — المحور,roots-4662:قرب:الأساس — المجاز,تَقْرِيباً,APPROVED,تَفْعِيلاً,L2_017 haiku b36 | FLAGS: WAZN_NOT_IN_INV
AR09932,بِدِقَّة,ظرف,1923,14288,بدقة تامة,دقق,,roots-4662:دقق:المحكم — المعاني,roots-4662:دقق:مقاييس — المحور,roots-4662:دقق:الأساس — المجاز,بِدِقَّة,APPROVED,بِفِعَّة,L2_017 haiku b36 | FLAGS: WAZN_NOT_IN_INV
AR09933,تَمَاماً,ظرف,1923,14289,بدقة تامة وبلا زيادة ولا نقصان,,,,,,تَمَاماً,APPROVED,,L2_017 haiku b36 | FLAGS: ROOT_MISSING;WAZN_MISSING
AR09935,عَلَى الأَقَلّ,ظرف,1923,14292,الحد الأدنى لقيمة ما,,,,,,عَلَى الأَقَلّ,APPROVED,,L2_017 haiku b36 | FLAGS: ROOT_MISSING;WAZN_MISSING
AR09936,عَلَى الأَكْثَر,ظرف,1923,14293;14295,القيمة العليا على الأكثر,,,,,,عَلَى الأَكْثَر,APPROVED,,L2_017 haiku b36 | FLAGS: ROOT_MISSING;WAZN_MISSING
AR09937,أَقَلّ,اسم جامد,1923,14294,أقل حد ممكن,قلل,أَفْعَلُ,roots-4662:قلل:المحكم — المعاني,roots-4662:قلل:مقاييس — المحور,roots-4662:قلل:الأساس — المجاز,أَقَلّ,APPROVED,,L2_017 haiku b36 | FLAGS: WAZN_LEMMA_MISMATCH
AR09938,هُنَاكَ بِقُرْب,تركيب,1923,14296,قريب من التاريخ أو الرقم,,,,,,هُنَاكَ بِقُرْب,APPROVED,,L2_017 haiku b36
AR09939,بِالْكَاد,ظرف,1923,14298,بقليل جداً فوق قيمة معينة,,,,,,بِالْكَاد,APPROVED,,L2_017 haiku b36 | FLAGS: ROOT_MISSING;WAZN_MISSING
AR09940,كَثِير,صفة مشبهة,1923,14525,كمية كبيرة من الأشياء,كثر,فَعِيلٌ,roots-4662:كثر:المحكم — المعاني,roots-4662:كثر:مقاييس — النص,,كَثِير,APPROVED,,L2_017 haiku b36
AR09941,قَلِيل,صفة مشبهة,1923,15244,ليس كثيراً من الكتلة,قلل,فَعِيلٌ,roots-4662:قلل:المحكم — المعاني,roots-4662:قلل:مقاييس — المحور,roots-4662:قلل:الأساس — المجاز,قَلِيل,APPROVED,,L2_017 haiku b36
AR09942,أَكْثَر,اسم جامد,1923,18672,الجزء الأكبر من الكل,كثر,أَفْعَلُ,roots-4662:كثر:المحكم — المعاني,roots-4662:كثر:مقاييس — النص,,أَكْثَر,APPROVED,,L2_017 haiku b36
AR09943,اِنْظُرْ,فعل,1924,14299;14301,الرجوع لمصدر معلومات إضافية,نظر,,roots-4662:نظر:المحكم — المعاني,roots-4662:نظر:مقاييس — النص,roots-4662:نظر:الأساس — المجاز,اِنْظُرْ,APPROVED,اِفْعَل,L2_017 haiku b36 | FLAGS: WAZN_NOT_IN_INV
AR09944,قَارِن,فعل,1924,14300,المقارنة مع نص آخر,قرن,,roots-4662:قرن:المحكم — المعاني,roots-4662:قرن:مقاييس — المحور,,قَارِن,APPROVED,فَاعِل,L2_017 haiku b36 | FLAGS: WAZN_NOT_IN_INV
AR09945,رَاجَعَ,فعل,1924,17121,الرجوع لمصدر معلومات,رجع,فَاعَلَ,roots-4662:رجع:المحكم — المعاني,roots-4662:رجع:مقاييس — المحور,roots-4662:رجع:الأساس — المجاز,رَاجَعَ,APPROVED,,L2_017 haiku b36
AR09950,أَشَارَ إِلَى,تركيب,1925,14331,اختيار شخص لغاية معينة,,,,,,أَشَارَ إِلَى,APPROVED,,L2_017 haiku b36
AR09951,اخْتَارَ,فعل,1925,14332,تعيين شخص لمهمة أو تكريم,خير,اِفْتَعَلَ,roots-4662:خير:المحكم — المعاني,roots-4662:خير:مقاييس — النص,,اخْتَارَ,APPROVED,,L2_017 haiku b36
AR09952,سَمَّى,فعل,1925,14333,تعيين شخص لتنفيذ واجب,سمي,فَعَّلَ,,,,سَمَّى,APPROVED,,L2_017 haiku b36
AR09954,اضْمِحْلال,مصدر,1926,14317,عملية التحول بانبعاث إشعاع,ضمحل,اِفْتِعَالٌ,,,,اضْمِحْلال,APPROVED,,L2_017 haiku b36
AR09956,اِنْدَمَجَ,فعل,1926,14319,الاندماج في كيان واحد,دمج,اِنْفَعَلَ,roots-4662:دمج:المحكم — المعاني,roots-4662:دمج:مقاييس — المحور,roots-4662:دمج:الأساس — المجاز,اِنْدَمَجَ,APPROVED,,L2_017 haiku b36
AR09957,اِنْدِمَاج,مصدر,1926,14320,عملية الاندماج والتوحد,دمج,اِنْفِعَالٌ,roots-4662:دمج:المحكم — المعاني,roots-4662:دمج:مقاييس — المحور,roots-4662:دمج:الأساس — المجاز,اِنْدِمَاج,APPROVED,,L2_017 haiku b36
AR09960,نَوَوِي,اسم منسوب,1926,14324,متعلق بالطاقة النووية,نوي,,,roots-4662:نوي:مقاييس — المحور,roots-4662:نوي:الأساس — المجاز,نَوَوِي,APPROVED,فَاعُلِي,L2_017 haiku b36 | FLAGS: WAZN_NOT_IN_INV
AR09961,حَرَارِي نَوَوِي,تركيب,1926,14325,متعلق بتفاعلات الاندماج النووي,,,,,,حَرَارِي نَوَوِي,APPROVED,,L2_017 haiku b36
AR09962,قَابِل لِلاِنْدِمَاج,تركيب,1926,14326,قادر على الاندماج النووي,,,,,,قَابِل لِلاِنْدِمَاج,APPROVED,,L2_017 haiku b36
AR09965,نِطَاق,اسم جامد,1927,14337,عدد أو تنوع الأشياء المتأثرة,نطق,فِعَالٌ,roots-4662:نطق:المحكم — المعاني,roots-4662:نطق:مقاييس — المحور,roots-4662:نطق:الأساس — المجاز,نِطَاق,APPROVED,,L2_017 haiku b36
AR09966,تَمْهِيدِي,اسم منسوب,1928,14346;14350,سابق أو تحضيري,مهد,,roots-4662:مهد:المحكم — المعاني,roots-4662:مهد:مقاييس — المحور,,تَمْهِيدِي,APPROVED,تَفْعِيلِي,L2_017 haiku b36 | FLAGS: WAZN_NOT_IN_INV
AR09967,تَمْهِيد,مصدر,1928,14347,عمل تمهيدي أو حدث,مهد,تَفْعِيلٌ,roots-4662:مهد:المحكم — المعاني,roots-4662:مهد:مقاييس — المحور,,تَمْهِيد,APPROVED,,L2_017 haiku b36
AR09968,اسْتِكْشَافِي,اسم منسوب,1928,14348,بهدف اكتشاف الحقائق,كشف,,roots-4662:كشف:المحكم — المعاني,roots-4662:كشف:مقاييس — المحور,roots-4662:كشف:الأساس — المجاز,اسْتِكْشَافِي,APPROVED,اِسْتِفْعَالِي,L2_017 haiku b36 | FLAGS: WAZN_NOT_IN_INV
AR09971,سِحْر,اسم جامد,1930,14378,صفة غامضة وآسرة,سحر,فِعْلٌ,roots-4662:سحر:المحكم — المعاني,roots-4662:سحر:مقاييس — المحور,roots-4662:سحر:الأساس — المجاز,سِحْر,APPROVED,,L2_017 haiku b36
AR09972,سِحْرِي,اسم منسوب,1930,14379,غامض وآسر,سحر,,roots-4662:سحر:المحكم — المعاني,roots-4662:سحر:مقاييس — المحور,roots-4662:سحر:الأساس — المجاز,سِحْرِي,APPROVED,فِعْلِي,L2_017 haiku b36 | FLAGS: WAZN_NOT_IN_INV
AR09973,مُسَحَّر,اسم مفعول,1930,14380,ذو صفة غامضة آسرة,سحر,مُفَعَّلٌ,roots-4662:سحر:المحكم — المعاني,roots-4662:سحر:مقاييس — المحور,roots-4662:سحر:الأساس — المجاز,مُسَحَّر,APPROVED,,L2_017 haiku b36
AR09974,لا يُوصَف,تركيب,1930,14381,عظيم جداً لا يمكن وصفه,,,,,,لا يُوصَف,APPROVED,,L2_017 haiku b36
AR09975,عَدَم الإِمْكَانِيَّة في الوَصْف,تركيب,1930,14382,كون الشيء لا يوصف,,,,,,عَدَم الإِمْكَانِيَّة في الوَصْف,APPROVED,,L2_017 haiku b36
AR09976,غَمُوض,اسم جامد,1930,14383,عدم القدرة على الوصف,غمض,فَعُولٌ,roots-4662:غمض:المحكم — المعاني,roots-4662:غمض:مقاييس — المحور,roots-4662:غمض:الأساس — المجاز,غَمُوض,APPROVED,,L2_017 haiku b36
AR09977,سِحْرِيَّة,مصدر,1930,14384,الصفة الغامضة الآسرة,سحر,فِعْلِيَّةٌ,roots-4662:سحر:المحكم — المعاني,roots-4662:سحر:مقاييس — المحور,roots-4662:سحر:الأساس — المجاز,سِحْرِيَّة,APPROVED,,L2_017 haiku b36
AR09978,إِمْكَانِيَّة,مصدر,1931,14385,شيء ممكن الحدوث,مكن,إِفْعَالِيَّةٌ,roots-4662:مكن:المحكم — المعاني,roots-4662:مكن:مقاييس — النص,roots-4662:مكن:الأساس — المجاز,إِمْكَانِيَّة,APPROVED,,L2_017 haiku b36
AR09980,خِيَار,اسم جامد,1931,14387;14407,إمكانية يمكن اختيارها,خير,فِعَالٌ,roots-4662:خير:المحكم — المعاني,roots-4662:خير:مقاييس — النص,,خِيَار,APPROVED,,L2_017 haiku b36
AR09981,اسْتِخْدَام,مصدر,1931,14388,طريقة الاستخدام,خدم,اِسْتِفْعَالٌ,roots-4662:خدم:المحكم — المعاني,roots-4662:خدم:مقاييس — المحور,roots-4662:خدم:الأساس — المجاز,اسْتِخْدَام,APPROVED,,L2_017 haiku b36
AR09983,مُسْتَقْبَل,اسم مفعول,1931,14408,إمكانية قد تحدث,قبل,مُسْتَفْعَلٌ,roots-4662:قبل:المحكم — المعاني,roots-4662:قبل:مقاييس — المحور,roots-4662:قبل:الأساس — المجاز,مُسْتَقْبَل,APPROVED,,L2_017 haiku b36
AR09984,فُرْصَة,اسم جامد,1931,15320,فرصة متاحة,فرص,فُعْلَةٌ,roots-4662:فرص:المحكم — المعاني,roots-4662:فرص:مقاييس — المحور,roots-4662:فرص:الأساس — المجاز,فُرْصَة,APPROVED,,L2_017 haiku b36
AR09985,مَلَكَ,فعل,1933,14422,العلاقة بين كيانين,ملك,فَعَلَ,roots-4662:ملك:المحكم — المعاني,roots-4662:ملك:مقاييس — المحور,roots-4662:ملك:الأساس — المجاز,مَلَكَ,APPROVED,,L2_017 haiku b36
AR09986,كَانَ لَهُ,تركيب,1933,14423,علاقة بين كيانين,,,,,,كَانَ لَهُ,APPROVED,,L2_017 haiku b36
AR09987,مَعَ,حرف,1933,17660,الارتباط بخاصية أو كيان آخر,,,,,,مَعَ,APPROVED,,L2_017 haiku b36
AR09988,زَارَ عَابِراً,تركيب,1946,14445,زيارة غير معلنة مسبقاً,,,,,,زَارَ عَابِراً,APPROVED,,L2_017 haiku b36
AR09989,أَوْقَفَ بِزِيَارَة,تركيب,1946,14446,زيارة قصيرة,,,,,,أَوْقَفَ بِزِيَارَة,APPROVED,,L2_017 haiku b36
AR09990,قَفَزَ دَاخِلاً,تركيب,1946,14447,زيارة قصيرة غير معلنة,,,,,,قَفَزَ دَاخِلاً,APPROVED,,L2_017 haiku b36
AR09991,اسْتَقْبَلَ,فعل,1951,14440,استضافة زائر في مكان معين,قبل,اِسْتَفْعَلَ,roots-4662:قبل:المحكم — المعاني,roots-4662:قبل:مقاييس — المحور,roots-4662:قبل:الأساس — المجاز,اسْتَقْبَلَ,APPROVED,,L2_017 haiku b36
AR09992,تَمْهِيدِي,اسم منسوب,1960,14460,في المراحل الأولى,مهد,,roots-4662:مهد:المحكم — المعاني,roots-4662:مهد:مقاييس — المحور,,تَمْهِيدِي,APPROVED,تَفْعِيلِي,L2_017 haiku b36 | FLAGS: WAZN_NOT_IN_INV
AR09993,ابْتِدَائِي,اسم منسوب,1960,14461,في البداية,بدا,,,,,ابْتِدَائِي,APPROVED,اِفْتِعَالِي,L2_017 haiku b36 | FLAGS: ROOT_ALIF;WAZN_NOT_IN_INV
AR09994,مَسَوَّدَة,اسم جامد,1960,14463,نسخة أولية أو خشنة,سود,فَعْوَلَةٌ,roots-4662:سود:المحكم — المعاني,roots-4662:سود:مقاييس — المحور,roots-4662:سود:الأساس — المجاز,مَسَوَّدَة,APPROVED,,L2_017 haiku b36
AR09995,نِهَائِي,اسم منسوب,1960,14464,مكتمل وجاهز,نهي,,roots-4662:نهي:المحكم — المعاني,roots-4662:نهي:مقاييس — المحور,roots-4662:نهي:الأساس — المجاز,نِهَائِي,APPROVED,فِعَالِي,L2_017 haiku b36 | FLAGS: WAZN_NOT_IN_INV
AR09996,خَشِن,صفة مشبهة,1960,14468,قريب من البداية غير مصقول,خشن,فَعِلٌ,roots-4662:خشن:المحكم — المعاني,roots-4662:خشن:مقاييس — النص,roots-4662:خشن:الأساس — المجاز,خَشِن,APPROVED,,L2_017 haiku b36
AR10000,سِجَّاد أَحْمَر,تركيب,1970,14472,معاملة حفل واحترام للضيف,,,,,,سِجَّاد أَحْمَر,APPROVED,,L2_017 haiku b36
AR10001,دَعَمَ,فعل,2000,14738,تقوية بتحمل الوزن,دعم,فَعَلَ,roots-4662:دعم:المحكم — المعاني,roots-4662:دعم:مقاييس — المحور,roots-4662:دعم:الأساس — المجاز,دَعَمَ,APPROVED,,L2_017 haiku b36
AR10003,قَوَّى,فعل,2000,14740,تقوية بالتدعيم,قوي,فَعَّلَ,,roots-4662:قوي:مقاييس — المحور,,قَوَّى,APPROVED,,L2_017 haiku b36
AR10005,قَلِيلاً,ظرف,2000,14743,بدرجة صغيرة,قلل,,roots-4662:قلل:المحكم — المعاني,roots-4662:قلل:مقاييس — المحور,roots-4662:قلل:الأساس — المجاز,قَلِيلاً,APPROVED,فَعِيلاً,L2_017 haiku b36 | FLAGS: WAZN_NOT_IN_INV
AR10006,قَلِيلاً جِدّاً,ظرف,2000,14744,بدرجة صغيرة جداً,,,,,,قَلِيلاً جِدّاً,APPROVED,,L2_017 haiku b36 | FLAGS: ROOT_MISSING;WAZN_MISSING
AR10007,ذَلِك,مبني,2000,14746,بدرجة عالية معينة,,,,,,ذَلِك,APPROVED,,L2_017 haiku b36 | POS ← L2_018 | FLAGS: ROOT_MISSING;WAZN_MISSING
AR10008,تَمَاماً,ظرف,2000,14747,بأقصى حد ممكن,,,,,,تَمَاماً,APPROVED,,L2_017 haiku b36 | FLAGS: ROOT_MISSING;WAZN_MISSING
AR10009,بِشُكْل كَامِل,ظرف,2000,14753,بالدرجة القصوى,,,,,,بِشُكْل كَامِل,APPROVED,,L2_017 haiku b36 | FLAGS: ROOT_MISSING;WAZN_MISSING
AR10010,بِكَثَافَة,ظرف,2000,14826,بدرجة كبيرة,كثف,,roots-4662:كثف:المحكم — المعاني,roots-4662:كثف:مقاييس — المحور,,بِكَثَافَة,APPROVED,بِفَعَالَة,L2_017 haiku b36 | FLAGS: WAZN_NOT_IN_INV
AR10012,إِلَى حَدّ مَا,ظرف,2000,15970,ليس كثيراً,,,,,,إِلَى حَدّ مَا,APPROVED,,L2_017 haiku b36 | FLAGS: ROOT_MISSING;WAZN_MISSING
AR10015,كَثِيراً,ظرف,2000,16356;17659,تأكيد التوصيف,كثر,,roots-4662:كثر:المحكم — المعاني,roots-4662:كثر:مقاييس — النص,,كَثِيراً,APPROVED,فَعِيلاً,L2_017 haiku b36 | FLAGS: WAZN_NOT_IN_INV
AR10016,خَاصّ,صفة مشبهة,2000,16667,مميز وفريد,خصص,فَاعِلٌ,roots-4662:خصص:المحكم — المعاني,roots-4662:خصص:مقاييس — المحور,roots-4662:خصص:الأساس — المجاز,خَاصّ,APPROVED,,L2_017 haiku b36 | FLAGS: WAZN_LEMMA_MISMATCH
AR10017,مُتَحَجِّر,اسم مفعول,2000,18810,بارد جداً,حجر,مُتَفَعِّلٌ,v21:حجر:المحكم — المعاني,v21:حجر:مقاييس — المحور,v21:حجر:الأساس — المجاز,مُتَحَجِّر,APPROVED,,L2_017 haiku b36
AR10018,رَدِيء جِدّاً,تركيب,2000,18811,فقير جداً,,,,,,رَدِيء جِدّاً,APPROVED,,L2_017 haiku b36
AR10019,مُنْتِن,اسم فاعل,2000,18812,مبلول جداً,نتن,,roots-4662:نتن:المحكم — المعاني,,,مُنْتِن,APPROVED,مُفْتِل,L2_017 haiku b36 | FLAGS: WAZN_NOT_IN_INV
AR10020,وَاضِح تَمَاماً,تركيب,2000,18813,واضح تماماً,,,,,,وَاضِح تَمَاماً,APPROVED,,L2_017 haiku b36
AR10022,نَوْعاً مَا,ظرف,2000,18816,إلى حد ما,,,,,,نَوْعاً مَا,APPROVED,,L2_017 haiku b36 | FLAGS: ROOT_MISSING;WAZN_MISSING
AR10023,فِي,حرف,2005,14755,موجود داخل النص,,,,,,فِي,APPROVED,,L2_017 haiku b36
AR10025,صَادَ السَّمَك,تركيب,2006,14767,البحث عن الأسماك بأدوات,,,,,,صَادَ السَّمَك,APPROVED,,L2_017 haiku b36
AR10026,صَادَ الفُقْمَة,تركيب,2006,15118,صيد الفقمات,,,,,,صَادَ الفُقْمَة,APPROVED,,L2_017 haiku b36
AR10027,كِفَاف العَيْش,تركيب,2007,18751,الطريقة التي يحصل بها الفرد على غذاؤه,,,,,,كِفَاف العَيْش,APPROVED,,L2_017 haiku b36
AR10029,قَطَفَ,فعل,2008,14773,اختيار واسترجاع الأشياء,قطف,فَعَلَ,roots-4662:قطف:المحكم — المعاني,roots-4662:قطف:مقاييس — المحور,roots-4662:قطف:الأساس — المجاز,قَطَفَ,APPROVED,,L2_017 haiku b36
AR10032,أَمْسَكَ,فعل,2010,14776,إمساك ناجح بالفريسة,مسك,أَفْعَلَ,roots-4662:مسك:المحكم — المعاني,roots-4662:مسك:مقاييس — المحور,roots-4662:مسك:الأساس — المجاز,أَمْسَكَ,APPROVED,,L2_017 haiku b36
AR10034,رَبَّى,فعل,2012,14783,تعزيز نمو المحاصيل من الأرض,ربي,فَعَّلَ,,,,رَبَّى,APPROVED,,L2_017 haiku b36
AR10035,فَلاحَة,مصدر,2012,14786,عملية زراعة الأرض ورعاية الحيوانات,فلح,فَعَالَةٌ,roots-4662:فلح:المحكم — المعاني,roots-4662:فلح:مقاييس — المحور,roots-4662:فلح:الأساس — المجاز,فَلاحَة,APPROVED,,L2_017 haiku b36
AR10036,زَارَعَ,فعل,2012,14791,استخدام الأرض لزراعة المحاصيل,زرع,فَاعَلَ,roots-4662:زرع:المحكم — المعاني,roots-4662:زرع:مقاييس — المحور,roots-4662:زرع:الأساس — المجاز,زَارَعَ,APPROVED,,L2_017 haiku b36
AR10037,نَمّى,فعل,2014,14787,رعاية وتطوير المحاصيل والحيوانات,نمي,فَعَّلَ,roots-4662:نمي:المحكم — المعاني,roots-4662:نمي:مقاييس — المحور,roots-4662:نمي:الأساس — المجاز,نَمّى,APPROVED,,L2_017 haiku b36
AR10038,رَبَّى,فعل,2014,14799,رعاية الحيوانات والمحاصيل,ربي,فَعَّلَ,,,,رَبَّى,APPROVED,,L2_017 haiku b36
AR10039,زَرَعَ,فعل,2015,14788,وضع البذور في الأرض لتنبت,زرع,فَعَلَ,roots-4662:زرع:المحكم — المعاني,roots-4662:زرع:مقاييس — المحور,roots-4662:زرع:الأساس — المجاز,زَرَعَ,APPROVED,,L2_017 haiku b36
AR10041,فَتَحَ,فعل,2021,14800,السيطرة على أرض بالقوة,فتح,فَعَلَ,roots-4662:فتح:المحكم — المعاني,roots-4662:فتح:مقاييس — المحور,roots-4662:فتح:الأساس — المجاز,فَتَحَ,APPROVED,,L2_017 haiku b36
AR10042,اسْتِيلاء,مصدر,2021,14804,السيطرة على أرض وشعبها بالقوة,ولي,اِسْتِفْعَالٌ,roots-4662:ولي:المحكم — المعاني,roots-4662:ولي:مقاييس — المحور,roots-4662:ولي:الأساس — المجاز,اسْتِيلاء,APPROVED,,L2_017 haiku b36
AR10044,سَقَطَ,فعل,2021,14962,السقوط والاحتلال من جيش,سقط,فَعَلَ,roots-4662:سقط:المحكم — المعاني,roots-4662:سقط:مقاييس — المحور,roots-4662:سقط:الأساس — المجاز,سَقَطَ,APPROVED,,L2_017 haiku b36
AR10045,قَهَرَ,فعل,2021,17497;18537,السيطرة المجازية على شيء,قهر,فَعَلَ,roots-4662:قهر:المحكم — المعاني,roots-4662:قهر:مقاييس — النص,roots-4662:قهر:الأساس — المجاز,قَهَرَ,APPROVED,,L2_017 haiku b36
AR10046,غَزَا,فعل,2022,14806,الدخول العدواني لمنطقة ما,غزو,فَعَلَ,roots-4662:غزو:المحكم — المعاني,roots-4662:غزو:مقاييس — النص,roots-4662:غزو:الأساس — المجاز,غَزَا,APPROVED,,L2_017 haiku b36
AR10047,غَزْو,مصدر,2022,14807,فعل الغزو والاجتياح,غزو,فَعْلٌ,roots-4662:غزو:المحكم — المعاني,roots-4662:غزو:مقاييس — النص,roots-4662:غزو:الأساس — المجاز,غَزْو,APPROVED,,L2_017 haiku b36
AR10048,أَغْرَقَ,فعل,2022,15042,الغزو بأعداد كبيرة,غرق,أَفْعَلَ,roots-4662:غرق:المحكم — المعاني,roots-4662:غرق:مقاييس — المحور,roots-4662:غرق:الأساس — المجاز,أَغْرَقَ,APPROVED,,L2_017 haiku b36
AR10049,غَازِ,اسم فاعل,2022,15920,شخص يغزو منطقة,غزو,فَاعِلٌ,roots-4662:غزو:المحكم — المعاني,roots-4662:غزو:مقاييس — النص,roots-4662:غزو:الأساس — المجاز,غَازِ,APPROVED,,L2_017 haiku b36
AR10051,قَاوَمَ,فعل,2026,15028,الصمود أمام قوة معادية,قوم,فَاعَلَ,roots-4662:قوم:المحكم — المعاني,roots-4662:قوم:مقاييس — المحور,roots-4662:قوم:الأساس — المجاز,قَاوَمَ,APPROVED,,L2_017 haiku b36
AR10055,ذَهَبَ إِلَى,تركيب,2030,14822,الحضور والمشاركة في حدث,,,,,,ذَهَبَ إِلَى,APPROVED,,L2_017 haiku b36
AR10057,هَجَرَ,فعل,2031,14839,ترك الشيء خلفاً,هجر,فَعَلَ,roots-4662:هجر:المحكم — المعاني,roots-4662:هجر:مقاييس — المحور,roots-4662:هجر:الأساس — المجاز,هَجَرَ,APPROVED,,L2_017 haiku b36
AR10059,هِجْرَان,مصدر,2031,14842,فعل التخلي عن شيء,هجر,فِعْلانٌ,roots-4662:هجر:المحكم — المعاني,roots-4662:هجر:مقاييس — المحور,roots-4662:هجر:الأساس — المجاز,هِجْرَان,APPROVED,,L2_017 haiku b36
AR10060,مَهْجُور,اسم مفعول,2031,14843,حالة المتروك,هجر,مَفْعُولٌ,roots-4662:هجر:المحكم — المعاني,roots-4662:هجر:مقاييس — المحور,roots-4662:هجر:الأساس — المجاز,مَهْجُور,APPROVED,,L2_017 haiku b36
AR10061,نَسِيَ,فعل,2031,15317,ترك الشيء عن غير قصد,نسي,فَعِلَ,roots-4662:نسي:المحكم — المعاني,roots-4662:نسي:مقاييس — المحور,,نَسِيَ,APPROVED,,L2_017 haiku b36
AR10062,امْتَصّ,فعل,2032,14844;14845;14846,امتلاء بسائل من الخارج,مصص,,roots-4662:مصص:المحكم — المعاني,roots-4662:مصص:مقاييس — المحور,roots-4662:مصص:الأساس — المجاز,امْتَصّ,APPROVED,اِفْتَعَّلَ,L2_017 haiku b36 | FLAGS: WAZN_LEMMA_MISMATCH;WAZN_NOT_IN_INV
AR10063,أَسَاءَ,فعل,2041,14865;14866;14867,إثارة شعور الإساءة,ساء,أَفْعَلَ,,,,أَسَاءَ,APPROVED,,L2_017 haiku b36 | FLAGS: ROOT_ALIF
AR10064,إِسَاءَة,مصدر,2041,14868;14952;14954,الإساءة والسلوك الجارح,ساء,,,,,إِسَاءَة,APPROVED,إِفَاعَة,L2_017 haiku b36 | FLAGS: ROOT_ALIF;WAZN_NOT_IN_INV
AR10065,مُسِيء,اسم فاعل,2041,14875,يسبب شعور الإساءة,ساء,,,,,مُسِيء,APPROVED,مُفِل,L2_017 haiku b36 | FLAGS: ROOT_ALIF;WAZN_NOT_IN_INV
AR10066,أَقَلَقَ,فعل,2041,15080,إثارة القلق والاهتمام,قلق,أَفْعَلَ,roots-4662:قلق:المحكم — المعاني,roots-4662:قلق:مقاييس — المحور,,أَقَلَقَ,APPROVED,,L2_017 haiku b36
AR10068,فَرِح,صفة مشبهة,2042,14885,مليء بالفرح والسرور,فرح,فَعِلٌ,roots-4662:فرح:المحكم — المعاني,roots-4662:فرح:مقاييس — المحور,,فَرِح,APPROVED,,L2_017 haiku b36
AR10070,سَعِيد,صفة مشبهة,2042,14887,سعيد وممتن,سعد,فَعِيلٌ,roots-4662:سعد:المحكم — المعاني,roots-4662:سعد:مقاييس — المحور,roots-4662:سعد:الأساس — المجاز,سَعِيد,APPROVED,,L2_017 haiku b36
AR10071,غَيْر مُشْبَعٍ,تركيب,2043,14890,عدم الشعور بالرضا الكامل,,,,,,غَيْر مُشْبَعٍ,APPROVED,,L2_017 haiku b36
AR10073,غَيْر رَاضِ,تركيب,2043,14892,عدم الشعور بالرضا,,,,,,غَيْر رَاضِ,APPROVED,,L2_017 haiku b36
AR10074,رَاضِ,اسم فاعل,2043,14893,الشعور بالرضا والاكتفاء,رضي,فَاعِلٌ,,v21:رضي:مقاييس — المحور,,رَاضِ,APPROVED,,L2_017 haiku b36
AR10075,مُهْتَمّ,صفة مشبهة,2044,14894,له اهتمام بشيء ما,هتم,مُفْتَعِلٌ,roots-4662:هتم:المحكم — المعاني,roots-4662:هتم:مقاييس — المحور,,مُهْتَمّ,APPROVED,,L2_017 haiku b37 | FLAGS: WAZN_LEMMA_MISMATCH
AR10076,مُفْتُون,صفة مشبهة,2044,14895,مولع بشخص أو شيء,فتن,مُفْتَعَلٌ,roots-4662:فتن:المحكم — المعاني,roots-4662:فتن:مقاييس — المحور,,مُفْتُون,APPROVED,,L2_017 haiku b37 | FLAGS: WAZN_LEMMA_MISMATCH
AR10077,مَسْحُور,اسم مفعول,2044,14896,مأخوذ بإعجاب شديد,سحر,مَفْعُولٌ,roots-4662:سحر:المحكم — المعاني,roots-4662:سحر:مقاييس — المحور,roots-4662:سحر:الأساس — المجاز,مَسْحُور,APPROVED,,L2_017 haiku b37
AR10078,مُغْرَمّ,صفة مشبهة,2044,14901,مولع بشدة وبشكل سخيف,غرم,مُفْعَلٌ,roots-4662:غرم:المحكم — المعاني,roots-4662:غرم:مقاييس — المحور,,مُغْرَمّ,APPROVED,,L2_017 haiku b37
AR10080,مُقَيَّد,اسم مفعول,2044,14903,مجذوب ومحبوس,قيد,مُفَعَّلٌ,roots-4662:قيد:المحكم — المعاني,roots-4662:قيد:مقاييس — النص,,مُقَيَّد,APPROVED,,L2_017 haiku b37
AR10082,مُنْهَمِك,صفة مشبهة,2044,14905,مركز تماماً على شيء,نهمك,مُفْتَعِلٌ,,,,مُنْهَمِك,APPROVED,,L2_017 haiku b37
AR10084,فَضُول,صفة مشبهة,2044,16021,راغب في معرفة,فضل,فَعُولٌ,roots-4662:فضل:المحكم — المعاني,roots-4662:فضل:مقاييس — المحور,,فَضُول,APPROVED,,L2_017 haiku b37
AR10086,سُرُور,اسم جامد,2045,14908,فرح وسعادة شديدة,سرر,فُعُولٌ,roots-4662:سرر:المحكم — المعاني,roots-4662:سرر:مقاييس — النص,roots-4662:سرر:الأساس — المجاز,سُرُور,APPROVED,,L2_017 haiku b37
AR10087,لَذَّة,اسم جامد,2045,14909,متعة واستمتاع,لذذ,فَعْلَةٌ,roots-4662:لذذ:المحكم — المعاني,roots-4662:لذذ:مقاييس — المحور,,لَذَّة,APPROVED,,L2_017 haiku b37 | FLAGS: WAZN_LEMMA_MISMATCH
AR10088,نَعِيم,اسم جامد,2045,14910,سعادة وراحة,نعم,فَعِيلٌ,roots-4662:نعم:المحكم — المعاني,roots-4662:نعم:مقاييس — المحور,roots-4662:نعم:الأساس — المجاز,نَعِيم,APPROVED,,L2_017 haiku b37
AR10089,عَنَاء,اسم جامد,2045,14911,عمل شاق ومحبط,عني,فَعَالٍ,,v21:عني:مقاييس — النص,,عَنَاء,APPROVED,,L2_017 haiku b37 | FLAGS: ROOT_NORMALIZED
AR10090,اسْتَمْتَعَ,فعل,2045,14913;15675,يأخذ متعة من شيء,متع,اِسْتَفْعَلَ,roots-4662:متع:المحكم — المعاني,roots-4662:متع:مقاييس — المحور,roots-4662:متع:الأساس — المجاز,اسْتَمْتَعَ,APPROVED,,L2_017 haiku b37
AR10091,اسْتَلَذَّ,فعل,2045,14914,يجد لذة في شيء,لذذ,اِسْتَفْعَلَ,roots-4662:لذذ:المحكم — المعاني,roots-4662:لذذ:مقاييس — المحور,,اسْتَلَذَّ,APPROVED,,L2_017 haiku b37 | FLAGS: WAZN_LEMMA_MISMATCH
AR10092,تَذَوَّقَ,فعل,2045,14918,يختبر بتقدير,ذوق,تَفَعَّلَ,roots-4662:ذوق:المحكم — المعاني,roots-4662:ذوق:مقاييس — المحور,roots-4662:ذوق:الأساس — المجاز,تَذَوَّقَ,APPROVED,,L2_017 haiku b37
AR10093,تَرَفَّهَ,فعل,2045,14919,ينغمس في الراحة,رفه,تَفَعَّلَ,roots-4662:رفه:المحكم — المعاني,roots-4662:رفه:مقاييس — المحور,,تَرَفَّهَ,APPROVED,,L2_017 haiku b37
AR10096,مُفْتِن,اسم فاعل,2046,14921,جذاب جداً,فتن,مُفْتَعِلٌ,roots-4662:فتن:المحكم — المعاني,roots-4662:فتن:مقاييس — المحور,,مُفْتِن,APPROVED,,L2_017 haiku b37 | FLAGS: WAZN_LEMMA_MISMATCH
AR10102,تَرَحَّمَ,فعل,2048,14931,يفهم مشاعر الآخرين,رحم,تَفَعَّلَ,roots-4662:رحم:المحكم — المعاني,roots-4662:رحم:مقاييس — المحور,roots-4662:رحم:الأساس — المجاز,تَرَحَّمَ,APPROVED,,L2_017 haiku b37
AR10103,رَثَى,فعل,2048,14932,يشعر بأسف لمحنة,رثي,فَعَلَ,roots-4662:رثي:المحكم — المعاني,roots-4662:رثي:مقاييس — المحور,,رَثَى,APPROVED,,L2_017 haiku b37 | FLAGS: ROOT_NORMALIZED
AR10104,مُزْعَج,اسم مفعول,2049,14934,شعور بالاستياء,زعج,مُفْعَلٌ,roots-4662:زعج:المحكم — المعاني,roots-4662:زعج:مقاييس — المحور,,مُزْعَج,APPROVED,,L2_017 haiku b37
AR10105,مُغِيظ,اسم فاعل,2049,14935,عدم صبر وغضب,غيظ,مُفْعِلٌ,roots-4662:غيظ:المحكم — المعاني,roots-4662:غيظ:مقاييس — المحور,roots-4662:غيظ:الأساس — المجاز,مُغِيظ,APPROVED,,L2_017 haiku b37
AR10106,مُحْبَط,اسم مفعول,2049,14957,متأذي من الإحباطات,خيب,مُفْعَلٌ,roots-4662:خيب:المحكم — المعاني,roots-4662:خيب:مقاييس — المحور,roots-4662:خيب:الأساس — المجاز,مُحْبَط,APPROVED,,L2_017 haiku b37
AR10107,مُتَفَاجِئ,اسم فاعل,2050,14936,مصدوم من الغير متوقع,فجج,,roots-4662:فجج:المحكم — المعاني,roots-4662:فجج:مقاييس — المحور,,مُتَفَاجِئ,APPROVED,مُتَفَعِل,L2_017 haiku b37 | FLAGS: WAZN_LEMMA_MISMATCH;WAZN_NOT_IN_INV
AR10108,مَهُول,صفة مشبهة,2050,14937,مصاب بدهشة شديدة,هول,فَعُولٌ,roots-4662:هول:المحكم — المعاني,roots-4662:هول:مقاييس — المحور,roots-4662:هول:الأساس — المجاز,مَهُول,APPROVED,,L2_017 haiku b37
AR10109,دَهْشَة,اسم جامد,2050,14939,حالة الدهشة,دهش,فَعْلَةٌ,roots-4662:دهش:المحكم — المعاني,roots-4662:دهش:مقاييس — النص,,دَهْشَة,APPROVED,,L2_017 haiku b37
AR10110,مُفَاجَأَة,اسم جامد,2050,14940,حدوث شيء غير متوقع,فجج,مُفَاعَلَةٌ,roots-4662:فجج:المحكم — المعاني,roots-4662:فجج:مقاييس — المحور,,مُفَاجَأَة,APPROVED,,L2_017 haiku b37 | FLAGS: WAZN_LEMMA_MISMATCH
AR10111,رَعِد,صفة مشبهة,2052,14942,خوف شديد جداً,رعد,فَعِلٌ,roots-4662:رعد:المحكم — المعاني,roots-4662:رعد:مقاييس — المحور,roots-4662:رعد:الأساس — المجاز,رَعِد,APPROVED,,L2_017 haiku b37
AR10112,قَلِق,صفة مشبهة,2052,14943,قلق وتوتر,قلق,فَعِلٌ,roots-4662:قلق:المحكم — المعاني,roots-4662:قلق:مقاييس — المحور,,قَلِق,APPROVED,,L2_017 haiku b37
AR10113,خَائِف,صفة مشبهة,2052,14944,في حالة خوف,خوف,فَاعِلٌ,roots-4662:خوف:المحكم — المعاني,roots-4662:خوف:مقاييس — المحور,roots-4662:خوف:الأساس — المجاز,خَائِف,APPROVED,,L2_017 haiku b37
AR10114,مَفْزُوع,اسم مفعول,2052,14945;14949,مرتاع,فزع,مَفْعُولٌ,roots-4662:فزع:المحكم — المعاني,roots-4662:فزع:مقاييس — المحور,,مَفْزُوع,APPROVED,,L2_017 haiku b37
AR10115,قَلَق,اسم جامد,2052,14946,توتر وخوف,قلق,فَعَلٌ,roots-4662:قلق:المحكم — المعاني,roots-4662:قلق:مقاييس — المحور,,قَلَق,APPROVED,,L2_017 haiku b37
AR10116,خَوْف,اسم جامد,2052,14947,شعور من التهديد,خوف,فَعْلٌ,roots-4662:خوف:المحكم — المعاني,roots-4662:خوف:مقاييس — المحور,roots-4662:خوف:الأساس — المجاز,خَوْف,APPROVED,,L2_017 haiku b37
AR10117,مُرْتَاع,اسم مفعول,2052,14948,مرتاع,رتع,مُفْتَعِلٌ,roots-4662:رتع:المحكم — المعاني,roots-4662:رتع:مقاييس — النص,roots-4662:رتع:الأساس — المجاز,مُرْتَاع,APPROVED,,L2_017 haiku b37 | FLAGS: WAZN_LEMMA_MISMATCH
AR10118,رَعْب,اسم جامد,2052,14950,خوف وقلق,رعب,فَعْلٌ,roots-4662:رعب:المحكم — المعاني,roots-4662:رعب:مقاييس — المحور,roots-4662:رعب:الأساس — المجاز,رَعْب,APPROVED,,L2_017 haiku b37
AR10119,رُعْب,اسم جامد,2052,15005,شعور قوي بالخوف,رعب,فُعْلٌ,roots-4662:رعب:المحكم — المعاني,roots-4662:رعب:مقاييس — المحور,roots-4662:رعب:الأساس — المجاز,رُعْب,APPROVED,,L2_017 haiku b37
AR10120,عَاشَ في خَوْف,تركيب,2052,16357,يبقى خائفاً باستمرار,,,,,,عَاشَ في خَوْف,APPROVED,,L2_017 haiku b37
AR10121,وَاجَهَ,فعل,2054,14979,يضع نفسه للتعامل,وجه,فَاعَلَ,roots-4662:وجه:المحكم — المعاني,roots-4662:وجه:مقاييس — المحور,roots-4662:وجه:الأساس — المجاز,وَاجَهَ,APPROVED,,L2_017 haiku b37
AR10126,نَفَى,فعل,2056,14972,لا يسمح بوجود,نفي,فَعَلَ,roots-4662:نفي:المحكم — المعاني,roots-4662:نفي:مقاييس — المحور,,نَفَى,APPROVED,,L2_017 haiku b37
AR10129,رَبَطَ,فعل,2060,15000;15002;15003,يجمع بين شيئين,ربط,فَعَلَ,roots-4662:ربط:المحكم — المعاني,roots-4662:ربط:مقاييس — المحور,roots-4662:ربط:الأساس — المجاز,رَبَطَ,APPROVED,,L2_017 haiku b37
AR10130,وَصَلَ,فعل,2060,15001,يربط شيئاً بآخر,وصل,فَعَلَ,roots-4662:وصل:المحكم — المعاني,roots-4662:وصل:مقاييس — المحور,,وَصَلَ,APPROVED,,L2_017 haiku b37
AR10131,وَرَبَطَ,فعل,2060,15004,يربط فكرتين,ربط,فَعَلَ,roots-4662:ربط:المحكم — المعاني,roots-4662:ربط:مقاييس — المحور,roots-4662:ربط:الأساس — المجاز,وَرَبَطَ,APPROVED,,L2_017 haiku b37
AR10132,قَوِيّ,صفة مشبهة,2061,15029;18284,قادر على المقاومة,قوي,فَعِلٌ,,roots-4662:قوي:مقاييس — المحور,,قَوِيّ,APPROVED,,L2_017 haiku b37
AR10135,قُوَّة,اسم جامد,2061,18269;18285,صفة القوة والمقاومة,قوي,,,roots-4662:قوي:مقاييس — المحور,,قُوَّة,APPROVED,فُعَّلة,L2_017 haiku b37 | FLAGS: WAZN_NOT_IN_INV
AR10140,مَتِين,صفة مشبهة,2061,18275,قوي البناء,متن,فَاعِلٌ,roots-4662:متن:المحكم — المعاني,roots-4662:متن:مقاييس — المحور,roots-4662:متن:الأساس — المجاز,مَتِين,APPROVED,,L2_017 haiku b37
AR10142,قَسْوَة,اسم جامد,2061,18277,كون الشيء قاسياً,قسا,فَعْلَةٌ,,,,قَسْوَة,APPROVED,,L2_017 haiku b37 | FLAGS: ROOT_ALIF
AR10143,دَاوِم,صفة مشبهة,2061,18278,يقاوم البلى,دوم,فَاعِلٌ,roots-4662:دوم:المحكم — المعاني,roots-4662:دوم:مقاييس — المحور,roots-4662:دوم:الأساس — المجاز,دَاوِم,APPROVED,,L2_017 haiku b37
AR10144,دَوَام,اسم جامد,2061,18279,كون الشيء دائماً,دوم,فَعَالٍ,roots-4662:دوم:المحكم — المعاني,roots-4662:دوم:مقاييس — المحور,roots-4662:دوم:الأساس — المجاز,دَوَام,APPROVED,,L2_017 haiku b37
AR10145,هَشّ,صفة مشبهة,2061,18280,ينكسر بسهولة,هش,فَعْلٌ,,,,هَشّ,APPROVED,,L2_017 haiku b37 | FLAGS: ROOT_LEN
AR10146,هَشَاشَة,اسم جامد,2061,18281,سهولة الكسر,هش,فَعَالَةٌ,,,,هَشَاشَة,APPROVED,,L2_017 haiku b37 | FLAGS: ROOT_LEN
AR10147,وَاهِن,صفة مشبهة,2061,18282,بدون صلابة,وهن,فَاعِلٌ,roots-4662:وهن:المحكم — المعاني,roots-4662:وهن:مقاييس — المحور,,وَاهِن,APPROVED,,L2_017 haiku b37
AR10148,وَهَن,اسم جامد,2061,18283,كون الشيء واهناً,وهن,فَعَلٌ,roots-4662:وهن:المحكم — المعاني,roots-4662:وهن:مقاييس — المحور,,وَهَن,APPROVED,,L2_017 haiku b37
AR10149,مَرِن,صفة مشبهة,2061,18286,ينحني بسهولة,رين,فَاعِلٌ,roots-4662:رين:المحكم — المعاني,roots-4662:رين:مقاييس — المحور,,مَرِن,APPROVED,,L2_017 haiku b37
AR10150,مُرُونَة,اسم جامد,2061,18287;18289,سهولة الانحناء,رين,فُعُولَةٌ,roots-4662:رين:المحكم — المعاني,roots-4662:رين:مقاييس — المحور,,مُرُونَة,APPROVED,,L2_017 haiku b37
AR10151,مُرِن,صفة مشبهة,2061,18288,قابل للانحناء,رين,,roots-4662:رين:المحكم — المعاني,roots-4662:رين:مقاييس — المحور,,مُرِن,APPROVED,فُعِل,L2_017 haiku b37 | FLAGS: WAZN_NOT_IN_INV
AR10153,سَلَّمَ,فعل,2071,15571,ينقل شيئاً إلى شخص,سلم,فَعَّلَ,roots-4662:سلم:المحكم — المعاني,roots-4662:سلم:مقاييس — المحور,roots-4662:سلم:الأساس — المجاز,سَلَّمَ,APPROVED,,L2_017 haiku b37
AR10154,فَازَ,فعل,2072,15119,ينهي بنتيجة ايجابية,فوز,,roots-4662:فوز:المحكم — المعاني,roots-4662:فوز:مقاييس — المحور,roots-4662:فوز:الأساس — المجاز,فَازَ,APPROVED,فَاعَ,L2_017 haiku b37 | FLAGS: WAZN_NOT_IN_INV
AR10155,هَزَمَ,فعل,2074,15124,يفوز على فريق,هزم,فَعَلَ,roots-4662:هزم:المحكم — المعاني,roots-4662:هزم:مقاييس — المحور,roots-4662:هزم:الأساس — المجاز,هَزَمَ,APPROVED,,L2_017 haiku b37
AR10156,انْتَصَرَ,فعل,2074,15125,يفوز في منافسة,نصر,اِنْفَعَلَ,roots-4662:نصر:المحكم — المعاني,roots-4662:نصر:مقاييس — المحور,,انْتَصَرَ,APPROVED,,L2_017 haiku b37 | FLAGS: WAZN_LEMMA_MISMATCH
AR10157,سَحَقَ,فعل,2074,15126;15137,يفوز بهامش كبير,سحق,فَعَلَ,roots-4662:سحق:المحكم — المعاني,roots-4662:سحق:مقاييس — المحور,roots-4662:سحق:الأساس — المجاز,سَحَقَ,APPROVED,,L2_017 haiku b37
AR10158,غَلَبَ,فعل,2074,15127,يخرج كفائز,غلب,فَعَلَ,roots-4662:غلب:المحكم — المعاني,roots-4662:غلب:مقاييس — المحور,roots-4662:غلب:الأساس — المجاز,غَلَبَ,APPROVED,,L2_017 haiku b37
AR10159,هَزِيمَة,اسم جامد,2074,15128,حالة الهزيمة,هزم,فَعِيلَةٌ,roots-4662:هزم:المحكم — المعاني,roots-4662:هزم:مقاييس — المحور,roots-4662:هزم:الأساس — المجاز,هَزِيمَة,APPROVED,,L2_017 haiku b37
AR10160,أَسْقَطَ,فعل,2074,15129,يهزم بقسوة,سقط,أَفْعَلَ,roots-4662:سقط:المحكم — المعاني,roots-4662:سقط:مقاييس — المحور,roots-4662:سقط:الأساس — المجاز,أَسْقَطَ,APPROVED,,L2_017 haiku b37
AR10161,قَلَبَ,فعل,2074,15130,يهزم,قلب,فَعَلَ,roots-4662:قلب:المحكم — المعاني,roots-4662:قلب:مقاييس — المحور,roots-4662:قلب:الأساس — المجاز,قَلَبَ,APPROVED,,L2_017 haiku b37
AR10162,انْسِحَاق,اسم جامد,2074,15131,هزيمة حاسمة,سحق,اِنْفِعَالٌ,roots-4662:سحق:المحكم — المعاني,roots-4662:سحق:مقاييس — المحور,roots-4662:سحق:الأساس — المجاز,انْسِحَاق,APPROVED,,L2_017 haiku b37
AR10163,لَمَحَ,فعل,2075,15132,يرى بإيجاز,لمح,فَعَلَ,roots-4662:لمح:المحكم — المعاني,roots-4662:لمح:مقاييس — المحور,roots-4662:لمح:الأساس — المجاز,لَمَحَ,APPROVED,,L2_017 haiku b37
AR10164,لَمْحَة,اسم جامد,2075,15133,حدث رؤية موجزة,لمح,فَعْلَةٌ,roots-4662:لمح:المحكم — المعاني,roots-4662:لمح:مقاييس — المحور,roots-4662:لمح:الأساس — المجاز,لَمْحَة,APPROVED,,L2_017 haiku b37
AR10167,قَضَى,فعل,2076,16838,يحكم قانونياً,قضي,فَعَلَ,roots-4662:قضي:المحكم — المعاني,roots-4662:قضي:مقاييس — المحور,roots-4662:قضي:الأساس — المجاز,قَضَى,APPROVED,,L2_017 haiku b37 | FLAGS: ROOT_NORMALIZED
AR10171,رَأَى,فعل,2076,17333,يحكم كسلطة قانونية,رءي,فَعَلَ,roots-4662:رءي:المحكم — المعاني,roots-4662:رءي:مقاييس — المحور,roots-4662:رءي:الأساس — المجاز,رَأَى,APPROVED,,L2_017 haiku b37 | FLAGS: ROOT_NORMALIZED
AR10172,ذَكَرَ,فعل,2080,15150,يشير دون تفصيل,ذكر,فَعَلَ,roots-4662:ذكر:المحكم — المعاني,roots-4662:ذكر:مقاييس — المحور,roots-4662:ذكر:الأساس — المجاز,ذَكَرَ,APPROVED,,L2_017 haiku b37
AR10174,سَمَّى,فعل,2090,15160,يعطي هوية لشيء,سمي,فَعَّلَ,,,,سَمَّى,APPROVED,,L2_017 haiku b37 | FLAGS: ROOT_NORMALIZED
AR10177,أَشَارَ إِلَى,تركيب,2090,18496,يدل على أو يحدد,,,,,,أَشَارَ إِلَى,APPROVED,,L2_017 haiku b37
AR10178,أَدَلَى,فعل,2090,18504,يعرف أو يبلغ الشرطة,دلي,أَفْعَلَ,,v21:دلي:مقاييس — المحور,v21:دلي:الأساس — المجاز,أَدَلَى,APPROVED,,L2_017 haiku b37
AR10179,تَلاشَى,فعل,2104,15183,يقترب من عدم الوجود,لشا,تَفَاعَلَ,,,,تَلاشَى,APPROVED,,L2_017 haiku b37 | FLAGS: ROOT_ALIF
AR10180,اخْتَفَى,فعل,2104,15184,يكف عن الوجود,خفي,اِفْتَعَلَ,roots-4662:خفي:المحكم — المعاني,roots-4662:خفي:مقاييس — المحور,,اخْتَفَى,APPROVED,,L2_017 haiku b37
AR10181,تَبَدَّدَ,فعل,2104,15185,يكف تماماً عن الوجود,بدد,تَفَعَّلَ,v21:بدد:المحكم — المعاني,v21:بدد:مقاييس — المحور,v21:بدد:الأساس — المجاز,تَبَدَّدَ,APPROVED,,L2_017 haiku b37
AR10182,ذَهَبَ,فعل,2104,15186,يكف عن الوجود,ذهب,فَعَلَ,roots-4662:ذهب:المحكم — المعاني,roots-4662:ذهب:مقاييس — المحور,roots-4662:ذهب:الأساس — المجاز,ذَهَبَ,APPROVED,,L2_017 haiku b37
AR10183,اخْتِفَاء,اسم جامد,2104,15187,حدث الاختفاء,خفي,اِفْتِعَالٌ,roots-4662:خفي:المحكم — المعاني,roots-4662:خفي:مقاييس — المحور,,اخْتِفَاء,APPROVED,,L2_017 haiku b37
AR10184,تَبَدُّد,اسم جامد,2104,15188,حدث التبدد,بدد,تَفَعُّلٌ,v21:بدد:المحكم — المعاني,v21:بدد:مقاييس — المحور,v21:بدد:الأساس — المجاز,تَبَدُّد,APPROVED,,L2_017 haiku b37
AR10186,ذَابَ,فعل,2104,15190,يكف عن الوجود تدريجياً,ذوب,,roots-4662:ذوب:المحكم — المعاني,roots-4662:ذوب:مقاييس — المحور,roots-4662:ذوب:الأساس — المجاز,ذَابَ,APPROVED,فَاعَ,L2_017 haiku b37 | FLAGS: WAZN_NOT_IN_INV
AR10187,هَالِك,صفة مشبهة,2105,15179,غير موجود,هلك,فَاعِلٌ,roots-4662:هلك:المحكم — المعاني,roots-4662:هلك:مقاييس — المحور,roots-4662:هلك:الأساس — المجاز,هَالِك,APPROVED,,L2_017 haiku b37
AR10188,تَارِيخ,اسم جامد,2105,15180,مجموع الأحداث,توريخ,فَاعِلٌ,,,,تَارِيخ,APPROVED,,L2_017 haiku b37 | FLAGS: ROOT_LEN
AR10189,ذَاهِب,صفة مشبهة,2105,15181,لا يوجد أكثر,ذهب,فَاعِلٌ,roots-4662:ذهب:المحكم — المعاني,roots-4662:ذهب:مقاييس — المحور,roots-4662:ذهب:الأساس — المجاز,ذَاهِب,APPROVED,,L2_017 haiku b37
AR10190,مِن الْماضِي,تركيب,2105,15182,غير موجود,,,,,,مِن الْماضِي,APPROVED,,L2_017 haiku b37
AR10191,تَارِيخ,اسم جامد,2113,15202,مجموع الأحداث,توريخ,فَاعِلٌ,,,,تَارِيخ,APPROVED,,L2_017 haiku b37 | FLAGS: ROOT_LEN
AR10193,قَدْ,حرف,2120,17411;17412,يعبر عن الاحتمالية,,,,,,قَدْ,APPROVED,,L2_017 haiku b37
AR10194,اسْتَمَرَّ,فعل,2121,15261;15262,له مدة زمنية,مرر,اِسْتَفْعَلَ,roots-4662:مرر:المحكم — المعاني,roots-4662:مرر:مقاييس — المحور,roots-4662:مرر:الأساس — المجاز,اسْتَمَرَّ,APPROVED,,L2_017 haiku b37 | FLAGS: WAZN_LEMMA_MISMATCH
AR10195,لِـ,حرف,2121,17645,لمدة محددة,,,,,,لِـ,APPROVED,,L2_017 haiku b37
AR10198,مُتَسَامِح,اسم فاعل,2131,15324,قادر على التقبل,سمح,,roots-4662:سمح:المحكم — المعاني,roots-4662:سمح:مقاييس — المحور,roots-4662:سمح:الأساس — المجاز,مُتَسَامِح,APPROVED,مُتَفَعِل,L2_017 haiku b37 | FLAGS: WAZN_NOT_IN_INV
AR10199,تَسَامُح,اسم جامد,2131,15326,القدرة على التقبل,سمح,تَفَعُّلٌ,roots-4662:سمح:المحكم — المعاني,roots-4662:سمح:مقاييس — المحور,roots-4662:سمح:الأساس — المجاز,تَسَامُح,APPROVED,,L2_017 haiku b37
AR10204,تَسَلْسُل,اسم جامد,2135,15359;15360,ترتيب زمني,سلسل,تَفَعُّلٌ,v21:سلسل:المحكم — المعاني,,,تَسَلْسُل,APPROVED,,L2_017 haiku b37
AR10205,سِلْسِلَة,اسم جامد,2135,15361,كيانات في ترتيب,سلسل,فِعْلَةٌ,v21:سلسل:المحكم — المعاني,,,سِلْسِلَة,APPROVED,,L2_017 haiku b37
AR10206,مُتَسَلْسِل,صفة مشبهة,2135,15362,يحدث في تسلسل,سلسل,,v21:سلسل:المحكم — المعاني,,,مُتَسَلْسِل,APPROVED,مُتَفَعِل,L2_017 haiku b37 | FLAGS: WAZN_NOT_IN_INV
AR10208,تَرْتِيب,اسم جامد,2135,15364,الترتيب حسب التسلسل,رتب,تَفْعِيلٌ,roots-4662:رتب:المحكم — المعاني,,roots-4662:رتب:الأساس — المجاز,تَرْتِيب,APPROVED,,L2_017 haiku b37
AR10209,لَفَّ,فعل,2136,15373,يضع شيئاً في تشكيل,لفف,فَعَّلَ,roots-4662:لفف:المحكم — المعاني,roots-4662:لفف:مقاييس — المحور,,لَفَّ,APPROVED,,L2_017 haiku b37 | FLAGS: WAZN_LEMMA_MISMATCH
AR10211,تَلَفَّفَ,فعل,2136,15375,يدخل في تشكيل ملفوف,لفف,تَفَعَّلَ,roots-4662:لفف:المحكم — المعاني,roots-4662:لفف:مقاييس — المحور,,تَلَفَّفَ,APPROVED,,L2_017 haiku b37
AR10212,التَّوَى,فعل,2136,15377,يصبح ملتوياً,لوي,اِنْفَعَلَ,roots-4662:لوي:المحكم — المعاني,roots-4662:لوي:مقاييس — المحور,roots-4662:لوي:الأساس — المجاز,التَّوَى,APPROVED,,L2_017 haiku b37
AR10216,تَلَفَّفَ,فعل,2137,15618,يدخل في تشكيل ملفوف,لفف,تَفَعَّلَ,roots-4662:لفف:المحكم — المعاني,roots-4662:لفف:مقاييس — المحور,,تَلَفَّفَ,APPROVED,,L2_017 haiku b37
AR10218,التَّوَى,فعل,2137,15620,يصبح ملتوياً,لوي,اِنْفَعَلَ,roots-4662:لوي:المحكم — المعاني,roots-4662:لوي:مقاييس — المحور,roots-4662:لوي:الأساس — المجاز,التَّوَى,APPROVED,,L2_017 haiku b37
AR10221,تَّسِعَ,فعل,2138,15381,قادر على احتواء,سعع,تَفَعَّلَ,v21:سعع:المحكم — المعاني,v21:سعع:مقاييس — المحور,,تَّسِعَ,APPROVED,,L2_017 haiku b37 | FLAGS: WAZN_LEMMA_MISMATCH
AR10223,نَامَ,فعل,2138,15383,يحتوي على نائمين,نوم,,roots-4662:نوم:المحكم — المعاني,roots-4662:نوم:مقاييس — المحور,roots-4662:نوم:الأساس — المجاز,نَامَ,APPROVED,فَاعَ,L2_017 haiku b37 | FLAGS: WAZN_NOT_IN_INV
AR10225,خَدَمَ,فعل,2138,15592,يخدم عدداً من الناس,خدم,فَعَلَ,roots-4662:خدم:المحكم — المعاني,roots-4662:خدم:مقاييس — المحور,roots-4662:خدم:الأساس — المجاز,خَدَمَ,APPROVED,,L2_017 haiku b37
AR10226,وَقْت,اسم جامد,2140,15396,فترة غير محددة,وقت,فَعْلٌ,roots-4662:وقت:المحكم — المعاني,roots-4662:وقت:مقاييس — المحور,,وَقْت,APPROVED,,L2_017 haiku b37
AR10227,مَرَّة,اسم جامد,2140,15401,حالة واحدة فقط,مرر,فَعْلَةٌ,roots-4662:مرر:المحكم — المعاني,roots-4662:مرر:مقاييس — المحور,roots-4662:مرر:الأساس — المجاز,مَرَّة,APPROVED,,L2_017 haiku b37 | FLAGS: WAZN_LEMMA_MISMATCH
AR10228,مَرَّتَان,اسم جامد,2140,15402,حالتان,مرر,فَعْلَةٌ,roots-4662:مرر:المحكم — المعاني,roots-4662:مرر:مقاييس — المحور,roots-4662:مرر:الأساس — المجاز,مَرَّتَان,APPROVED,,L2_017 haiku b37 | FLAGS: WAZN_LEMMA_MISMATCH
AR10229,ثَلاثَ مَرَّات,اسم جامد,2140,17197,ثلاث مرات,مرر,فَعْلَةٌ,roots-4662:مرر:المحكم — المعاني,roots-4662:مرر:مقاييس — المحور,roots-4662:مرر:الأساس — المجاز,ثَلاثَ مَرَّات,APPROVED,,L2_017 haiku b37 | FLAGS: WAZN_LEMMA_MISMATCH
AR10230,مُتَكَرِّر,صفة مشبهة,2140,18451,يحدث أكثر من مرة,كرر,مُتَفَعِّلٌ,roots-4662:كرر:المحكم — المعاني,roots-4662:كرر:مقاييس — المحور,,مُتَكَرِّر,APPROVED,,L2_017 haiku b37
AR10231,مِرَاراً,ظرف,2140,18452,في نمط متكرر,مرر,,roots-4662:مرر:المحكم — المعاني,roots-4662:مرر:مقاييس — المحور,roots-4662:مرر:الأساس — المجاز,مِرَاراً,APPROVED,فِعَالاً,L2_017 haiku b37 | FLAGS: WAZN_NOT_IN_INV
AR10232,مُنَاسَبَة,اسم جامد,2140,18665,حالة من حدث,نسب,مُفَاعَلَةٌ,roots-4662:نسب:المحكم — المعاني,roots-4662:نسب:مقاييس — النص,roots-4662:نسب:الأساس — المجاز,مُنَاسَبَة,APPROVED,,L2_017 haiku b37
AR10233,وَقْت,اسم جامد,2141,15399,فترة غير محددة,وقت,فَعْلٌ,roots-4662:وقت:المحكم — المعاني,roots-4662:وقت:مقاييس — المحور,,وَقْت,APPROVED,,L2_017 haiku b37
AR10234,تَارِيخ,اسم جامد,2141,15730,مزيج من التاريخ,توريخ,فَاعِلٌ,,,,تَارِيخ,APPROVED,,L2_017 haiku b37 | FLAGS: ROOT_LEN
AR10235,فَتْرَة,اسم جامد,2141,16915,فترة زمنية,فتر,فَعْلَةٌ,roots-4662:فتر:المحكم — المعاني,roots-4662:فتر:مقاييس — المحور,roots-4662:فتر:الأساس — المجاز,فَتْرَة,APPROVED,,L2_017 haiku b37
AR10236,فَتْرَة,اسم جامد,2142,15518,فترة زمنية,فتر,فَعْلَةٌ,roots-4662:فتر:المحكم — المعاني,roots-4662:فتر:مقاييس — المحور,roots-4662:فتر:الأساس — المجاز,فَتْرَة,APPROVED,,L2_017 haiku b37
AR10237,وَقْت,اسم جامد,2142,15519,فترة غير محددة,وقت,فَعْلٌ,roots-4662:وقت:المحكم — المعاني,roots-4662:وقت:مقاييس — المحور,,وَقْت,APPROVED,,L2_017 haiku b37
AR10238,حَيَاة,اسم جامد,2142,16371,فترة من الحياة,حيي,فَعَالَةٌ,,v21:حيي:مقاييس — النص,v21:حيي:الأساس — المجاز,حَيَاة,APPROVED,,L2_017 haiku b37
AR10239,رَغْمَ,حرف,2150,15421,على الرغم من,,,,,,رَغْمَ,APPROVED,,L2_017 haiku b37
AR10240,عَلَى الرَّغْمِ,تركيب,2150,15423,على الرغم من,,,,,,عَلَى الرَّغْمِ,APPROVED,,L2_017 haiku b37
AR10241,رَغْمَ أَنَّ,تركيب,2150,15424,على الرغم من أن,,,,,,رَغْمَ أَنَّ,APPROVED,,L2_017 haiku b37
AR10242,وَإِنْ,تركيب,2150,15425;18750,على الرغم من أن,,,,,,وَإِنْ,APPROVED,,L2_017 haiku b37
AR10243,حِينَ أَنَّ,تركيب,2150,15431,من ناحية أخرى,,,,,,حِينَ أَنَّ,APPROVED,,L2_017 haiku b37
AR10244,إِذَا,حرف,2150,18041,مع افتراض,,,,,,إِذَا,APPROVED,,L2_017 haiku b37
AR10245,أَرَى,فعل,2161,15460,يجعل مرئياً,ريي,أَفْعَلَ,,,,أَرَى,APPROVED,,L2_017 haiku b37
AR10250,مَثَّلَ,فعل,2161,15521,يعبر بشكل غير مباشر,مثل,فَعَّلَ,roots-4662:مثل:المحكم — المعاني,roots-4662:مثل:مقاييس — المحور,,مَثَّلَ,APPROVED,,L2_017 haiku b37
AR10252,لَفَتَ النَّظَرَ,تركيب,2161,17166,يلفت انتباهاً,,,,,,لَفَتَ النَّظَرَ,APPROVED,,L2_017 haiku b37
AR10253,رَمَزَ,فعل,2162,15496,يمثل برمز,رمز,فَعَلَ,roots-4662:رمز:المحكم — المعاني,roots-4662:رمز:مقاييس — المحور,,رَمَزَ,APPROVED,,L2_017 haiku b37
AR10254,رَمْز,تركيب,2162,15515,يمثل,,,,,,رَمْز,APPROVED,,L2_017 haiku b37
AR10255,مَجْمُوع أَعْمَال,تركيب,2164,15470,أعمال الفنان,,,,,,مَجْمُوع أَعْمَال,APPROVED,,L2_017 haiku b37
AR10257,إِنْتَاج,اسم جامد,2164,16300,نتائج العمل,نتج,,roots-4662:نتج:المحكم — المعاني,roots-4662:نتج:مقاييس — النص,roots-4662:نتج:الأساس — المجاز,إِنْتَاج,APPROVED,إِفْتِعَال,L2_017 haiku b37 | FLAGS: WAZN_LEMMA_MISMATCH;WAZN_NOT_IN_INV
AR10258,عَالِي الصَّوْت,تركيب,2170,15480,عالي الحجم الصوتي,,,,,,عَالِي الصَّوْت,APPROVED,,L2_017 haiku b37
AR10259,هَادِئ,صفة مشبهة,2170,15481,منخفض الحجم,هدي,فَاعِلٌ,roots-4662:هدي:المحكم — المعاني,roots-4662:هدي:مقاييس — النص,roots-4662:هدي:الأساس — المجاز,هَادِئ,APPROVED,,L2_017 haiku b37
AR10261,مِلْك,اسم جامد,2171,15493,مبنى والأرض,ملك,فِعْلٌ,roots-4662:ملك:المحكم — المعاني,roots-4662:ملك:مقاييس — المحور,roots-4662:ملك:الأساس — المجاز,مِلْك,APPROVED,,L2_017 haiku b37
AR10263,بَاعَ على المكشوف,تركيب,2180,15511,يبيع ويشتري أقل,,,,,,بَاعَ على المكشوف,APPROVED,,L2_017 haiku b37
AR10266,انْتَهَى,فعل,2191,15565,يعترف به في النهاية,نهي,اِنْفَعَلَ,roots-4662:نهي:المحكم — المعاني,roots-4662:نهي:مقاييس — المحور,roots-4662:نهي:الأساس — المجاز,انْتَهَى,APPROVED,,L2_017 haiku b37
AR10267,غَطَّسَ,فعل,2192,15580,يضع مؤقتاً في سائل,غطس,فَعَّلَ,roots-4662:غطس:المحكم — المعاني,roots-4662:غطس:مقاييس — المحور,,غَطَّسَ,APPROVED,,L2_017 haiku b37
AR10268,غَمَسَ,فعل,2192,15581,يضع مؤقتاً في سائل,غمس,فَعَلَ,roots-4662:غمس:المحكم — المعاني,roots-4662:غمس:مقاييس — المحور,roots-4662:غمس:الأساس — المجاز,غَمَسَ,APPROVED,,L2_017 haiku b37
AR10269,فَازَ,فعل,2193,15593,ينهي بنتيجة ايجابية,فوز,,roots-4662:فوز:المحكم — المعاني,roots-4662:فوز:مقاييس — المحور,roots-4662:فوز:الأساس — المجاز,فَازَ,APPROVED,فَاعَ,L2_017 haiku b37 | FLAGS: WAZN_NOT_IN_INV
AR10270,خَسِرَ,فعل,2193,15594,ينقص في الكمية,خسر,فَعِلَ,roots-4662:خسر:المحكم — المعاني,roots-4662:خسر:مقاييس — المحور,roots-4662:خسر:الأساس — المجاز,خَسِرَ,APPROVED,,L2_017 haiku b37
AR10271,خَسِرَ,فعل,2196,15587,ينقص في الكمية,خسر,فَعِلَ,roots-4662:خسر:المحكم — المعاني,roots-4662:خسر:مقاييس — المحور,roots-4662:خسر:الأساس — المجاز,خَسِرَ,APPROVED,,L2_017 haiku b37
AR10272,خَسِرَ,فعل,2197,15588,ينقص في الكمية,خسر,فَعِلَ,roots-4662:خسر:المحكم — المعاني,roots-4662:خسر:مقاييس — المحور,roots-4662:خسر:الأساس — المجاز,خَسِرَ,APPROVED,,L2_017 haiku b37
AR10274,خَسِرَ,فعل,2199,15600,ينقص في الكمية,خسر,فَعِلَ,roots-4662:خسر:المحكم — المعاني,roots-4662:خسر:مقاييس — المحور,roots-4662:خسر:الأساس — المجاز,خَسِرَ,APPROVED,,L2_017 haiku b37
AR10275,خَسِرَ,فعل,2200,15601,ينقص في الكمية,خسر,فَعِلَ,roots-4662:خسر:المحكم — المعاني,roots-4662:خسر:مقاييس — المحور,roots-4662:خسر:الأساس — المجاز,خَسِرَ,APPROVED,,L2_017 haiku b37
AR10276,كَسِبَ,فعل,2201,15603,يزيد في الكمية,كسب,فَعِلَ,roots-4662:كسب:المحكم — المعاني,roots-4662:كسب:مقاييس — المحور,roots-4662:كسب:الأساس — المجاز,كَسِبَ,APPROVED,,L2_017 haiku b37
AR10277,خَسِرَ,فعل,2201,15604,ينقص في الكمية,خسر,فَعِلَ,roots-4662:خسر:المحكم — المعاني,roots-4662:خسر:مقاييس — المحور,roots-4662:خسر:الأساس — المجاز,خَسِرَ,APPROVED,,L2_017 haiku b37
AR10278,قَرَأَ بِصَوْت عَالٍ,تركيب,2202,15621;15948,ينطق نص مكتوب,,,,,,قَرَأَ بِصَوْت عَالٍ,APPROVED,,L2_017 haiku b37
AR10279,اسْتَنْفَدَ,فعل,2220,15636,ينضب مورد,نفد,اِسْتَفْعَلَ,roots-4662:نفد:المحكم — المعاني,roots-4662:نفد:مقاييس — المحور,,اسْتَنْفَدَ,APPROVED,,L2_017 haiku b37
AR10280,اسْتَهْلَكَ,فعل,2220,15637;17171,يستخدم مورد,هلك,اِسْتَفْعَلَ,roots-4662:هلك:المحكم — المعاني,roots-4662:هلك:مقاييس — المحور,roots-4662:هلك:الأساس — المجاز,اسْتَهْلَكَ,APPROVED,,L2_017 haiku b37
AR10281,أَنْفَقَ,فعل,2220,15638;17172;17175,ينفق,نفق,أَفْعَلَ,roots-4662:نفق:المحكم — المعاني,roots-4662:نفق:مقاييس — المحور,roots-4662:نفق:الأساس — المجاز,أَنْفَقَ,APPROVED,,L2_017 haiku b37
AR10283,نَقَّصَ,فعل,2220,17170,يقلل المورد,نقص,فَعَّلَ,roots-4662:نقص:المحكم — المعاني,roots-4662:نقص:مقاييس — النص,,نَقَّصَ,APPROVED,,L2_017 haiku b37
AR10285,نَفِدَ,فعل,2220,17697,ينفق تماماً,نفد,فَعِلَ,roots-4662:نفد:المحكم — المعاني,roots-4662:نفد:مقاييس — المحور,,نَفِدَ,APPROVED,,L2_017 haiku b37
AR10287,أَدْرَجَ,فعل,2230,15812,يضع في مجموعة,درج,أَفْعَلَ,roots-4662:درج:المحكم — المعاني,roots-4662:درج:مقاييس — المحور,roots-4662:درج:الأساس — المجاز,أَدْرَجَ,APPROVED,,L2_017 haiku b37
AR10288,رَدّ,فعل,2232,15652,أَعْطَى رَدًّا أَوْ استِجَابَةً عَلَى المُحَفِّز,ردد,,roots-4662:ردد:المحكم — المعاني,roots-4662:ردد:مقاييس — المحور,roots-4662:ردد:الأساس — المجاز,رَدّ,APPROVED,فَعّلَ,L2_017 haiku b38 | FLAGS: WAZN_LEMMA_MISMATCH;WAZN_NOT_IN_INV
AR10289,أَرْضَى,فعل,2233,15655,وَفَّق الكيان بالمعيار المطلوب,رضي,أَفْعَلَ,,v21:رضي:مقاييس — المحور,,أَرْضَى,APPROVED,,L2_017 haiku b38
AR10290,استَوْفَى,فعل,2235,15657,بَلَغَ المعيار المطلوب,وفي,اِفْتَعَلَ,roots-4662:وفي:المحكم — المعاني,roots-4662:وفي:مقاييس — النص,roots-4662:وفي:الأساس — المجاز,استَوْفَى,APPROVED,,L2_017 haiku b38
AR10291,أَنْجَزَ,فعل,2235,15658,أَتَمّ ما هو مطلوب,نجز,أَفْعَلَ,roots-4662:نجز:المحكم — المعاني,roots-4662:نجز:مقاييس — المحور,,أَنْجَزَ,APPROVED,,L2_017 haiku b38
AR10294,الْتَقَى,فعل,2238,15664,تَقَابَل طَرْفَاه وتحاورا,لقي,اِفْتَعَلَ,roots-4662:لقي:المحكم — المعاني,roots-4662:لقي:مقاييس — المحور,roots-4662:لقي:الأساس — المجاز,الْتَقَى,APPROVED,,L2_017 haiku b38
AR10296,قَدَّمَ,فعل,2239,15660;17140,عَرَضَ شيئاً للأخذ,قدم,,roots-4662:قدم:المحكم — المعاني,roots-4662:قدم:مقاييس — المحور,roots-4662:قدم:الأساس — المجاز,قَدَّمَ,APPROVED,فَعّلَ,L2_017 haiku b38 | FLAGS: WAZN_NOT_IN_INV
AR10297,مَدّ,فعل,2239,15661,قَدَّمَ بمبادرة,مدد,,roots-4662:مدد:المحكم — المعاني,roots-4662:مدد:مقاييس — المحور,roots-4662:مدد:الأساس — المجاز,مَدّ,APPROVED,فَعّلَ,L2_017 haiku b38 | FLAGS: WAZN_LEMMA_MISMATCH;WAZN_NOT_IN_INV
AR10298,رَاهَن,فعل,2241,15665;17214,وَضَعَ المال على احتمال,رهن,فَاعَلَ,roots-4662:رهن:المحكم — المعاني,roots-4662:رهن:مقاييس — المحور,roots-4662:رهن:الأساس — المجاز,رَاهَن,APPROVED,,L2_017 haiku b38
AR10299,رِهَان,اسم جامد,2241,15666,وَضْعُ مال على نتيجة غير مؤكدة,رهن,فِعَالٌ,roots-4662:رهن:المحكم — المعاني,roots-4662:رهن:مقاييس — المحور,roots-4662:رهن:الأساس — المجاز,رِهَان,APPROVED,,L2_017 haiku b38
AR10306,أَمْثَال,اسم جامد,2244,15810,نسب من كمية أصلية,ثيل,,v21:ثيل:المحكم — المعاني,v21:ثيل:مقاييس — النص,,أَمْثَال,APPROVED,أَفْعَال,L2_017 haiku b38 | FLAGS: WAZN_NOT_IN_INV
AR10308,قَسَّمَ,فعل,2246,15685,وَزّعَ عدداً على آخر,قسم,,roots-4662:قسم:المحكم — المعاني,roots-4662:قسم:مقاييس — المحور,roots-4662:قسم:الأساس — المجاز,قَسَّمَ,APPROVED,فَعّلَ,L2_017 haiku b38 | FLAGS: WAZN_NOT_IN_INV
AR10310,قِسْمَة,اسم جامد,2246,15687,تقسيم عدد على آخر,قسم,فِعْلَةٌ,roots-4662:قسم:المحكم — المعاني,roots-4662:قسم:مقاييس — المحور,roots-4662:قسم:الأساس — المجاز,قِسْمَة,APPROVED,,L2_017 haiku b38
AR10311,خَارِج,اسم جامد,2247,15689,نتيجة قسمة عدد على آخر,خرج,فَاعِلٌ,roots-4662:خرج:المحكم — المعاني,roots-4662:خرج:مقاييس — المحور,roots-4662:خرج:الأساس — المجاز,خَارِج,APPROVED,,L2_017 haiku b38
AR10312,فَرْق,اسم جامد,2247,15690,ما يبقى بعد الطرح,فرق,فَعْلٌ,roots-4662:فرق:المحكم — المعاني,roots-4662:فرق:مقاييس — المحور,roots-4662:فرق:الأساس — المجاز,فَرْق,APPROVED,,L2_017 haiku b38
AR10318,أَسْوَد,صفة مشبهة,2251,15696,من عرق أفريقي,سود,أَفْعَلُ,roots-4662:سود:المحكم — المعاني,roots-4662:سود:مقاييس — المحور,roots-4662:سود:الأساس — المجاز,أَسْوَد,APPROVED,,L2_017 haiku b38
AR10321,آسِيوِيّ,اسم منسوب,2251,15700,متعلق بآسيا,سيا,فَاعِلِيٌّ,,,,آسِيوِيّ,APPROVED,,L2_017 haiku b38 | FLAGS: ROOT_ALIF
AR10322,إِسْبَانِيّ,اسم منسوب,2251,15701,متعلق بإسبانيا,سبن,إِفْعَالِيٌّ,v21:سبن:المحكم — المعاني,,,إِسْبَانِيّ,APPROVED,,L2_017 haiku b38
AR10323,نُمُوذَج,اسم جامد,2252,15702,عضو مثالي من فئة,نمذج,فُعُولٌ,,,,نُمُوذَج,APPROVED,,L2_017 haiku b38
AR10324,نَمُوذَج,اسم جامد,2252,15703,مثال يُحتذى به من الفئة,نمذج,فَعُولٌ,,,,نَمُوذَج,APPROVED,,L2_017 haiku b38
AR10326,قِدْوَة,اسم جامد,2252,15709,نموذج إيجابي يُتّبع,قدا,,,,,قِدْوَة,APPROVED,فِعْوَة,L2_017 haiku b38 | FLAGS: ROOT_ALIF;WAZN_NOT_IN_INV
AR10327,رَمْز,اسم جامد,2252,15713,ممثل مثالي من الفئة,رمز,فَعْلٌ,roots-4662:رمز:المحكم — المعاني,roots-4662:رمز:مقاييس — المحور,,رَمْز,APPROVED,,L2_017 haiku b38
AR10328,فَرِيد,اسم جامد,2252,17055,نموذج مثالي استثنائي,فرد,فَعِيلٌ,roots-4662:فرد:المحكم — المعاني,roots-4662:فرد:مقاييس — المحور,,فَرِيد,APPROVED,,L2_017 haiku b38
AR10330,مِثَالِيّ,اسم منسوب,2253,15706,يطابق الشكل المثالي,مثل,فِعَالِيٌّ,roots-4662:مثل:المحكم — المعاني,roots-4662:مثل:مقاييس — المحور,,مِثَالِيّ,APPROVED,,L2_017 haiku b38
AR10331,نُمُوذَجِيّ,اسم منسوب,2253,15707,يطابق النموذج الأولي,نمذج,فُعُولِيٌّ,,,,نُمُوذَجِيّ,APPROVED,,L2_017 haiku b38
AR10332,مِعْيَار,اسم جامد,2253,16911,نموذجي من حيث الشكل,عيار,فِعْيالٌ,,,,مِعْيَار,APPROVED,,L2_017 haiku b38 | FLAGS: ROOT_ALIF
AR10337,دَافِئ,صفة مشبهة,2270,15760,يشبه ألوان الحرارة,دفء,فَاعِلٌ,roots-4662:دفء:المحكم — المعاني,roots-4662:دفء:مقاييس — المحور,,دَافِئ,APPROVED,,L2_017 haiku b38 | FLAGS: ROOT_NORMALIZED
AR10338,زَاهِي,صفة مشبهة,2270,15762,قويّ الانطباع اللوني,زها,فَاعِلٌ,,,,زَاهِي,APPROVED,,L2_017 haiku b38 | FLAGS: ROOT_ALIF
AR10341,فَاتِح,اسم فاعل,2270,15830,عالي الإضاءة اللونية,فتح,فَاعِلٌ,roots-4662:فتح:المحكم — المعاني,roots-4662:فتح:مقاييس — المحور,roots-4662:فتح:الأساس — المجاز,فَاتِح,APPROVED,,L2_017 haiku b38
AR10342,غَامِق,اسم فاعل,2270,16955,عميق اللون غير فاتح,غمق,فَاعِلٌ,roots-4662:غمق:المحكم — المعاني,roots-4662:غمق:مقاييس — النص,,غَامِق,APPROVED,,L2_017 haiku b38
AR10343,سَاطِع,اسم فاعل,2270,16986,حيّ اللون والتشبع,سطع,فَاعِلٌ,roots-4662:سطع:المحكم — المعاني,roots-4662:سطع:مقاييس — المحور,roots-4662:سطع:الأساس — المجاز,سَاطِع,APPROVED,,L2_017 haiku b38
AR10344,خَرَج,فعل,2280,15768,شارك في حدث اجتماعي,خرج,فَعَلَ,roots-4662:خرج:المحكم — المعاني,roots-4662:خرج:مقاييس — المحور,roots-4662:خرج:الأساس — المجاز,خَرَج,APPROVED,,L2_017 haiku b38
AR10345,مَوْعِد,اسم جامد,2281,15767,تقابل اجتماعي مرتب مسبقاً,وعد,مَفْعِلٌ,roots-4662:وعد:المحكم — المعاني,roots-4662:وعد:مقاييس — النص,roots-4662:وعد:الأساس — المجاز,مَوْعِد,APPROVED,,L2_017 haiku b38
AR10346,كَبِير,صفة مشبهة,2282,15769;15771,فوق المتوسط في الحجم,كبر,فَعِيلٌ,roots-4662:كبر:المحكم — المعاني,roots-4662:كبر:مقاييس — المحور,roots-4662:كبر:الأساس — المجاز,كَبِير,APPROVED,,L2_017 haiku b38
AR10349,دَقِيق,صفة مشبهة,2282,15774;17854;17870,صغير جداً,دقق,فَعِيلٌ,roots-4662:دقق:المحكم — المعاني,roots-4662:دقق:مقاييس — المحور,roots-4662:دقق:الأساس — المجاز,دَقِيق,APPROVED,,L2_017 haiku b38
AR10350,هَائِل,اسم فاعل,2282,15927,كبير بشكل مذهل,هيل,فَاعِلٌ,roots-4662:هيل:المحكم — المعاني,roots-4662:هيل:مقاييس — المحور,,هَائِل,APPROVED,,L2_017 haiku b38
AR10354,فَخْم,صفة مشبهة,2282,17852,كبير وفخيم من المظهر,فخم,فَعْلٌ,roots-4662:فخم:المحكم — المعاني,roots-4662:فخم:مقاييس — المحور,,فَخْم,APPROVED,,L2_017 haiku b38
AR10355,سَاحِق,اسم فاعل,2282,17853,كبير جداً في المساحة,سحق,فَاعِلٌ,roots-4662:سحق:المحكم — المعاني,roots-4662:سحق:مقاييس — المحور,roots-4662:سحق:الأساس — المجاز,سَاحِق,APPROVED,,L2_017 haiku b38
AR10356,لَا بَأْسَ بِه,تركيب,2282,17856,حجم معتبر إلى حد ما,,,,,,لَا بَأْسَ بِه,APPROVED,,L2_017 haiku b38
AR10357,مِعْتَبَر,اسم فاعل,2282,17857,كبير كفاية من الحجم,عتبر,,,,,مِعْتَبَر,APPROVED,مِفْتَعَل,L2_017 haiku b38 | FLAGS: WAZN_NOT_IN_INV
AR10358,وَاسِع,اسم فاعل,2282,17858,كبير كفاية من المساحة,وسع,فَاعِلٌ,roots-4662:وسع:المحكم — المعاني,roots-4662:وسع:مقاييس — المحور,roots-4662:وسع:الأساس — المجاز,وَاسِع,APPROVED,,L2_017 haiku b38
AR10360,فَسِيح,صفة مشبهة,2282,17860,قادر على احتواء الكثير,فسح,فَعِيلٌ,roots-4662:فسح:المحكم — المعاني,roots-4662:فسح:مقاييس — المحور,,فَسِيح,APPROVED,,L2_017 haiku b38
AR10361,ضَخْم جِدّا,تركيب,2282,17861,كبير بشكل استثنائي,,,,,,ضَخْم جِدّا,APPROVED,,L2_017 haiku b38
AR10362,غَيْرَ قَابِل,تركيب,2282,17863,كبير حتى لا يُقاس,,,,,,غَيْرَ قَابِل,APPROVED,,L2_017 haiku b38
AR10364,نَحِيل,صفة مشبهة,2282,17868,صغير وضئيل البنية,نحل,فَعِيلٌ,roots-4662:نحل:المحكم — المعاني,roots-4662:نحل:مقاييس — المحور,,نَحِيل,APPROVED,,L2_017 haiku b38
AR10367,مُتَوَسِّط,اسم فاعل,2282,17874;17875;17876,بين الصغير والكبير,وسط,مُتَفَعِّلٌ,roots-4662:وسط:المحكم — المعاني,roots-4662:وسط:مقاييس — المحور,roots-4662:وسط:الأساس — المجاز,مُتَوَسِّط,APPROVED,,L2_017 haiku b38
AR10368,دَافِئ,صفة مشبهة,2284,15791,يحفظ الحرارة الجسدية,دفء,فَاعِلٌ,roots-4662:دفء:المحكم — المعاني,roots-4662:دفء:مقاييس — المحور,,دَافِئ,APPROVED,,L2_017 haiku b38 | FLAGS: ROOT_NORMALIZED
AR10371,اسْتَخْرَجَ,فعل,2285,16127,أخرج مورداً من الأرض,خرج,اِسْتَفْعَلَ,roots-4662:خرج:المحكم — المعاني,roots-4662:خرج:مقاييس — المحور,roots-4662:خرج:الأساس — المجاز,اسْتَخْرَجَ,APPROVED,,L2_017 haiku b38
AR10373,دَافِئ,صفة مشبهة,2286,15788,درجة حرارة مريحة,دفء,فَاعِلٌ,roots-4662:دفء:المحكم — المعاني,roots-4662:دفء:مقاييس — المحور,,دَافِئ,APPROVED,,L2_017 haiku b38 | FLAGS: ROOT_NORMALIZED
AR10377,نَافِذَة,اسم جامد,2290,15801,فترة زمنية تسمح بعمل,نفذ,فَاعِلَةٌ,roots-4662:نفذ:المحكم — المعاني,roots-4662:نفذ:مقاييس — المحور,roots-4662:نفذ:الأساس — المجاز,نَافِذَة,APPROVED,,L2_017 haiku b38
AR10379,خَدّش,فعل,2320,15880,خفف احساساً غير مريح,خدش,,roots-4662:خدش:المحكم — المعاني,roots-4662:خدش:مقاييس — المحور,roots-4662:خدش:الأساس — المجاز,خَدّش,APPROVED,فَعّلَ,L2_017 haiku b38 | FLAGS: WAZN_NOT_IN_INV
AR10380,دَغْدَغَ,فعل,2320,15881,سبب إحساساً مرحاً,دغدغ,,v21:دغدغ:المحكم — المعاني,,v21:دغدغ:الأساس — المجاز,دَغْدَغَ,APPROVED,فَعْفَعَ,L2_017 haiku b38 | FLAGS: WAZN_NOT_IN_INV
AR10381,دَلّك,فعل,2320,15882;15883,ضغط على العضلات للتخفيف,دلك,,roots-4662:دلك:المحكم — المعاني,roots-4662:دلك:مقاييس — المحور,roots-4662:دلك:الأساس — المجاز,دَلّك,APPROVED,فَعّلَ,L2_017 haiku b38 | FLAGS: WAZN_NOT_IN_INV
AR10383,آلَمَ,فعل,2320,17588,سبب ألماً في جزء من الجسم,ءلم,أَفْعَلَ,v21:ألم:المحكم — المعاني,v21:ألم:مقاييس — المحور,,آلَمَ,APPROVED,,L2_017 haiku b38 | FLAGS: ROOT_NORMALIZED
AR10384,ذَاقَ,فعل,2330,15910;15911,تناول طعاماً لتقييم جودته,ذوق,,roots-4662:ذوق:المحكم — المعاني,roots-4662:ذوق:مقاييس — المحور,roots-4662:ذوق:الأساس — المجاز,ذَاقَ,APPROVED,فَاعَ,L2_017 haiku b38 | FLAGS: WAZN_NOT_IN_INV
AR10387,فُرْصَة,اسم جامد,2350,15950;15968,موقف يسمح بفعل شيء,فرص,فُعْلَةٌ,roots-4662:فرص:المحكم — المعاني,roots-4662:فرص:مقاييس — المحور,roots-4662:فرص:الأساس — المجاز,فُرْصَة,APPROVED,,L2_017 haiku b38
AR10389,مُنَاسِب,اسم فاعل,2350,15967,يعرض موقفاً مناسباً,نسب,مُفَاعِلٌ,roots-4662:نسب:المحكم — المعاني,roots-4662:نسب:مقاييس — النص,roots-4662:نسب:الأساس — المجاز,مُنَاسِب,APPROVED,,L2_017 haiku b38
AR10391,نِسْبَة,اسم جامد,2360,15980,نسبة احتمالية نتيجة,نسب,فِعْلَةٌ,roots-4662:نسب:المحكم — المعاني,roots-4662:نسب:مقاييس — النص,roots-4662:نسب:الأساس — المجاز,نِسْبَة,APPROVED,,L2_017 haiku b38
AR10394,سَدّ,فعل,2370,15985,أرجع ديناً,سدد,,roots-4662:سدد:المحكم — المعاني,roots-4662:سدد:مقاييس — المحور,roots-4662:سدد:الأساس — المجاز,سَدّ,APPROVED,فَعّلَ,L2_017 haiku b38 | FLAGS: WAZN_LEMMA_MISMATCH;WAZN_NOT_IN_INV
AR10395,سَدَاد,اسم جامد,2370,15986,إرجاع دين,سدد,فَعَالٍ,roots-4662:سدد:المحكم — المعاني,roots-4662:سدد:مقاييس — المحور,roots-4662:سدد:الأساس — المجاز,سَدَاد,APPROVED,,L2_017 haiku b38
AR10396,رَدّ,فعل,2370,15988,أرجع قرضاً,ردد,,roots-4662:ردد:المحكم — المعاني,roots-4662:ردد:مقاييس — المحور,roots-4662:ردد:الأساس — المجاز,رَدّ,APPROVED,فَعّلَ,L2_017 haiku b38 | FLAGS: WAZN_LEMMA_MISMATCH;WAZN_NOT_IN_INV
AR10400,مَرْغوب,اسم مفعول,2380,16010,جدير بالتقليد,رغب,,roots-4662:رغب:المحكم — المعاني,roots-4662:رغب:مقاييس — المحور,roots-4662:رغب:الأساس — المجاز,مَرْغوب,APPROVED,مَفْعول,L2_017 haiku b38 | FLAGS: WAZN_NOT_IN_INV
AR10402,تَمَرّن,فعل,2400,16030;16031,مارس نشاطاً لصحته,مرن,,roots-4662:مرن:المحكم — المعاني,roots-4662:مرن:مقاييس — المحور,,تَمَرّن,APPROVED,تَفَعّلَ,L2_017 haiku b38 | FLAGS: WAZN_NOT_IN_INV
AR10403,تَمَرِين,اسم جامد,2400,16043,نشاط بدني للصحة,مرن,,roots-4662:مرن:المحكم — المعاني,roots-4662:مرن:مقاييس — المحور,,تَمَرِين,APPROVED,تَفَعِيل,L2_017 haiku b38 | FLAGS: WAZN_NOT_IN_INV
AR10404,نَاجِح,اسم فاعل,2411,16065;16068,شخص حقق الازدهار,نجح,فَاعِلٌ,roots-4662:نجح:المحكم — المعاني,roots-4662:نجح:مقاييس — المحور,roots-4662:نجح:الأساس — المجاز,نَاجِح,APPROVED,,L2_017 haiku b38
AR10405,نَجَاح,اسم جامد,2411,16066;16067,حدث أسفر عن ازدهار,نجح,فَعَالٍ,roots-4662:نجح:المحكم — المعاني,roots-4662:نجح:مقاييس — المحور,roots-4662:نجح:الأساس — المجاز,نَجَاح,APPROVED,,L2_017 haiku b38
AR10406,نَجَحَ,فعل,2411,16069;16075,حقق الازدهار والشهرة,نجح,فَعَلَ,roots-4662:نجح:المحكم — المعاني,roots-4662:نجح:مقاييس — المحور,roots-4662:نجح:الأساس — المجاز,نَجَحَ,APPROVED,,L2_017 haiku b38
AR10407,وَصَلَ,فعل,2411,16070,بلغ الازدهار بعد جهد,وصل,فَعَلَ,roots-4662:وصل:المحكم — المعاني,roots-4662:وصل:مقاييس — المحور,,وَصَلَ,APPROVED,,L2_017 haiku b38
AR10408,سَرِيع,صفة مشبهة,2421,16091;16093,معدل أعلى من المتوقع,سرع,فَعِيلٌ,roots-4662:سرع:المحكم — المعاني,roots-4662:سرع:مقاييس — المحور,,سَرِيع,APPROVED,,L2_017 haiku b38
AR10409,بِسُرْعَة,ظرف,2421,16092,بمعدل أعلى من المتوقع,سرع,,roots-4662:سرع:المحكم — المعاني,roots-4662:سرع:مقاييس — المحور,,بِسُرْعَة,APPROVED,بِفُعْلَة,L2_017 haiku b38 | FLAGS: WAZN_NOT_IN_INV
AR10411,بَاب,اسم جامد,2426,16099,فتحة في جسم المركبة,باب,فَاعِلٌ,,,,بَاب,APPROVED,,L2_017 haiku b38 | FLAGS: ROOT_ALIF
AR10412,نَافِذَة,اسم جامد,2426,16100,فتحة في جدار المركبة,نفذ,فَاعِلَةٌ,roots-4662:نفذ:المحكم — المعاني,roots-4662:نفذ:مقاييس — المحور,roots-4662:نفذ:الأساس — المجاز,نَافِذَة,APPROVED,,L2_017 haiku b38
AR10413,مَقْعَد,اسم جامد,2426,16101,موضع الجلوس في المركبة,قعد,مَفْعَلٌ,roots-4662:قعد:المحكم — المعاني,roots-4662:قعد:مقاييس — المحور,roots-4662:قعد:الأساس — المجاز,مَقْعَد,APPROVED,,L2_017 haiku b38
AR10417,فَرامِل,اسم جامد,2426,16105,جهاز إيقاف المركبة,فرمل,فَاعِلٌ,,,,فَرامِل,APPROVED,,L2_017 haiku b38
AR10419,غِطَاء,اسم جامد,2426,16107,غطاء محرك المركبة,غطا,فِعَالٌ,,,,غِطَاء,APPROVED,,L2_017 haiku b38 | FLAGS: ROOT_ALIF
AR10420,صَنْدوق,اسم جامد,2426,16108,حجرة تخزين خلفية,صندق,,,,,صَنْدوق,APPROVED,فَعْلول,L2_017 haiku b38 | FLAGS: WAZN_NOT_IN_INV
AR10422,زُجَاج,اسم جامد,2426,16792,زجاج أمامي للحماية,زجج,فُعَالٌ,roots-4662:زجج:المحكم — المعاني,roots-4662:زجج:مقاييس — المحور,roots-4662:زجج:الأساس — المجاز,زُجَاج,APPROVED,,L2_017 haiku b38
AR10423,نِسْبَة,اسم جامد,2427,16123,مقارنة عددية لكميتين,نسب,فِعْلَةٌ,roots-4662:نسب:المحكم — المعاني,roots-4662:نسب:مقاييس — النص,roots-4662:نسب:الأساس — المجاز,نِسْبَة,APPROVED,,L2_017 haiku b38
AR10424,سِعْر,اسم جامد,2430,16121,مقياس التكلفة الكلية,سعر,فِعْلٌ,roots-4662:سعر:المحكم — المعاني,roots-4662:سعر:مقاييس — المحور,roots-4662:سعر:الأساس — المجاز,سِعْر,APPROVED,,L2_017 haiku b38
AR10425,نِسْبَة,اسم جامد,2431,16122,نسبة من مجموعة أعم,نسب,فِعْلَةٌ,roots-4662:نسب:المحكم — المعاني,roots-4662:نسب:مقاييس — النص,roots-4662:نسب:الأساس — المجاز,نِسْبَة,APPROVED,,L2_017 haiku b38
AR10428,معقد جدا,تركيب,2434,16132,ترتيب معقد بشدة,,,,,,معقد جدا,APPROVED,,L2_017 haiku b38 | FLAGS: UNVOCALIZED
AR10429,دَيْنَامِيكِيّ,اسم منسوب,2440,18290,مليء بالطاقة والفعل,دين,فَيْعالِيٌّ,roots-4662:دين:المحكم — المعاني,roots-4662:دين:مقاييس — المحور,,دَيْنَامِيكِيّ,APPROVED,,L2_017 haiku b38
AR10430,دَيْنَامِيكِيَّة,اسم جامد,2440,18291,طاقة عظيمة وقوة,دين,فَيْعالِيَّةٌ,roots-4662:دين:المحكم — المعاني,roots-4662:دين:مقاييس — المحور,,دَيْنَامِيكِيَّة,APPROVED,,L2_017 haiku b38
AR10431,نَشِيط,صفة مشبهة,2440,18292,يملك طاقة وقوة,نشط,فَعِيلٌ,roots-4662:نشط:المحكم — المعاني,roots-4662:نشط:مقاييس — المحور,roots-4662:نشط:الأساس — المجاز,نَشِيط,APPROVED,,L2_017 haiku b38
AR10435,كَسِل,صفة مشبهة,2440,18296;18298,نافر من النشاط,كسل,فَعِلٌ,roots-4662:كسل:المحكم — المعاني,roots-4662:كسل:مقاييس — المحور,roots-4662:كسل:الأساس — المجاز,كَسِل,APPROVED,,L2_017 haiku b38
AR10436,كَسَل,اسم جامد,2440,18297,ميل للراحة والخمول,كسل,فَعَلٌ,roots-4662:كسل:المحكم — المعاني,roots-4662:كسل:مقاييس — المحور,roots-4662:كسل:الأساس — المجاز,كَسَل,APPROVED,,L2_017 haiku b38
AR10437,خُمُول,اسم جامد,2440,18299,حالة الخمول والكسل,خمل,,roots-4662:خمل:المحكم — المعاني,roots-4662:خمل:مقاييس — المحور,roots-4662:خمل:الأساس — المجاز,خُمُول,APPROVED,فُعول,L2_017 haiku b38 | FLAGS: WAZN_NOT_IN_INV
AR10438,بَطِيء,صفة مشبهة,2440,18300,غير نشط في الحركة,بطء,فَعِيلٌ,v21:بطأ:المحكم — المعاني,v21:بطأ:مقاييس — المحور,,بَطِيء,APPROVED,,L2_017 haiku b38 | FLAGS: ROOT_NORMALIZED
AR10439,بُطْء,اسم جامد,2440,18301,حالة البطء والكسل,بطء,فُعْلٌ,v21:بطأ:المحكم — المعاني,v21:بطأ:مقاييس — المحور,,بُطْء,APPROVED,,L2_017 haiku b38 | FLAGS: ROOT_NORMALIZED
AR10441,حَيوِيّ,اسم منسوب,2440,18303,مليء بالنشاط والقوة,حيي,,,v21:حيي:مقاييس — النص,v21:حيي:الأساس — المجاز,حَيوِيّ,APPROVED,فَعَوِيّ,L2_017 haiku b38 | FLAGS: WAZN_NOT_IN_INV
AR10442,قَوِيّ,صفة مشبهة,2440,18304,نشط وقوي الفعل,قوي,فَعِيلٌ,,roots-4662:قوي:مقاييس — المحور,,قَوِيّ,APPROVED,,L2_017 haiku b38
AR10443,نَشَاط,اسم جامد,2440,18306,قوة وفعل نشط,نشط,فَعَالٍ,roots-4662:نشط:المحكم — المعاني,roots-4662:نشط:مقاييس — المحور,roots-4662:نشط:الأساس — المجاز,نَشَاط,APPROVED,,L2_017 haiku b38
AR10444,نُفوذ,اسم جامد,2451,16164;18056,تأثير على الآخرين,نفذ,,roots-4662:نفذ:المحكم — المعاني,roots-4662:نفذ:مقاييس — المحور,roots-4662:نفذ:الأساس — المجاز,نُفوذ,APPROVED,فُعول,L2_017 haiku b38 | FLAGS: WAZN_NOT_IN_INV
AR10445,سُلْطَة,اسم جامد,2451,18054,نفوذ على الأحداث والآخرين,سلط,فُعْلَةٌ,roots-4662:سلط:المحكم — المعاني,roots-4662:سلط:مقاييس — المحور,,سُلْطَة,APPROVED,,L2_017 haiku b38
AR10446,وِلَاية,اسم جامد,2451,18055,سلطة على أراض وأشخاص,ولي,فِعَالَةٌ,roots-4662:ولي:المحكم — المعاني,roots-4662:ولي:مقاييس — المحور,roots-4662:ولي:الأساس — المجاز,وِلَاية,APPROVED,,L2_017 haiku b38
AR10449,اسْتَخْدَمَ,فعل,2480,16222,استهلك جزء من مورد,خدم,اِسْتَفْعَلَ,roots-4662:خدم:المحكم — المعاني,roots-4662:خدم:مقاييس — المحور,roots-4662:خدم:الأساس — المجاز,اسْتَخْدَمَ,APPROVED,,L2_017 haiku b38
AR10450,أَنْفَقَ,فعل,2480,16289,صرف من مورد محدود,نفق,أَفْعَلَ,roots-4662:نفق:المحكم — المعاني,roots-4662:نفق:مقاييس — المحور,roots-4662:نفق:الأساس — المجاز,أَنْفَقَ,APPROVED,,L2_017 haiku b38
AR10451,مَحَا,فعل,2481,16224;16226,حذف من وثيقة بخط,محا,فَعَلَ,,,,مَحَا,APPROVED,,L2_017 haiku b38 | FLAGS: ROOT_ALIF
AR10453,محا,فعل,2481,16227,حذف أو شطب,محا,فَعَلَ,,,,محا,APPROVED,,L2_017 haiku b38 | FLAGS: ROOT_ALIF;UNVOCALIZED
AR10456,أُسْلوب,اسم جامد,2490,16240;16874,شكل عام للفن,سلب,,roots-4662:سلب:المحكم — المعاني,roots-4662:سلب:مقاييس — المحور,roots-4662:سلب:الأساس — المجاز,أُسْلوب,APPROVED,أُفْعول,L2_017 haiku b38 | FLAGS: WAZN_NOT_IN_INV
AR10459,رَغْمَ,حرف,2500,16265,بالرغم من العقبات,,,,,,رَغْمَ,APPROVED,,L2_017 haiku b38
AR10460,وَسْط,ظرف,2500,16267,في وسط المحنة,وسط,فَعْلٌ,roots-4662:وسط:المحكم — المعاني,roots-4662:وسط:مقاييس — المحور,roots-4662:وسط:الأساس — المجاز,وَسْط,APPROVED,,L2_017 haiku b38
AR10462,مَسَار,اسم جامد,2501,18181,خط يوضح المسار,سير,,roots-4662:سير:المحكم — المعاني,roots-4662:سير:مقاييس — المحور,,مَسَار,APPROVED,مَفَال,L2_017 haiku b38 | FLAGS: WAZN_NOT_IN_INV
AR10463,رِمّة,اسم جامد,2501,18184,بقايا من كيان سابق,رمم,فِعْلَةٌ,roots-4662:رمم:المحكم — المعاني,roots-4662:رمم:مقاييس — النص,roots-4662:رمم:الأساس — المجاز,رِمّة,APPROVED,,L2_017 haiku b38 | FLAGS: WAZN_LEMMA_MISMATCH
AR10465,أَصَابَ,فعل,2502,16387,أحدث تأثير معرفي,صيب,فَعَلَ,v21:صيب:المحكم — المعاني,,,أَصَابَ,APPROVED,,L2_017 haiku b38
AR10468,مَسَار,اسم جامد,2520,16280,المسار على المحاور,سير,,roots-4662:سير:المحكم — المعاني,roots-4662:سير:مقاييس — المحور,,مَسَار,APPROVED,مَفَال,L2_017 haiku b38 | FLAGS: WAZN_NOT_IN_INV
AR10469,نُقْطَة,اسم جامد,2520,16281,نمط البيانات على رسم,نقط,فُعْلَةٌ,roots-4662:نقط:المحكم — المعاني,roots-4662:نقط:مقاييس — المحور,roots-4662:نقط:الأساس — المجاز,نُقْطَة,APPROVED,,L2_017 haiku b38
AR10470,خَدَمَ,فعل,2521,16285,قام بدور في مؤسسة,خدم,فَعَلَ,roots-4662:خدم:المحكم — المعاني,roots-4662:خدم:مقاييس — المحور,roots-4662:خدم:الأساس — المجاز,خَدَمَ,APPROVED,,L2_017 haiku b38
AR10471,وَظِفَ,فعل,2523,16287,أداء دور مقصود,وظف,,roots-4662:وظف:المحكم — المعاني,roots-4662:وظف:مقاييس — المحور,roots-4662:وظف:الأساس — المجاز,وَظِفَ,APPROVED,فَعّلَ,L2_017 haiku b38 | FLAGS: WAZN_NOT_IN_INV
AR10472,خَط,اسم جامد,2524,16288,مجموعة منتجات متعلقة,خطط,فَعْلٌ,roots-4662:خطط:المحكم — المعاني,roots-4662:خطط:مقاييس — المحور,roots-4662:خطط:الأساس — المجاز,خَط,APPROVED,,L2_017 haiku b38 | FLAGS: WAZN_LEMMA_MISMATCH
AR10474,وَثِيق,صفة مشبهة,2530,16301,متعلق بالموضوع الحالي,وثق,فَعِيلٌ,roots-4662:وثق:المحكم — المعاني,roots-4662:وثق:مقاييس — المحور,,وَثِيق,APPROVED,,L2_017 haiku b38
AR10475,غَيْرَ وَثِيق,تركيب,2530,16302,غير متصل بالموضوع,,,,,,غَيْرَ وَثِيق,APPROVED,,L2_017 haiku b38
AR10476,مُتَصِل,اسم فاعل,2530,16303,ذو صلة بالموضوع,وصل,مُتَفَعِّلٌ,roots-4662:وصل:المحكم — المعاني,roots-4662:وصل:مقاييس — المحور,,مُتَصِل,APPROVED,,L2_017 haiku b38
AR10481,مَرْحَلَة,اسم جامد,2550,16332,كل مرحلة من مراحل تغيّر حالة المادة,مرح,فَعْلَةٌ,roots-4662:مرح:المحكم — المعاني,roots-4662:مرح:مقاييس — المحور,roots-4662:مرح:الأساس — المجاز,مَرْحَلَة,APPROVED,,L2_017 haiku b39 | FLAGS: WAZN_LEMMA_MISMATCH
AR10482,اقْتَاتَ,فعل,2560,16353,البقاء على الحياة برغم الضيق,قوت,,roots-4662:قوت:المحكم — المعاني,roots-4662:قوت:مقاييس — المحور,roots-4662:قوت:الأساس — المجاز,اقْتَاتَ,APPROVED,افْتَعَل,L2_017 haiku b39 | FLAGS: WAZN_NOT_IN_INV
AR10486,حَيَاة,اسم جامد,2562,16377,مجموع التجارب والسلوكيات التي تشكل وجود الشخص,حيي,فَعَالَةٌ,,v21:حيي:مقاييس — النص,v21:حيي:الأساس — المجاز,حَيَاة,APPROVED,,L2_017 haiku b39
AR10489,مَسَار,اسم جامد,2566,16367,الطريق المخطط الموصل إلى الهدف,سير,فَعَالٍ,roots-4662:سير:المحكم — المعاني,roots-4662:سير:مقاييس — المحور,,مَسَار,APPROVED,,L2_017 haiku b39
AR10490,حَيَاة,اسم جامد,2567,16372,مجموعة الكائنات الحية والعضويات,حيي,فَعَالَةٌ,,v21:حيي:مقاييس — النص,v21:حيي:الأساس — المجاز,حَيَاة,APPROVED,,L2_017 haiku b39
AR10491,كَائِن,اسم جامد,2567,16374;16375,كل ما يتمتع بصفات الحياة والعضوية,كون,فَاعِلٌ,roots-4662:كون:المحكم — المعاني,roots-4662:كون:مقاييس — المحور,,كَائِن,APPROVED,,L2_017 haiku b39
AR10494,حَيَوِيَّة,صفة مشبهة,2569,16380,الطاقة الحية والإقدام والنشاط,حيي,,,v21:حيي:مقاييس — النص,v21:حيي:الأساس — المجاز,حَيَوِيَّة,APPROVED,فَعَوِيَّة,L2_017 haiku b39 | FLAGS: WAZN_NOT_IN_INV
AR10495,رُوح,اسم جامد,2569,16381,الطاقة والعزيمة والمثابرة في العمل,روح,فُعُلٌ,roots-4662:روح:المحكم — المعاني,roots-4662:روح:مقاييس — المحور,roots-4662:روح:الأساس — المجاز,رُوح,APPROVED,,L2_017 haiku b39
AR10496,خَدَعَ,فعل,2570,16391;16393;16394;18000,جعل الآخر يقبل ما ليس بحقيقة عن قصد,خدع,,roots-4662:خدع:المحكم — المعاني,roots-4662:خدع:مقاييس — النص,roots-4662:خدع:الأساس — المجاز,خَدَعَ,APPROVED,فَعَل,L2_017 haiku b39 | FLAGS: WAZN_NOT_IN_INV
AR10498,خِدَاع,مصدر,2570,16413,فعل الخداع والتضليل المقصود,خدع,فِعَالٌ,roots-4662:خدع:المحكم — المعاني,roots-4662:خدع:مقاييس — النص,roots-4662:خدع:الأساس — المجاز,خِدَاع,APPROVED,,L2_017 haiku b39
AR10499,انخَدَعَ,فعل,2572,16396,الوقوع ضحية للخداع وتكوين معتقدات خاطئة,خدع,,roots-4662:خدع:المحكم — المعاني,roots-4662:خدع:مقاييس — النص,roots-4662:خدع:الأساس — المجاز,انخَدَعَ,APPROVED,افْتَعَل,L2_017 haiku b39 | FLAGS: WAZN_LEMMA_MISMATCH;WAZN_NOT_IN_INV
AR10501,خِدَاع,مصدر,2573,17220;17221,فعل التضليل الناجح للغير,خدع,فِعَالٌ,roots-4662:خدع:المحكم — المعاني,roots-4662:خدع:مقاييس — النص,roots-4662:خدع:الأساس — المجاز,خِدَاع,APPROVED,,L2_017 haiku b39
AR10502,رَأَى,فعل,2574,18170,إدراك محاولة الآخر الخداع والتضليل,راي,,,,,رَأَى,APPROVED,فَعَل,L2_017 haiku b39 | FLAGS: ROOT_ALIF;WAZN_NOT_IN_INV
AR10503,فَجَّرَ,فعل,2575,16398;16399;16695;16696,إشعال جهاز متفجّر لتفجيره بقصد,فجر,,roots-4662:فجر:المحكم — المعاني,roots-4662:فجر:مقاييس — المحور,roots-4662:فجر:الأساس — المجاز,فَجَّرَ,APPROVED,فَعَّل,L2_017 haiku b39 | FLAGS: WAZN_NOT_IN_INV
AR10504,تَفْجِير,مصدر,2575,16614,عملية إشعال جهاز متفجّر,فجر,تَفْعِيلٌ,roots-4662:فجر:المحكم — المعاني,roots-4662:فجر:مقاييس — المحور,roots-4662:فجر:الأساس — المجاز,تَفْجِير,APPROVED,,L2_017 haiku b39
AR10505,مَخْبَأ,اسم جامد,2576,16400,إخفاء مخزون سري من المواد,خبا,مَفْعَلٌ,,,,مَخْبَأ,APPROVED,,L2_017 haiku b39 | FLAGS: ROOT_ALIF
AR10506,إِخْفَاء,مصدر,2576,16401,تجميع وإخفاء كمية من الأشياء,خفي,إِفْعَالٌ,roots-4662:خفي:المحكم — المعاني,roots-4662:خفي:مقاييس — المحور,,إِخْفَاء,APPROVED,,L2_017 haiku b39
AR10507,انفِجَار,مصدر,2577,16403;16615,حدث تفجر جهاز متفجّر بقوة,فجر,,roots-4662:فجر:المحكم — المعاني,roots-4662:فجر:مقاييس — المحور,roots-4662:فجر:الأساس — المجاز,انفِجَار,APPROVED,افْعِلال,L2_017 haiku b39 | FLAGS: WAZN_LEMMA_MISMATCH;WAZN_NOT_IN_INV
AR10508,انفَجَرَ,فعل,2577,16404;16405;16697;16699,التوسع الشديد السريع مع الإضرار,فجر,,roots-4662:فجر:المحكم — المعاني,roots-4662:فجر:مقاييس — المحور,roots-4662:فجر:الأساس — المجاز,انفَجَرَ,APPROVED,افْتَعَل,L2_017 haiku b39 | FLAGS: WAZN_LEMMA_MISMATCH;WAZN_NOT_IN_INV
AR10509,دَوِي,اسم جامد,2577,16634,صوت الانفجار العالي القوي,دوي,فَعِلٌ,roots-4662:دوي:المحكم — المعاني,roots-4662:دوي:مقاييس — النص,roots-4662:دوي:الأساس — المجاز,دَوِي,APPROVED,,L2_017 haiku b39
AR10510,فَخّ,اسم جامد,2578,16406;16428,أداة أو خطة لتضليل وإيذاء الآخرين,فخخ,,roots-4662:فخخ:المحكم — المعاني,roots-4662:فخخ:مقاييس — النص,roots-4662:فخخ:الأساس — المجاز,فَخّ,APPROVED,فَعّ,L2_017 haiku b39 | FLAGS: WAZN_NOT_IN_INV
AR10511,حَفَّزَ,فعل,2579,16410,تشغيل جهاز ليعمل وفق غرضه,حفز,,v21:حفز:المحكم — المعاني,v21:حفز:مقاييس — المحور,,حَفَّزَ,APPROVED,فَعَّل,L2_017 haiku b39 | FLAGS: WAZN_NOT_IN_INV
AR10512,فَجَّرَ,فعل,2579,16568,تشغيل آلية أو تفجير جهاز,فجر,,roots-4662:فجر:المحكم — المعاني,roots-4662:فجر:مقاييس — المحور,roots-4662:فجر:الأساس — المجاز,فَجَّرَ,APPROVED,فَعَّل,L2_017 haiku b39 | FLAGS: WAZN_NOT_IN_INV
AR10514,تَمَرُّد,مصدر,2584,16424;16425,انتفاضة مسلحة ضد السلطة القائمة,مرد,تَفَعُّلٌ,roots-4662:مرد:المحكم — المعاني,roots-4662:مرد:مقاييس — المحور,roots-4662:مرد:الأساس — المجاز,تَمَرُّد,APPROVED,,L2_017 haiku b39
AR10515,مُتَمَرِّد,اسم فاعل,2584,16427;16629,شخص يشارك في التمرد المسلح,مرد,مُتَفَعِّلٌ,roots-4662:مرد:المحكم — المعاني,roots-4662:مرد:مقاييس — المحور,roots-4662:مرد:الأساس — المجاز,مُتَمَرِّد,APPROVED,,L2_017 haiku b39
AR10516,تَمَرَّدَ,فعل,2584,16536;16537,الرفع عن السلطة والنظام القائم,مرد,,roots-4662:مرد:المحكم — المعاني,roots-4662:مرد:مقاييس — المحور,roots-4662:مرد:الأساس — المجاز,تَمَرَّدَ,APPROVED,تَفَعَّل,L2_017 haiku b39 | FLAGS: WAZN_NOT_IN_INV
AR10518,مِقْلَب,اسم جامد,2586,16429,خدعة ظريفة قد تسبب أذى أو إحراج,قلب,مِفْعَلٌ,roots-4662:قلب:المحكم — المعاني,roots-4662:قلب:مقاييس — المحور,roots-4662:قلب:الأساس — المجاز,مِقْلَب,APPROVED,,L2_017 haiku b39
AR10519,نُكْتَة,اسم جامد,2586,16430,خدعة فكاهية تسبب ارتباك أو ضحك,نكت,فُعْلَةٌ,roots-4662:نكت:المحكم — المعاني,roots-4662:نكت:مقاييس — المحور,roots-4662:نكت:الأساس — المجاز,نُكْتَة,APPROVED,,L2_017 haiku b39
AR10523,فِصِيل,اسم جامد,2588,16435;16436,جزء من منظمة عسكرية للمهمة المحددة,فصل,,roots-4662:فصل:المحكم — المعاني,roots-4662:فصل:مقاييس — النص,,فِصِيل,APPROVED,فِعِيل,L2_017 haiku b39 | FLAGS: WAZN_NOT_IN_INV
AR10524,أَفْلَسَ,فعل,2590,16511,فشل المشروع في الاستمرار والعمل,فلس,,roots-4662:فلس:المحكم — المعاني,roots-4662:فلس:مقاييس — النص,,أَفْلَسَ,APPROVED,أَفْعَل,L2_017 haiku b39 | FLAGS: WAZN_NOT_IN_INV
AR10525,أَغْلَقَ,فعل,2590,16516;16524,توقف المحل عن تقديم الخدمات,غلق,,roots-4662:غلق:المحكم — المعاني,roots-4662:غلق:مقاييس — المحور,roots-4662:غلق:الأساس — المجاز,أَغْلَقَ,APPROVED,أَفْعَل,L2_017 haiku b39 | FLAGS: WAZN_NOT_IN_INV
AR10526,حَاشِيَة,اسم جامد,2591,16441;16443,مجموعة من الأتباع والمرافقين,حشي,فَاعِلَةٌ,,,,حَاشِيَة,APPROVED,,L2_017 haiku b39
AR10528,مَوْكِب,اسم جامد,2591,16444,جماعة تتبع الشخص المهم والمشهور,وكب,مَفْعِلٌ,roots-4662:وكب:المحكم — المعاني,roots-4662:وكب:مقاييس — المحور,,مَوْكِب,APPROVED,,L2_017 haiku b39
AR10531,مَفْرُوض,اسم مفعول,2593,16448,ما يُفترض صحته بلا برهان,فرض,مَفْعُولٌ,roots-4662:فرض:المحكم — المعاني,roots-4662:فرض:مقاييس — المحور,roots-4662:فرض:الأساس — المجاز,مَفْرُوض,APPROVED,,L2_017 haiku b39
AR10532,مُمْكِن,صفة مشبهة,2593,16620,ما يُعتقد أنه قد يحدث أو يكون,ءمك,مُفْعِلٌ,,,,مُمْكِن,APPROVED,,L2_017 haiku b39 | FLAGS: ROOT_NORMALIZED
AR10533,قَافِلَة,اسم جامد,2597,16451,مجموعة مركبات تتحرك معاً,قفل,فَاعِلَةٌ,roots-4662:قفل:المحكم — المعاني,roots-4662:قفل:مقاييس — النص,,قَافِلَة,APPROVED,,L2_017 haiku b39
AR10534,قَطَار,اسم جامد,2597,16452,سلسلة مركبات للنقل معاً,قطر,فَعَالٍ,roots-4662:قطر:المحكم — المعاني,roots-4662:قطر:مقاييس — النص,roots-4662:قطر:الأساس — المجاز,قَطَار,APPROVED,,L2_017 haiku b39
AR10535,مُقَاتِل,اسم فاعل,2598,16456;16458,شخص يقاتل في نزاع عسكري,قتل,مُفَاعِلٌ,roots-4662:قتل:المحكم — المعاني,roots-4662:قتل:مقاييس — المحور,roots-4662:قتل:الأساس — المجاز,مُقَاتِل,APPROVED,,L2_017 haiku b39
AR10536,مِسْلِح,اسم فاعل,2598,16457,شخص مسلح يشارك في القتال,سلح,,roots-4662:سلح:المحكم — المعاني,roots-4662:سلح:مقاييس — النص,,مِسْلِح,APPROVED,مِفْعِل,L2_017 haiku b39 | FLAGS: WAZN_NOT_IN_INV
AR10538,عَدُو,اسم جامد,2598,16484,المحارب من الجانب المعادي,عدا,فَعُلٌ,,,,عَدُو,APPROVED,,L2_017 haiku b39 | FLAGS: ROOT_ALIF
AR10540,دِرْع,اسم جامد,2602,16462;16463,طبقة حماية صلبة ضد الهجمات,درع,فِعْلٌ,roots-4662:درع:المحكم — المعاني,roots-4662:درع:مقاييس — المحور,,دِرْع,APPROVED,,L2_017 haiku b39
AR10541,سِتْرَة,اسم جامد,2602,16464;16473,ملابس حماية ضد الرصاص,ستر,فِعْلَةٌ,roots-4662:ستر:المحكم — المعاني,roots-4662:ستر:مقاييس — المحور,,سِتْرَة,APPROVED,,L2_017 haiku b39
AR10542,سَاق,اسم جامد,2602,16472,دعامة الساق وحمايتها,سوق,,roots-4662:سوق:المحكم — المعاني,roots-4662:سوق:مقاييس — المحور,roots-4662:سوق:الأساس — المجاز,سَاق,APPROVED,فَاعِ,L2_017 haiku b39 | FLAGS: WAZN_NOT_IN_INV
AR10543,لَوْح,اسم جامد,2602,16483,درع معدنية صلبة للحماية,لوح,فَعْلٌ,roots-4662:لوح:المحكم — المعاني,roots-4662:لوح:مقاييس — النص,roots-4662:لوح:الأساس — المجاز,لَوْح,APPROVED,,L2_017 haiku b39
AR10546,مُسْتَوى,اسم مفعول,2604,16477,كمية أو درجة من مادة,سوا,مُفْتَعَلٌ,,,,مُسْتَوى,APPROVED,,L2_017 haiku b39 | FLAGS: ROOT_ALIF
AR10547,كَمِّيَّة,اسم جامد,2604,16492;16493,مقدار من الشيء المحدد,كمم,فَعِيلَةٌ,roots-4662:كمم:المحكم — المعاني,roots-4662:كمم:مقاييس — المحور,,كَمِّيَّة,APPROVED,,L2_017 haiku b39 | FLAGS: WAZN_LEMMA_MISMATCH
AR10550,دَرَجَة,اسم جامد,2604,18674,مقياس كمي لشيء ما,درج,فَعَلَةٌ,roots-4662:درج:المحكم — المعاني,roots-4662:درج:مقاييس — المحور,roots-4662:درج:الأساس — المجاز,دَرَجَة,APPROVED,,L2_017 haiku b39
AR10551,دَارَ,فعل,2611,16480,البحث في منطقة للتأكد من السلامة,دور,,roots-4662:دور:المحكم — المعاني,roots-4662:دور:مقاييس — المحور,,دَارَ,APPROVED,فَعَل,L2_017 haiku b39 | FLAGS: WAZN_NOT_IN_INV
AR10553,دَوْرَة,اسم جامد,2611,16482,عملية الدوران والتفتيش في منطقة,دور,فَعْلَةٌ,roots-4662:دور:المحكم — المعاني,roots-4662:دور:مقاييس — المحور,,دَوْرَة,APPROVED,,L2_017 haiku b39
AR10554,دَوْرِيَّة,اسم جامد,2611,16595,مجموعة تقوم بالدوريات الأمنية,دور,فَعْلِيَّةٌ,roots-4662:دور:المحكم — المعاني,roots-4662:دور:مقاييس — المحور,,دَوْرِيَّة,APPROVED,,L2_017 haiku b39
AR10556,وَقَعَ,فعل,2612,16489,حدوث شيء غير مادي في شروط محددة,وقع,,roots-4662:وقع:المحكم — المعاني,roots-4662:وقع:مقاييس — المحور,roots-4662:وقع:الأساس — المجاز,وَقَعَ,APPROVED,فَعَل,L2_017 haiku b39 | FLAGS: WAZN_NOT_IN_INV
AR10557,وُجِدَ,اسم مفعول,2612,16490,الوجود في مكان بعينه,وجد,,roots-4662:وجد:المحكم — المعاني,roots-4662:وجد:مقاييس — المحور,roots-4662:وجد:الأساس — المجاز,وُجِدَ,APPROVED,فُعِل,L2_017 haiku b39 | FLAGS: WAZN_NOT_IN_INV
AR10558,مِدْنِي,اسم منسوب,2615,16485;16486;16487,شخص لا يشارك في النزاع العسكري,مدن,,roots-4662:مدن:المحكم — المعاني,roots-4662:مدن:مقاييس — النص,,مِدْنِي,APPROVED,فِعْلِي,L2_017 haiku b39 | FLAGS: WAZN_NOT_IN_INV
AR10559,نَشَرَ,فعل,2616,16494;17194;17897,جعل النص متاحاً للنشر والتوزيع,نشر,,roots-4662:نشر:المحكم — المعاني,roots-4662:نشر:مقاييس — المحور,roots-4662:نشر:الأساس — المجاز,نَشَرَ,APPROVED,فَعَل,L2_017 haiku b39 | FLAGS: WAZN_NOT_IN_INV
AR10562,نَشْر,مصدر,2616,17896,إتاحة الكتاب أو العمل للعامة,نشر,فَعْلٌ,roots-4662:نشر:المحكم — المعاني,roots-4662:نشر:مقاييس — المحور,roots-4662:نشر:الأساس — المجاز,نَشْر,APPROVED,,L2_017 haiku b39
AR10563,أَغْلَقَ,فعل,2620,16506;16525,توقف الموقع عن تقديم الخدمات,غلق,,roots-4662:غلق:المحكم — المعاني,roots-4662:غلق:مقاييس — المحور,roots-4662:غلق:الأساس — المجاز,أَغْلَقَ,APPROVED,أَفْعَل,L2_017 haiku b39 | FLAGS: WAZN_NOT_IN_INV
AR10564,فَشِلَ,فعل,2622,16504;16512,توقف المسعى عن الاستمرار والجدوى,فشل,,roots-4662:فشل:المحكم — المعاني,roots-4662:فشل:مقاييس — النص,,فَشِلَ,APPROVED,فَعِل,L2_017 haiku b39 | FLAGS: WAZN_NOT_IN_INV
AR10565,انهَار,فعل,2622,16517,تفكك المسعى واستحالة الاستمرار,هور,,roots-4662:هور:المحكم — المعاني,roots-4662:هور:مقاييس — المحور,roots-4662:هور:الأساس — المجاز,انهَار,APPROVED,افْعَل,L2_017 haiku b39 | FLAGS: WAZN_NOT_IN_INV
AR10566,أَغْلَقَ,فعل,2622,16518,توقف الكيان عن العمل والإنتاج,غلق,,roots-4662:غلق:المحكم — المعاني,roots-4662:غلق:مقاييس — المحور,roots-4662:غلق:الأساس — المجاز,أَغْلَقَ,APPROVED,أَفْعَل,L2_017 haiku b39 | FLAGS: WAZN_NOT_IN_INV
AR10567,أَفْلَسَ,فعل,2622,16522;16523,فشل المشروع التجاري تماماً,فلس,,roots-4662:فلس:المحكم — المعاني,roots-4662:فلس:مقاييس — النص,,أَفْلَسَ,APPROVED,أَفْعَل,L2_017 haiku b39 | FLAGS: WAZN_NOT_IN_INV
AR10568,قُنْبُلَة,اسم جامد,2623,16528;16774,قنبلة مزروعة على جانب الطريق,قنبل,فُنْعُلَةٌ,,,,قُنْبُلَة,APPROVED,,L2_017 haiku b39
AR10569,عُبْوَة,اسم جامد,2623,16593;16594;16693;16775,جهاز متفجر مرتجل مخفي,عبا,فُعْلَةٌ,,,,عُبْوَة,APPROVED,,L2_017 haiku b39 | FLAGS: ROOT_ALIF
AR10570,عُبْوَة,اسم جامد,2624,16739;16740,عبوة تنفجر عند تحريك الضحية إياها,عبا,فُعْلَةٌ,,,,عُبْوَة,APPROVED,,L2_017 haiku b39 | FLAGS: ROOT_ALIF
AR10571,مَوْقِع,اسم جامد,2626,16529,المكان المحدد الذي يقع فيه الكيان,وقع,مَفْعِلٌ,roots-4662:وقع:المحكم — المعاني,roots-4662:وقع:مقاييس — المحور,roots-4662:وقع:الأساس — المجاز,مَوْقِع,APPROVED,,L2_017 haiku b39
AR10572,مَكَان,اسم جامد,2626,16530,المنطقة المحددة التي يوجد فيها الشيء,مكن,,roots-4662:مكن:المحكم — المعاني,roots-4662:مكن:مقاييس — النص,roots-4662:مكن:الأساس — المجاز,مَكَان,APPROVED,مَفَال,L2_017 haiku b39 | FLAGS: WAZN_LEMMA_MISMATCH;WAZN_NOT_IN_INV
AR10573,أَقْلَعَ,فعل,2627,16535;16573,ارتفاع المركبة للطيران,قلع,,roots-4662:قلع:المحكم — المعاني,roots-4662:قلع:مقاييس — المحور,,أَقْلَعَ,APPROVED,أَفْعَل,L2_017 haiku b39 | FLAGS: WAZN_NOT_IN_INV
AR10574,أَفْلَتَ,فعل,2627,16714,تحرر السفينة من الرسوليات,فلت,,roots-4662:فلت:المحكم — المعاني,roots-4662:فلت:مقاييس — النص,,أَفْلَتَ,APPROVED,أَفْعَل,L2_017 haiku b39 | FLAGS: WAZN_NOT_IN_INV
AR10575,مَرْكَز,اسم جامد,2628,16538,الموقع المعين للفرد للحراسة,مرك,مَفْعَلٌ,,,,مَرْكَز,APPROVED,,L2_017 haiku b39 | FLAGS: WAZN_LEMMA_MISMATCH
AR10576,مَنْصَب,اسم جامد,2628,16539,الموقع المحدد المخصص للشخص,نصب,مَفْعَلٌ,roots-4662:نصب:المحكم — المعاني,roots-4662:نصب:مقاييس — المحور,,مَنْصَب,APPROVED,,L2_017 haiku b39
AR10577,مَكَان,اسم جامد,2628,16540,المكان المعيّن للفرد أو المجموعة,مكن,,roots-4662:مكن:المحكم — المعاني,roots-4662:مكن:مقاييس — النص,roots-4662:مكن:الأساس — المجاز,مَكَان,APPROVED,مَفَال,L2_017 haiku b39 | FLAGS: WAZN_LEMMA_MISMATCH;WAZN_NOT_IN_INV
AR10578,انتَظَرَ,فعل,2630,16550,الانتظار والاستعداد للأوامر,نظر,,roots-4662:نظر:المحكم — المعاني,roots-4662:نظر:مقاييس — النص,roots-4662:نظر:الأساس — المجاز,انتَظَرَ,APPROVED,افْتَعَل,L2_017 haiku b39 | FLAGS: WAZN_NOT_IN_INV
AR10581,انفَجَرَ,فعل,2640,16570,تشغيل آلية عند تفاعل معين,فجر,,roots-4662:فجر:المحكم — المعاني,roots-4662:فجر:مقاييس — المحور,roots-4662:فجر:الأساس — المجاز,انفَجَرَ,APPROVED,افْتَعَل,L2_017 haiku b39 | FLAGS: WAZN_LEMMA_MISMATCH;WAZN_NOT_IN_INV
AR10582,أَسْقَطَ,فعل,2641,16571;16572,تعطيل طائرة وجعلها تهبط,سقط,,roots-4662:سقط:المحكم — المعاني,roots-4662:سقط:مقاييس — المحور,roots-4662:سقط:الأساس — المجاز,أَسْقَطَ,APPROVED,أَفْعَل,L2_017 haiku b39 | FLAGS: WAZN_NOT_IN_INV
AR10583,إِسْقَاط,مصدر,2641,16975,عملية تعطيل طائرة وإسقاطها,سقط,إِفْعَالٌ,roots-4662:سقط:المحكم — المعاني,roots-4662:سقط:مقاييس — المحور,roots-4662:سقط:الأساس — المجاز,إِسْقَاط,APPROVED,,L2_017 haiku b39
AR10584,هَبَطَ,فعل,2642,16574;16575;16576,نزول الطائرة إلى الأرض,هبط,,roots-4662:هبط:المحكم — المعاني,roots-4662:هبط:مقاييس — المحور,,هَبَطَ,APPROVED,فَعَل,L2_017 haiku b39 | FLAGS: WAZN_NOT_IN_INV
AR10585,أَنْزَلَ,فعل,2643,16577;16578,إنزال مركبة جوية إلى اليابسة,نزل,,roots-4662:نزل:المحكم — المعاني,roots-4662:نزل:مقاييس — النص,roots-4662:نزل:الأساس — المجاز,أَنْزَلَ,APPROVED,أَفْعَل,L2_017 haiku b39 | FLAGS: WAZN_NOT_IN_INV
AR10586,مَاشِي,اسم فاعل,2645,16580,التنقل على الأقدام بلا مركبة,مشي,فَاعِلٌ,roots-4662:مشي:المحكم — المعاني,roots-4662:مشي:مقاييس — المحور,roots-4662:مشي:الأساس — المجاز,مَاشِي,APPROVED,,L2_017 haiku b39
AR10587,رَاكِب,اسم فاعل,2645,16581;16639,الركوب في مركبة حيوان أو آلة,ركب,فَاعِلٌ,roots-4662:ركب:المحكم — المعاني,roots-4662:ركب:مقاييس — المحور,,رَاكِب,APPROVED,,L2_017 haiku b39
AR10588,امتَنَعَ,فعل,2651,16601;18552;18553,محاولة الامتناع عن فعل الشيء,منع,,roots-4662:منع:المحكم — المعاني,roots-4662:منع:مقاييس — المحور,roots-4662:منع:الأساس — المجاز,امتَنَعَ,APPROVED,افْتَعَل,L2_017 haiku b39 | FLAGS: WAZN_NOT_IN_INV
AR10589,كَبَتَ,فعل,2651,18554;18559;18561,قمع الرغبات والأحاسيس والأفعال,كبت,,roots-4662:كبت:المحكم — المعاني,roots-4662:كبت:مقاييس — النص,,كَبَتَ,APPROVED,فَعَل,L2_017 haiku b39 | FLAGS: WAZN_NOT_IN_INV
AR10590,كَبْت,مصدر,2651,18555;18562,عملية قمع المشاعر والرغبات,كبت,فَعْلٌ,roots-4662:كبت:المحكم — المعاني,roots-4662:كبت:مقاييس — النص,,كَبْت,APPROVED,,L2_017 haiku b39
AR10591,قَاوَمَ,فعل,2651,18556,الامتناع عن الانصياع للرغبات,قوم,,roots-4662:قوم:المحكم — المعاني,roots-4662:قوم:مقاييس — المحور,roots-4662:قوم:الأساس — المجاز,قَاوَمَ,APPROVED,فَاعَل,L2_017 haiku b39 | FLAGS: WAZN_NOT_IN_INV
AR10592,مُقَاوَمَة,مصدر,2651,18557,القوة على مقاومة الرغبات,قوم,مُفَاعَلَةٌ,roots-4662:قوم:المحكم — المعاني,roots-4662:قوم:مقاييس — المحور,roots-4662:قوم:الأساس — المجاز,مُقَاوَمَة,APPROVED,,L2_017 haiku b39
AR10593,مُقَاوِم,صفة مشبهة,2651,18558,القادر على المقاومة والصمود,قوم,مُفَاعِلٌ,roots-4662:قوم:المحكم — المعاني,roots-4662:قوم:مقاييس — المحور,roots-4662:قوم:الأساس — المجاز,مُقَاوِم,APPROVED,,L2_017 haiku b39
AR10595,مُنتَدى,اسم جامد,2653,16616,موقع يعرض المعلومات والمناقشات,ندا,مُفْعَلٌ,,,,مُنتَدى,APPROVED,,L2_017 haiku b39 | FLAGS: ROOT_ALIF
AR10596,سَبَّورَة,اسم جامد,2653,16617,سطح لكتابة وعرض المعلومات,سبر,فَعَّالَةٌ,roots-4662:سبر:المحكم — المعاني,roots-4662:سبر:مقاييس — النص,roots-4662:سبر:الأساس — المجاز,سَبَّورَة,APPROVED,,L2_017 haiku b39
AR10597,شَاشَة,اسم جامد,2653,17200,جهاز عرض المعلومات الرقمية,شيش,,,,,شَاشَة,APPROVED,فَاعَة,L2_017 haiku b39 | FLAGS: WAZN_NOT_IN_INV
AR10598,زِرّ,اسم جامد,2654,16618,جهاز يُضغط للتحكم في الآلات,زرر,,roots-4662:زرر:المحكم — المعاني,roots-4662:زرر:مقاييس — المحور,roots-4662:زرر:الأساس — المجاز,زِرّ,APPROVED,فِعّ,L2_017 haiku b39 | FLAGS: WAZN_NOT_IN_INV
AR10599,لَوْحَة,اسم جامد,2654,16619;16817,جهاز يحتوي على التحكم والتشغيل,لوح,فَعْلَةٌ,roots-4662:لوح:المحكم — المعاني,roots-4662:لوح:مقاييس — النص,roots-4662:لوح:الأساس — المجاز,لَوْحَة,APPROVED,,L2_017 haiku b39
AR10600,مِقْبَض,اسم جامد,2654,16679,جزء يُدار للتحكم بالآلة,قبض,مِفْعَلٌ,roots-4662:قبض:المحكم — المعاني,roots-4662:قبض:مقاييس — المحور,roots-4662:قبض:الأساس — المجاز,مِقْبَض,APPROVED,,L2_017 haiku b39
AR10601,مُفَتَّاح,اسم جامد,2654,16680,جهاز له موضعا تشغيل أو إيقاف,فتح,مُفَعَّلٌ,roots-4662:فتح:المحكم — المعاني,roots-4662:فتح:مقاييس — المحور,roots-4662:فتح:الأساس — المجاز,مُفَتَّاح,APPROVED,,L2_017 haiku b39
AR10604,قِسْم,اسم جامد,2656,16627,قسم شرطي في منطقة معينة,قسم,فِعْلٌ,roots-4662:قسم:المحكم — المعاني,roots-4662:قسم:مقاييس — المحور,roots-4662:قسم:الأساس — المجاز,قِسْم,APPROVED,,L2_017 haiku b39
AR10605,إِطْفَاء,مصدر,2656,17520,جهة مسؤولة عن مكافحة الحرائق,طفا,إِفْعَالٌ,,,,إِطْفَاء,APPROVED,,L2_017 haiku b39 | FLAGS: ROOT_ALIF
AR10606,مَسْؤُولِيَّة,اسم جامد,2657,16631,المسؤولية عن تنفيذ عمل,سءل,مَفْعُولِيَّةٌ,roots-4662:سءل:المحكم — المعاني,roots-4662:سءل:مقاييس — النص,,مَسْؤُولِيَّة,APPROVED,,L2_017 haiku b39 | FLAGS: ROOT_NORMALIZED
AR10607,مِسْؤول,صفة مشبهة,2657,16632,الشخص المسؤول عن الفعل,سءل,,roots-4662:سءل:المحكم — المعاني,roots-4662:سءل:مقاييس — النص,,مِسْؤول,APPROVED,مِفْعُول,L2_017 haiku b39 | FLAGS: ROOT_NORMALIZED;WAZN_NOT_IN_INV
AR10608,وَرَاء,حرف,2657,16633,الشخص الذي يقف خلف الفعل والتخطيط,,,,,,وَرَاء,APPROVED,,L2_017 haiku b39
AR10609,هُجُوم,اسم جامد,2658,16635;16637,هجوم يموت فيه المهاجم نفسه,هجم,فُعُولٌ,roots-4662:هجم:المحكم — المعاني,roots-4662:هجم:مقاييس — المحور,roots-4662:هجم:الأساس — المجاز,هُجُوم,APPROVED,,L2_017 haiku b39
AR10610,تفْجِير,مصدر,2658,16636,انفجار يموت فيه من فجّره,فجر,تَفْعِيلٌ,roots-4662:فجر:المحكم — المعاني,roots-4662:فجر:مقاييس — المحور,roots-4662:فجر:الأساس — المجاز,تفْجِير,APPROVED,,L2_017 haiku b39
AR10613,عُبْوَة,اسم جامد,2659,16691;16692;16789,عبوة ناسفة تُفجّر عن بعد,عبا,فُعْلَةٌ,,,,عُبْوَة,APPROVED,,L2_017 haiku b39 | FLAGS: ROOT_ALIF
AR10615,مُتَوَاضِع,صفة مشبهة,2660,16647,خاص بالناس البسطاء ولكن بإيجابية,وضع,مُتَفَاعِلٌ,roots-4662:وضع:المحكم — المعاني,roots-4662:وضع:مقاييس — المحور,roots-4662:وضع:الأساس — المجاز,مُتَوَاضِع,APPROVED,,L2_017 haiku b39
AR10617,دَنِيء,صفة مشبهة,2660,16649,من الطبقة الاجتماعية المنخفضة,دنا,فَعِيلٌ,,,,دَنِيء,APPROVED,,L2_017 haiku b39 | FLAGS: ROOT_ALIF
AR10619,وَضِيع,صفة مشبهة,2660,16651,خاص بالناس الفقراء والعاديين,وضع,فَعِيلٌ,roots-4662:وضع:المحكم — المعاني,roots-4662:وضع:مقاييس — المحور,roots-4662:وضع:الأساس — المجاز,وَضِيع,APPROVED,,L2_017 haiku b39
AR10620,رَفِيع,صفة مشبهة,2660,16654,من الطبقة الاجتماعية العليا,رفع,فَعِيلٌ,roots-4662:رفع:المحكم — المعاني,roots-4662:رفع:مقاييس — المحور,roots-4662:رفع:الأساس — المجاز,رَفِيع,APPROVED,,L2_017 haiku b39
AR10621,نُقْطَة,اسم جامد,2662,16655,المكان الذي يُشغِّل منه الجهاز,نقط,فُعْلَةٌ,roots-4662:نقط:المحكم — المعاني,roots-4662:نقط:مقاييس — المحور,roots-4662:نقط:الأساس — المجاز,نُقْطَة,APPROVED,,L2_017 haiku b39
AR10622,أَسَرَ,فعل,2663,16657;16659,أخذ الآخر تحت السيطرة ومنع هروبه,سير,,roots-4662:سير:المحكم — المعاني,roots-4662:سير:مقاييس — المحور,,أَسَرَ,APPROVED,أَفْعَل,L2_017 haiku b39 | FLAGS: WAZN_NOT_IN_INV
AR10624,أَسْر,مصدر,2663,16835,حدث أخذ شخص تحت الحبس والسيطرة,سير,أَفْعَلُ,roots-4662:سير:المحكم — المعاني,roots-4662:سير:مقاييس — المحور,,أَسْر,APPROVED,,L2_017 haiku b39
AR10627,خَاص,صفة مشبهة,2668,16673,فرد معين من مجموعة محددة,خصص,فَاعِلٌ,roots-4662:خصص:المحكم — المعاني,roots-4662:خصص:مقاييس — المحور,roots-4662:خصص:الأساس — المجاز,خَاص,APPROVED,,L2_017 haiku b39 | FLAGS: WAZN_LEMMA_MISMATCH
AR10634,مُشَاة,اسم جامد,2670,16702,عضو في قوات المشاة البحرية,شيا,,,,,مُشَاة,APPROVED,مُفَاعَة,L2_017 haiku b39 | FLAGS: ROOT_ALIF;WAZN_NOT_IN_INV
AR10637,عَسْكَرِي,اسم منسوب,2670,16764,فرد ينتمي للقوات المسلحة,عسكر,,,,,عَسْكَرِي,APPROVED,فَعْكَرِي,L2_017 haiku b39 | FLAGS: WAZN_NOT_IN_INV
AR10638,مَشِي,اسم فاعل,2670,16779,جندي في وحدة خاصة للعمليات,شيا,فَاعِلٌ,,,,مَشِي,APPROVED,,L2_017 haiku b39 | FLAGS: ROOT_ALIF
AR10639,مُدْفَعِي,اسم فاعل,2671,16706,عسكري يشغل المدفعية,دفع,,roots-4662:دفع:المحكم — المعاني,roots-4662:دفع:مقاييس — المحور,roots-4662:دفع:الأساس — المجاز,مُدْفَعِي,APPROVED,مُفْعَلِي,L2_017 haiku b39 | FLAGS: WAZN_NOT_IN_INV
AR10640,قَنَّاص,اسم جامد,2671,16707,جندي يرمي من مسافة بعيدة,قنص,فَعَّالٌ,roots-4662:قنص:المحكم — المعاني,roots-4662:قنص:مقاييس — المحور,roots-4662:قنص:الأساس — المجاز,قَنَّاص,APPROVED,,L2_017 haiku b39
AR10641,مُرَابِط,اسم فاعل,2671,16708,عسكري متخصص في الاتصالات,ربط,مُفَاعِلٌ,roots-4662:ربط:المحكم — المعاني,roots-4662:ربط:مقاييس — المحور,roots-4662:ربط:الأساس — المجاز,مُرَابِط,APPROVED,,L2_017 haiku b39
AR10642,مُشَاة,اسم جامد,2671,16710,جندي يقاتل على الأقدام,شيا,,,,,مُشَاة,APPROVED,مُفَاعَة,L2_017 haiku b39 | FLAGS: ROOT_ALIF;WAZN_NOT_IN_INV
AR10643,أَسْر,مصدر,2672,16711,حالة الحبس والسيطرة على الفرد,سير,أَفْعَلُ,roots-4662:سير:المحكم — المعاني,roots-4662:سير:مقاييس — المحور,,أَسْر,APPROVED,,L2_017 haiku b39
AR10644,أَسِير,اسم جامد,2672,16712,شخص محبوس تحت سيطرة آخر,سير,,roots-4662:سير:المحكم — المعاني,roots-4662:سير:مقاييس — المحور,,أَسِير,APPROVED,أَفِيل,L2_017 haiku b39 | FLAGS: WAZN_NOT_IN_INV
AR10645,مَسْجُون,اسم مفعول,2673,16718,شخص محبوس في السجن,سجن,مَفْعُولٌ,roots-4662:سجن:المحكم — المعاني,roots-4662:سجن:مقاييس — المحور,roots-4662:سجن:الأساس — المجاز,مَسْجُون,APPROVED,,L2_017 haiku b39
AR10646,سِجْن,اسم جامد,2673,16719;16720;18321;18412,العقوبة بالحبس في السجن,سجن,فِعْلٌ,roots-4662:سجن:المحكم — المعاني,roots-4662:سجن:مقاييس — المحور,roots-4662:سجن:الأساس — المجاز,سِجْن,APPROVED,,L2_017 haiku b39
AR10647,سَجِين,اسم جامد,2673,16721,الشخص المحبوس في السجن,سجن,فَعِيلٌ,roots-4662:سجن:المحكم — المعاني,roots-4662:سجن:مقاييس — المحور,roots-4662:سجن:الأساس — المجاز,سَجِين,APPROVED,,L2_017 haiku b39
AR10648,قَضَى,فعل,2673,16732;16733,قضاء العقوبة السجنية,قضا,,,,,قَضَى,APPROVED,فَعَل,L2_017 haiku b39 | FLAGS: ROOT_ALIF;WAZN_NOT_IN_INV
AR10650,وَدّ,اسم جامد,2675,16727,ينتمي إلى الطرف نفسه,ود,فَعْلٌ,,,,وَدّ,APPROVED,,L2_017 haiku b40 | FLAGS: ROOT_LEN
AR10654,خَصْم,اسم جامد,2675,16731,طرف معارض,خصم,فَعْلٌ,roots-4662:خصم:المحكم — المعاني,roots-4662:خصم:مقاييس — المحور,roots-4662:خصم:الأساس — المجاز,خَصْم,APPROVED,,L2_017 haiku b40
AR10657,هَجْمَة,اسم جامد,2677,16736,هجوم ردعي,هجم,فَعْلَةٌ,roots-4662:هجم:المحكم — المعاني,roots-4662:هجم:مقاييس — المحور,roots-4662:هجم:الأساس — المجاز,هَجْمَة,APPROVED,,L2_017 haiku b40
AR10658,رَدَّ,فعل,2677,16737,يهاجم رداً,رد,,,,,رَدَّ,APPROVED,فَعَّ,L2_017 haiku b40 | FLAGS: ROOT_LEN;WAZN_NOT_IN_INV
AR10659,هُجُوم,اسم جامد,2677,16738,هجوم واسع ردعي,هجم,فُعُولٌ,roots-4662:هجم:المحكم — المعاني,roots-4662:هجم:مقاييس — المحور,roots-4662:هجم:الأساس — المجاز,هُجُوم,APPROVED,,L2_017 haiku b40
AR10665,سِجِل,اسم جامد,2680,16757;16758,كتاب حسابات,سجل,,roots-4662:سجل:المحكم — المعاني,roots-4662:سجل:مقاييس — المحور,roots-4662:سجل:الأساس — المجاز,سِجِل,APPROVED,فِعِل,L2_017 haiku b40 | FLAGS: WAZN_NOT_IN_INV
AR10666,تَسْجِيل,مصدر,2680,16759;16938,كيان الحفظ,سجل,تَفْعِيلٌ,roots-4662:سجل:المحكم — المعاني,roots-4662:سجل:مقاييس — المحور,roots-4662:سجل:الأساس — المجاز,تَسْجِيل,APPROVED,,L2_017 haiku b40
AR10669,سَهْم,اسم جامد,2682,16780,جزء من رأس مال,سهم,فَعْلٌ,roots-4662:سهم:المحكم — المعاني,roots-4662:سهم:مقاييس — المحور,roots-4662:سهم:الأساس — المجاز,سَهْم,APPROVED,,L2_017 haiku b40
AR10670,عَادِي,صفة مشبهة,2682,16781;16784,سهم عادي,عاد,فَاعِلٌ,,,,عَادِي,APPROVED,,L2_017 haiku b40 | FLAGS: ROOT_ALIF
AR10671,مُمَتَاز,اسم فاعل,2682,16782,سهم ممتاز,متز,مُفَعَّلٌ,,,,مُمَتَاز,APPROVED,,L2_017 haiku b40
AR10672,رَأْس مَال,تركيب,2682,16783,المال الجماعي,,,,,,رَأْس مَال,APPROVED,,L2_017 haiku b40
AR10674,مَجْمُوعَة ضَابِطَة,تركيب,2683,16787,مجموعة بدون معالجة,,,,,,مَجْمُوعَة ضَابِطَة,APPROVED,,L2_017 haiku b40
AR10677,دِرَاسَة,اسم جامد,2683,16794,تجربة محكومة,درس,فِعَالَةٌ,roots-4662:درس:المحكم — المعاني,roots-4662:درس:مقاييس — المحور,roots-4662:درس:الأساس — المجاز,دِرَاسَة,APPROVED,,L2_017 haiku b40
AR10681,فَرْد,اسم جامد,2683,16798,شخص التجربة,فرد,فَعْلٌ,roots-4662:فرد:المحكم — المعاني,roots-4662:فرد:مقاييس — المحور,,فَرْد,APPROVED,,L2_017 haiku b40
AR10682,هَارِب,اسم فاعل,2684,16805;16806;16807;16808;16809,شخص هارب,هرب,فَاعِلٌ,roots-4662:هرب:المحكم — المعاني,roots-4662:هرب:مقاييس — النص,,هَارِب,APPROVED,,L2_017 haiku b40
AR10684,وَحْشِيَّة,اسم جامد,2685,16814,فعل قاسٍ,وحش,فَعْلِيَّةٌ,roots-4662:وحش:المحكم — المعاني,roots-4662:وحش:مقاييس — المحور,,وَحْشِيَّة,APPROVED,,L2_017 haiku b40
AR10685,غَلْظَة,اسم جامد,2685,16815,فعل قسوة,غلظ,فَعْلَةٌ,roots-4662:غلظ:المحكم — المعاني,,roots-4662:غلظ:الأساس — المجاز,غَلْظَة,APPROVED,,L2_017 haiku b40
AR10686,فَرْضِيَّة,اسم جامد,2683,16816,تخمين قابل للاختبار,فرض,فَعْلِيَّةٌ,roots-4662:فرض:المحكم — المعاني,roots-4662:فرض:مقاييس — المحور,roots-4662:فرض:الأساس — المجاز,فَرْضِيَّة,APPROVED,,L2_017 haiku b40
AR10687,سَدّ,فعل,2686,16818;16822,يحجب المدخل,سدد,,roots-4662:سدد:المحكم — المعاني,roots-4662:سدد:مقاييس — المحور,roots-4662:سدد:الأساس — المجاز,سَدّ,APPROVED,فَعَّ,L2_017 haiku b40 | FLAGS: WAZN_NOT_IN_INV
AR10691,حَيّ,اسم جامد,2687,16824,جزء مدينة متميز,حيي,,,v21:حيي:مقاييس — النص,v21:حيي:الأساس — المجاز,حَيّ,APPROVED,فَعّ,L2_017 haiku b40 | FLAGS: WAZN_NOT_IN_INV
AR10694,تَسَاوُم,مصدر,2688,16827,اتفاق بالتنازل,سوم,تَفَاعُلٌ,roots-4662:سوم:المحكم — المعاني,roots-4662:سوم:مقاييس — المحور,roots-4662:سوم:الأساس — المجاز,تَسَاوُم,APPROVED,,L2_017 haiku b40
AR10696,تَوَاسُط,مصدر,2688,16829,اتفاق بالتنازل,وسط,تَفَاعُلٌ,roots-4662:وسط:المحكم — المعاني,roots-4662:وسط:مقاييس — المحور,roots-4662:وسط:الأساس — المجاز,تَوَاسُط,APPROVED,,L2_017 haiku b40
AR10697,ضَحّى,فعل,2689,16830,يتنازل من أجل,ضحي,,v21:ضحي:المحكم — المعاني,v21:ضحي:مقاييس — المحور,,ضَحّى,APPROVED,فَعَّى,L2_017 haiku b40 | FLAGS: WAZN_NOT_IN_INV
AR10698,تَسَاهَلَ,فعل,2689,16831,يتنازل لصالح,سهل,تَفَاعَلَ,roots-4662:سهل:المحكم — المعاني,roots-4662:سهل:مقاييس — المحور,roots-4662:سهل:الأساس — المجاز,تَسَاهَلَ,APPROVED,,L2_017 haiku b40
AR10703,نَمَى,فعل,2693,16862,ينمو بيولوجياً,نمو,,roots-4662:نمو:المحكم — المعاني,,,نَمَى,APPROVED,فَعَى,L2_017 haiku b40 | FLAGS: WAZN_NOT_IN_INV
AR10704,نُمُو,مصدر,2693,16863,النمو البيولوجي,نمو,فُعُولٌ,roots-4662:نمو:المحكم — المعاني,,,نُمُو,APPROVED,,L2_017 haiku b40
AR10708,مَمْلَكَة,اسم جامد,2701,16883,أعلى تصنيف,ملك,فَعْلَةٌ,roots-4662:ملك:المحكم — المعاني,roots-4662:ملك:مقاييس — المحور,roots-4662:ملك:الأساس — المجاز,مَمْلَكَة,APPROVED,,L2_017 haiku b40 | FLAGS: WAZN_LEMMA_MISMATCH
AR10711,رُتْبَة,اسم جامد,2701,16886,فئة تصنيفية,رتب,فُعْلَةٌ,roots-4662:رتب:المحكم — المعاني,,roots-4662:رتب:الأساس — المجاز,رُتْبَة,APPROVED,,L2_017 haiku b40
AR10712,فَصِيلَة,اسم جامد,2701,16887,فئة تصنيفية,فصل,فَعِيلَةٌ,roots-4662:فصل:المحكم — المعاني,roots-4662:فصل:مقاييس — النص,,فَصِيلَة,APPROVED,,L2_017 haiku b40
AR10714,نَوْع,اسم جامد,2701,16889,فئة متخصصة,نوع,فَعْلٌ,roots-4662:نوع:المحكم — المعاني,roots-4662:نوع:مقاييس — المحور,,نَوْع,APPROVED,,L2_017 haiku b40
AR10715,مَجَال,اسم جامد,2701,16890,أعلى مستوى,مجل,فَعَالٍ,roots-4662:مجل:المحكم — المعاني,roots-4662:مجل:مقاييس — النص,,مَجَال,APPROVED,,L2_017 haiku b40
AR10717,مُتَوَازِن,اسم فاعل,2703,16908,وضع غير مستقر,وزن,مُتَفَاعِلٌ,roots-4662:وزن:المحكم — المعاني,roots-4662:وزن:مقاييس — المحور,roots-4662:وزن:الأساس — المجاز,مُتَوَازِن,APPROVED,,L2_017 haiku b40
AR10720,نِظَام,اسم جامد,2705,16918,حالة منظمة,نظم,فِعَالٌ,roots-4662:نظم:المحكم — المعاني,roots-4662:نظم:مقاييس — المحور,roots-4662:نظم:الأساس — المجاز,نِظَام,APPROVED,,L2_017 haiku b40
AR10721,بِلْبِلَة,اسم جامد,2705,16919,حالة فوضى,بلبل,,,,,بِلْبِلَة,APPROVED,فِعْفِلَة,L2_017 haiku b40 | FLAGS: WAZN_NOT_IN_INV
AR10724,مَرِيض,اسم جامد,2708,16929,شخص تحت رعاية,مرض,فَاعِلٌ,roots-4662:مرض:المحكم — المعاني,,roots-4662:مرض:الأساس — المجاز,مَرِيض,APPROVED,,L2_017 haiku b40
AR10726,مُمَرّضَة,اسم جامد,2708,16931,متخصصة طبية,مرض,مُفَعِّلَةٌ,roots-4662:مرض:المحكم — المعاني,,roots-4662:مرض:الأساس — المجاز,مُمَرّضَة,APPROVED,,L2_017 haiku b40
AR10728,رِعَايَة,مصدر,2708,16936,إشراف طبي,رعي,فِعَالَةٌ,roots-4662:رعي:المحكم — المعاني,roots-4662:رعي:مقاييس — النص,roots-4662:رعي:الأساس — المجاز,رِعَايَة,APPROVED,,L2_017 haiku b40
AR10729,غِيَاب,مصدر,2709,16944,عدم حضور,غيب,فِعَالٌ,roots-4662:غيب:المحكم — المعاني,roots-4662:غيب:مقاييس — المحور,roots-4662:غيب:الأساس — المجاز,غِيَاب,APPROVED,,L2_017 haiku b40
AR10732,رَاحَة,مصدر,2709,16952,فترة بعيداً,روح,,roots-4662:روح:المحكم — المعاني,roots-4662:روح:مقاييس — المحور,roots-4662:روح:الأساس — المجاز,رَاحَة,APPROVED,فَاعَة,L2_017 haiku b40 | FLAGS: WAZN_NOT_IN_INV
AR10734,خَافِت,صفة مشبهة,2712,16969,به ضوء قليل,خفت,فَاعِلٌ,roots-4662:خفت:المحكم — المعاني,roots-4662:خفت:مقاييس — المحور,roots-4662:خفت:الأساس — المجاز,خَافِت,APPROVED,,L2_017 haiku b40
AR10735,أَسْوَد,صفة مشبهة,2712,16970,بدون ضوء,سود,أَفْعَلُ,roots-4662:سود:المحكم — المعاني,roots-4662:سود:مقاييس — المحور,roots-4662:سود:الأساس — المجاز,أَسْوَد,APPROVED,,L2_017 haiku b40
AR10736,مُضِيء,صفة مشبهة,2712,16973;16982,به ضوء وافر,ضيء,,v21:ضيأ:المحكم — المعاني,,,مُضِيء,APPROVED,مُفِيل,L2_017 haiku b40 | FLAGS: WAZN_NOT_IN_INV
AR10738,إِجَازَة مَدْفُوعَة,تركيب,2709,16976,إجازة برواتب,,,,,,إِجَازَة مَدْفُوعَة,APPROVED,,L2_017 haiku b40
AR10740,بِلا شَمْس,تركيب,2712,16983,خالِ من الشمس,,,,,,بِلا شَمْس,APPROVED,,L2_017 haiku b40
AR10741,بِلا قَمَر,تركيب,2712,16984,خالِ من القمر,,,,,,بِلا قَمَر,APPROVED,,L2_017 haiku b40
AR10743,مُتَفَائِل,اسم فاعل,2713,16989,له نظرة إيجابية,فءل,مُتَفَاعِلٌ,v21:فأل:المحكم — المعاني,v21:فأل:مقاييس — النص,,مُتَفَائِل,APPROVED,,L2_017 haiku b40 | FLAGS: ROOT_NORMALIZED
AR10744,مُتَشَائِم,اسم فاعل,2713,16990,له نظرة سلبية,شءم,مُتَفَاعِلٌ,v21:شأم:المحكم — المعاني,v21:شأم:مقاييس — المحور,,مُتَشَائِم,APPROVED,,L2_017 haiku b40 | FLAGS: ROOT_NORMALIZED
AR10746,إِيجَابِي,اسم منسوب,2713,16992,نظرة إيجابية,يجب,,,,,إِيجَابِي,APPROVED,إِفَالِي,L2_017 haiku b40 | FLAGS: WAZN_NOT_IN_INV
AR10747,سَلْبِي,اسم منسوب,2713,16993,نظرة سلبية,سلب,,roots-4662:سلب:المحكم — المعاني,roots-4662:سلب:مقاييس — المحور,roots-4662:سلب:الأساس — المجاز,سَلْبِي,APPROVED,فَعْلِي,L2_017 haiku b40 | FLAGS: WAZN_NOT_IN_INV
AR10748,آيِس,اسم فاعل,2713,16994,بلا أمل,ييس,فَاعِلٌ,,,,آيِس,APPROVED,,L2_017 haiku b40
AR10749,كَئِيب,صفة مشبهة,2713,16995,موقف منقبض,كيب,فَعِيلٌ,,,,كَئِيب,APPROVED,,L2_017 haiku b40
AR10752,قَيْد,اسم جامد,2715,17000,حد الإمكانيات,قيد,فَعْلٌ,roots-4662:قيد:المحكم — المعاني,roots-4662:قيد:مقاييس — النص,,قَيْد,APPROVED,,L2_017 haiku b40
AR10753,اسْتِخْدَام,مصدر,2717,17007,غرض الاستعمال,خدم,اِسْتِفْعَالٌ,roots-4662:خدم:المحكم — المعاني,roots-4662:خدم:مقاييس — المحور,roots-4662:خدم:الأساس — المجاز,اسْتِخْدَام,APPROVED,,L2_017 haiku b40
AR10754,وَظِيفَة,اسم جامد,2717,17008,نشاط الأداة,وظف,فَاعِلَةٌ,roots-4662:وظف:المحكم — المعاني,roots-4662:وظف:مقاييس — المحور,roots-4662:وظف:الأساس — المجاز,وَظِيفَة,APPROVED,,L2_017 haiku b40
AR10760,بِلا عَرَض,تركيب,2718,17014,بدون أعراض,,,,,,بِلا عَرَض,APPROVED,,L2_017 haiku b40
AR10761,سَبّب,فعل,2718,17015,يُحدِث سبب,سبب,فَعَّلَ,roots-4662:سبب:المحكم — المعاني,roots-4662:سبب:مقاييس — النص,roots-4662:سبب:الأساس — المجاز,سَبّب,APPROVED,,L2_017 haiku b40
AR10762,وَظِيفَة,اسم جامد,2716,17016,نشاط أساسي,وظف,فَاعِلَةٌ,roots-4662:وظف:المحكم — المعاني,roots-4662:وظف:مقاييس — المحور,roots-4662:وظف:الأساس — المجاز,وَظِيفَة,APPROVED,,L2_017 haiku b40
AR10763,غَرَض,اسم جامد,2716,17017,سبب الوجود,غرض,فَعَلٌ,,roots-4662:غرض:مقاييس — النص,roots-4662:غرض:الأساس — المجاز,غَرَض,APPROVED,,L2_017 haiku b40
AR10764,دَالَّة,اسم جامد,2719,17018,علاقة رياضية,دول,فَاعِلَةٌ,roots-4662:دول:المحكم — المعاني,roots-4662:دول:مقاييس — المحور,,دَالَّة,APPROVED,,L2_017 haiku b40
AR10766,صِيغَة,اسم جامد,2719,17020,علاقة بالرموز,صيغ,فِعْلَةٌ,,,,صِيغَة,APPROVED,,L2_017 haiku b40
AR10768,فَائِدَة,اسم جامد,2721,17025,ميزة أو ربح,فيد,فَاعِلَةٌ,roots-4662:فيد:المحكم — المعاني,roots-4662:فيد:مقاييس — النص,,فَائِدَة,APPROVED,,L2_017 haiku b40
AR10769,انْتَفَعَ,فعل,2721,17026,يحصل على ميزة,نفع,اِفْتَعَلَ,roots-4662:نفع:المحكم — المعاني,roots-4662:نفع:مقاييس — المحور,,انْتَفَعَ,APPROVED,,L2_017 haiku b40
AR10770,قَاسِي,صفة مشبهة,2722,17028,صارم بسيط,قسي,فَاعِلٌ,v21:قسي:المحكم — المعاني,v21:قسي:مقاييس — المحور,,قَاسِي,APPROVED,,L2_017 haiku b40
AR10774,تَنْبِيه,مصدر,2723,17034,حالة استعداد,نبه,تَفْعِيلٌ,roots-4662:نبه:المحكم — المعاني,roots-4662:نبه:مقاييس — المحور,roots-4662:نبه:الأساس — المجاز,تَنْبِيه,APPROVED,,L2_017 haiku b40
AR10776,قَوِي,صفة مشبهة,2724,17036,قوي التأثير,قوي,فَعِيلٌ,,roots-4662:قوي:مقاييس — المحور,,قَوِي,APPROVED,,L2_017 haiku b40
AR10777,فَعّال,صفة مشبهة,2724,17037,قوي التأثير,فعل,فَعَّالٌ,roots-4662:فعل:المحكم — المعاني,roots-4662:فعل:مقاييس — المحور,,فَعّال,APPROVED,,L2_017 haiku b40
AR10778,قَاسِي,صفة مشبهة,2724,17038,قوي التأثير,قسي,فَاعِلٌ,v21:قسي:المحكم — المعاني,v21:قسي:مقاييس — المحور,,قَاسِي,APPROVED,,L2_017 haiku b40
AR10779,قَوِي,صفة مشبهة,2720,17039,عالِ الشدة,قوي,فَعِيلٌ,,roots-4662:قوي:مقاييس — المحور,,قَوِي,APPROVED,,L2_017 haiku b40
AR10782,إِنْذَار,مصدر,2730,17044,رسالة تحذير,نذر,إِفْعَالٌ,roots-4662:نذر:المحكم — المعاني,roots-4662:نذر:مقاييس — المحور,,إِنْذَار,APPROVED,,L2_017 haiku b40
AR10783,نَذّرَ,فعل,2730,17045,ينبه مسبقاً,نذر,فَعَّلَ,roots-4662:نذر:المحكم — المعاني,roots-4662:نذر:مقاييس — المحور,,نَذّرَ,APPROVED,,L2_017 haiku b40
AR10784,سَبَب,اسم جامد,2718,17060,سبب الحالة,سبب,فَعَلٌ,roots-4662:سبب:المحكم — المعاني,roots-4662:سبب:مقاييس — النص,roots-4662:سبب:الأساس — المجاز,سَبَب,APPROVED,,L2_017 haiku b40
AR10785,رَبَطَ,فعل,2718,17061;17066,يربط العرض,ربط,فَعَلَ,roots-4662:ربط:المحكم — المعاني,roots-4662:ربط:مقاييس — المحور,roots-4662:ربط:الأساس — المجاز,رَبَطَ,APPROVED,,L2_017 haiku b40
AR10787,رَأَى,فعل,2718,17064,يلاحظ,رءي,فَعَلَ,roots-4662:رءي:المحكم — المعاني,roots-4662:رءي:مقاييس — المحور,roots-4662:رءي:الأساس — المجاز,رَأَى,APPROVED,,L2_017 haiku b40 | FLAGS: ROOT_NORMALIZED
AR10788,أَنْتَجَ,فعل,2718,17065,ينتج,نتج,أَفْعَلَ,roots-4662:نتج:المحكم — المعاني,roots-4662:نتج:مقاييس — النص,roots-4662:نتج:الأساس — المجاز,أَنْتَجَ,APPROVED,,L2_017 haiku b40
AR10790,دَفَنَ,فعل,2740,17069,يضع تحت الأرض,دفن,فَعَلَ,roots-4662:دفن:المحكم — المعاني,roots-4662:دفن:مقاييس — المحور,roots-4662:دفن:الأساس — المجاز,دَفَنَ,APPROVED,,L2_017 haiku b40
AR10791,ارْتَبَطَ,فعل,2718,17072,يرى معها,ربط,اِفْتَعَلَ,roots-4662:ربط:المحكم — المعاني,roots-4662:ربط:مقاييس — المحور,roots-4662:ربط:الأساس — المجاز,ارْتَبَطَ,APPROVED,,L2_017 haiku b40
AR10793,وَسَمَ,فعل,2718,17074,يعرّف,وسم,فَعَلَ,roots-4662:وسم:المحكم — المعاني,roots-4662:وسم:مقاييس — المحور,roots-4662:وسم:الأساس — المجاز,وَسَمَ,APPROVED,,L2_017 haiku b40
AR10794,مِفْتَاح,اسم جامد,2743,17076,جسم معدني,فتح,مِفْعَالٌ,roots-4662:فتح:المحكم — المعاني,roots-4662:فتح:مقاييس — المحور,roots-4662:فتح:الأساس — المجاز,مِفْتَاح,APPROVED,,L2_017 haiku b40
AR10795,تَرْكِيبَة,اسم جامد,2743,17077,سلسلة رموز,ركب,تَفْعِلَةٌ,roots-4662:ركب:المحكم — المعاني,roots-4662:ركب:مقاييس — المحور,,تَرْكِيبَة,APPROVED,,L2_017 haiku b40
AR10796,كَلِمَة سِرّ,تركيب,2743,17078,سلسلة أحرف,,,,,,كَلِمَة سِرّ,APPROVED,,L2_017 haiku b40
AR10797,بِطَاقَة,اسم جامد,2743,17079,بطاقة الدخول,بطق,فِعَالَةٌ,v21:بطق:المحكم — المعاني,,,بِطَاقَة,APPROVED,,L2_017 haiku b40
AR10798,بِطَاقَة مِفْتَاح,تركيب,2743,17080,بطاقة للدخول,,,,,,بِطَاقَة مِفْتَاح,APPROVED,,L2_017 haiku b40
AR10799,بِسَبَب,حرف,2718,17090,يشير للسبب,,,,,,بِسَبَب,APPROVED,,L2_017 haiku b40
AR10800,نَتَجَ,فعل,2718,17091,يؤدي,نتج,فَعَلَ,roots-4662:نتج:المحكم — المعاني,roots-4662:نتج:مقاييس — النص,roots-4662:نتج:الأساس — المجاز,نَتَجَ,APPROVED,,L2_017 haiku b40
AR10801,زَادَ,فعل,2750,17093,يرفع,زيد,فَعَلَ,roots-4662:زيد:المحكم — المعاني,roots-4662:زيد:مقاييس — المحور,roots-4662:زيد:الأساس — المجاز,زَادَ,APPROVED,,L2_017 haiku b40
AR10802,نَتِيجَة,اسم جامد,2718,17094;17109,نتيجة,نتج,فَعِيلَةٌ,roots-4662:نتج:المحكم — المعاني,roots-4662:نتج:مقاييس — النص,roots-4662:نتج:الأساس — المجاز,نَتِيجَة,APPROVED,,L2_017 haiku b40
AR10803,أَسْهَمَ,فعل,2718,17101,يساهم,سهم,أَفْعَلَ,roots-4662:سهم:المحكم — المعاني,roots-4662:سهم:مقاييس — المحور,roots-4662:سهم:الأساس — المجاز,أَسْهَمَ,APPROVED,,L2_017 haiku b40
AR10809,حَفّزَ,فعل,2750,17111;17143,يجعل نشطاً,حفز,فَعَّلَ,v21:حفز:المحكم — المعاني,v21:حفز:مقاييس — المحور,,حَفّزَ,APPROVED,,L2_017 haiku b40
AR10810,مَنَعَ,فعل,2750,17112,يعيق,منع,فَعَلَ,roots-4662:منع:المحكم — المعاني,roots-4662:منع:مقاييس — المحور,roots-4662:منع:الأساس — المجاز,مَنَعَ,APPROVED,,L2_017 haiku b40
AR10812,دَلّ,فعل,2741,17114,يوصي,دلل,,roots-4662:دلل:المحكم — المعاني,roots-4662:دلل:مقاييس — المحور,roots-4662:دلل:الأساس — المجاز,دَلّ,APPROVED,فَعَّ,L2_017 haiku b40 | FLAGS: WAZN_NOT_IN_INV
AR10813,دَلّ,فعل,2718,17115,يقترح,دلل,,roots-4662:دلل:المحكم — المعاني,roots-4662:دلل:مقاييس — المحور,roots-4662:دلل:الأساس — المجاز,دَلّ,APPROVED,فَعَّ,L2_017 haiku b40 | FLAGS: WAZN_NOT_IN_INV
AR10814,تَكَوّنَ,فعل,2741,17116,يتألف,كون,تَفَعَّلَ,roots-4662:كون:المحكم — المعاني,roots-4662:كون:مقاييس — المحور,,تَكَوّنَ,APPROVED,,L2_017 haiku b40
AR10816,مَنَعَ,فعل,2741,17134,يوقف,منع,فَعَلَ,roots-4662:منع:المحكم — المعاني,roots-4662:منع:مقاييس — المحور,roots-4662:منع:الأساس — المجاز,مَنَعَ,APPROVED,,L2_017 haiku b40
AR10817,غَيْر شَائِع,تركيب,2718,17136,غير معتاد,,,,,,غَيْر شَائِع,APPROVED,,L2_017 haiku b40
AR10819,اقْتَرَحَ,فعل,2718,17138,يلمح,قرح,اِفْتَعَلَ,roots-4662:قرح:المحكم — المعاني,roots-4662:قرح:مقاييس — المحور,roots-4662:قرح:الأساس — المجاز,اقْتَرَحَ,APPROVED,,L2_017 haiku b40
AR10822,لَاحَظَ,فعل,2718,17145,يشهد,لحظ,فَاعَلَ,roots-4662:لحظ:المحكم — المعاني,roots-4662:لحظ:مقاييس — المحور,roots-4662:لحظ:الأساس — المجاز,لَاحَظَ,APPROVED,,L2_017 haiku b40
AR10823,نَتَجَ,فعل,2741,17146,يحدث,نتج,فَعَلَ,roots-4662:نتج:المحكم — المعاني,roots-4662:نتج:مقاييس — النص,roots-4662:نتج:الأساس — المجاز,نَتَجَ,APPROVED,,L2_017 haiku b40
AR10824,صِفَة,اسم جامد,2718,17147,علامة,صفة,فِعَلَةٌ,,,,صِفَة,APPROVED,,L2_017 haiku b40
AR10825,مُتَكَرِّر,اسم فاعل,2718,17150,متكرر,كرر,مُتَفَعِّلٌ,roots-4662:كرر:المحكم — المعاني,roots-4662:كرر:مقاييس — المحور,,مُتَكَرِّر,APPROVED,,L2_017 haiku b40
AR10827,سَاءَ الْمُعَامَلَة,تركيب,2770,17161,يسيء التعامل,,,,,,سَاءَ الْمُعَامَلَة,APPROVED,,L2_017 haiku b40
AR10829,أَقْرَضَ,فعل,2781,17180;17181,يعطي مؤقتاً,قرض,أَفْعَلَ,roots-4662:قرض:المحكم — المعاني,roots-4662:قرض:مقاييس — المحور,roots-4662:قرض:الأساس — المجاز,أَقْرَضَ,APPROVED,,L2_017 haiku b40
AR10830,قَرْض,اسم جامد,2781,17182,شيء معطى مؤقتاً,قرض,فَعْلٌ,roots-4662:قرض:المحكم — المعاني,roots-4662:قرض:مقاييس — المحور,roots-4662:قرض:الأساس — المجاز,قَرْض,APPROVED,,L2_017 haiku b40
AR10831,اسْتَقْرَضَ,فعل,2783,17183,يأخذ مؤقتاً,قرض,اِسْتَفْعَلَ,roots-4662:قرض:المحكم — المعاني,roots-4662:قرض:مقاييس — المحور,roots-4662:قرض:الأساس — المجاز,اسْتَقْرَضَ,APPROVED,,L2_017 haiku b40
AR10833,مُمَثّل,اسم مفعول,2678,17210,يتصرف نيابة,مثل,مُفَعَّلٌ,roots-4662:مثل:المحكم — المعاني,roots-4662:مثل:مقاييس — المحور,,مُمَثّل,APPROVED,,L2_017 haiku b40
AR10835,نَاطِق,اسم فاعل,2678,17212,يتحدث نيابة,نطق,فَاعِلٌ,roots-4662:نطق:المحكم — المعاني,roots-4662:نطق:مقاييس — المحور,roots-4662:نطق:الأساس — المجاز,نَاطِق,APPROVED,,L2_017 haiku b40
AR10838,أَمْسَكَ,فعل,2800,17339,يحافظ,مسك,أَفْعَلَ,roots-4662:مسك:المحكم — المعاني,roots-4662:مسك:مقاييس — المحور,roots-4662:مسك:الأساس — المجاز,أَمْسَكَ,APPROVED,,L2_017 haiku b40
AR10839,تَمَسّكَ,فعل,2800,17340,يحافظ,مسك,تَفَعَّلَ,roots-4662:مسك:المحكم — المعاني,roots-4662:مسك:مقاييس — المحور,roots-4662:مسك:الأساس — المجاز,تَمَسّكَ,APPROVED,,L2_017 haiku b40
AR10840,تَشَبّثَ,فعل,2800,17341,يحافظ,شبث,تَفَعَّلَ,v21:شبث:المحكم — المعاني,v21:شبث:مقاييس — المحور,,تَشَبّثَ,APPROVED,,L2_017 haiku b40
AR10841,تَغَيّبَ,فعل,2709,17363,يبتعد عن,غيب,تَفَعَّلَ,roots-4662:غيب:المحكم — المعاني,roots-4662:غيب:مقاييس — المحور,roots-4662:غيب:الأساس — المجاز,تَغَيّبَ,APPROVED,,L2_017 haiku b40
AR10843,أَطْفَأَ,فعل,2820,17436;17438;17439,يخمد النار,طفا,أَفْعَلَ,,,,أَطْفَأَ,APPROVED,,L2_017 haiku b40 | FLAGS: ROOT_ALIF
AR10844,خَنَقَ,فعل,2820,17437,يطفئ,خنق,فَعَلَ,roots-4662:خنق:المحكم — المعاني,roots-4662:خنق:مقاييس — المحور,roots-4662:خنق:الأساس — المجاز,خَنَقَ,APPROVED,,L2_017 haiku b40
AR10845,أَخْمَدَ,فعل,2820,17440,يوقف الاحتراق,خمد,أَفْعَلَ,roots-4662:خمد:المحكم — المعاني,roots-4662:خمد:مقاييس — المحور,roots-4662:خمد:الأساس — المجاز,أَخْمَدَ,APPROVED,,L2_017 haiku b40
AR10846,نَفَخَ,فعل,2820,17441,يطفئ بالنفخ,نفخ,فَعَلَ,roots-4662:نفخ:المحكم — المعاني,roots-4662:نفخ:مقاييس — المحور,roots-4662:نفخ:الأساس — المجاز,نَفَخَ,APPROVED,,L2_017 haiku b40
AR10847,دَاسَ,فعل,2820,17442,يطفئ بالوطء,دوس,فَعَلَ,roots-4662:دوس:المحكم — المعاني,roots-4662:دوس:مقاييس — المحور,roots-4662:دوس:الأساس — المجاز,دَاسَ,APPROVED,,L2_017 haiku b40
AR10848,طَفّأَ,فعل,2820,17443,يطفئ اللهب,طفا,فَعَّلَ,,,,طَفّأَ,APPROVED,,L2_017 haiku b40 | FLAGS: ROOT_ALIF
AR10849,انْطَفَأَ,فعل,2823,17445;17447;17449,توقف الاحتراق,طفا,اِنْفَعَلَ,,,,انْطَفَأَ,APPROVED,,L2_017 haiku b40 | FLAGS: ROOT_ALIF
AR10851,مُزدَحِم,اسم فاعل,2722,18045,مليء بالأشياء,زحم,مُفْتَعِلٌ,roots-4662:زحم:المحكم — المعاني,roots-4662:زحم:مقاييس — المحور,,مُزدَحِم,APPROVED,,L2_017 haiku b40 | FLAGS: WAZN_LEMMA_MISMATCH
AR10852,عَدَم اسْتِقْرَار,تركيب,2703,18549,نقص الاستقرار,,,,,,عَدَم اسْتِقْرَار,APPROVED,,L2_017 haiku b40
AR10853,غَيْر مُسْتَقِرّ,صفة مشبهة,2703,18550,غير مستقر,قرر,,roots-4662:قرر:المحكم — المعاني,roots-4662:قرر:مقاييس — المحور,roots-4662:قرر:الأساس — المجاز,غَيْر مُسْتَقِرّ,APPROVED,فَيْر فَاعِل,L2_017 haiku b40 | FLAGS: WAZN_LEMMA_MISMATCH;WAZN_NOT_IN_INV
AR10856,اسْتِقْرَار,مصدر,2703,18652,حالة الثبات,قرر,اِفْتِعَالٌ,roots-4662:قرر:المحكم — المعاني,roots-4662:قرر:مقاييس — المحور,roots-4662:قرر:الأساس — المجاز,اسْتِقْرَار,APPROVED,,L2_017 haiku b40 | FLAGS: WAZN_LEMMA_MISMATCH
AR10857,مُسْتَقِرّ,اسم فاعل,2703,18653,ثابت الموضع,قرر,مُفْتَعِلٌ,roots-4662:قرر:المحكم — المعاني,roots-4662:قرر:مقاييس — المحور,roots-4662:قرر:الأساس — المجاز,مُسْتَقِرّ,APPROVED,,L2_017 haiku b40 | FLAGS: WAZN_LEMMA_MISMATCH
AR10858,رَاسِخ,اسم فاعل,2703,18654,ثابت القاعدة,رسخ,فَاعِلٌ,roots-4662:رسخ:المحكم — المعاني,roots-4662:رسخ:مقاييس — المحور,roots-4662:رسخ:الأساس — المجاز,رَاسِخ,APPROVED,,L2_017 haiku b40
AR10859,اشْتَعَلَ,فعل,2824,17450;17589,إصدار الحرارة والضوء من احتراق الوقود,شعل,اِفْتَعَلَ,v21:شعل:المحكم — المعاني,v21:شعل:مقاييس — المحور,v21:شعل:الأساس — المجاز,اشْتَعَلَ,APPROVED,,L2_017 haiku b41
AR10861,جَحِيم,اسم جامد,2824,17452,حريق كبير جداً ومروع,جحم,فَعِيلٌ,v21:جحم:المحكم — المعاني,v21:جحم:مقاييس — النص,v21:جحم:الأساس — المجاز,جَحِيم,APPROVED,,L2_017 haiku b41
AR10862,نَار,اسم جامد,2824,17455,احتراق المواد القابلة للاشتعال,نور,فَعَلٌ,roots-4662:نور:المحكم — المعاني,roots-4662:نور:مقاييس — المحور,,نَار,APPROVED,,L2_017 haiku b41
AR10864,نَار مُضَادَّة,تركيب,2824,17466,حريق يحرق الوقود لمنع احتراقه من نار أخرى,,,,,,نَار مُضَادَّة,APPROVED,,L2_017 haiku b41
AR10865,نَار المُخَيَّم,تركيب,2824,17481,نار مشعلة في موقع إقامة مؤقتة غالباً في البرية,,,,,,نَار المُخَيَّم,APPROVED,,L2_017 haiku b41
AR10866,أَلْسِنَة,اسم جامد,2824,17483,وصف النار بالاستعارة من خلال ألسنتها,لسن,فَعِلَةٌ,roots-4662:لسن:المحكم — المعاني,roots-4662:لسن:مقاييس — المحور,roots-4662:لسن:الأساس — المجاز,أَلْسِنَة,APPROVED,,L2_017 haiku b41 | FLAGS: WAZN_LEMMA_MISMATCH
AR10867,حَرِيق الشَّرَر,تركيب,2824,17484,حريق ينشأ عندما تسقط جمرة على موقع قابل للاشتعال,,,,,,حَرِيق الشَّرَر,APPROVED,,L2_017 haiku b41
AR10868,تَوَهُّج,اسم جامد,2824,17489,حريق غير مسيطر عليه,وهج,تَفَعُّلٌ,roots-4662:وهج:المحكم — المعاني,roots-4662:وهج:مقاييس — النص,roots-4662:وهج:الأساس — المجاز,تَوَهُّج,APPROVED,,L2_017 haiku b41
AR10869,التَهَبَ,فعل,2824,17490,احتراق قوي وشديد,لهب,اِفْتَعَلَ,roots-4662:لهب:المحكم — المعاني,roots-4662:لهب:مقاييس — المحور,,التَهَبَ,APPROVED,,L2_017 haiku b41
AR10870,مُشْتَعِل,صفة مشبهة,2824,17503,يوصف بكونه مشتعلاً,شعل,مُفْتَعِلٌ,v21:شعل:المحكم — المعاني,v21:شعل:مقاييس — المحور,v21:شعل:الأساس — المجاز,مُشْتَعِل,APPROVED,,L2_017 haiku b41
AR10871,حَرِيق الحَشَائِش,تركيب,2824,17534,حريق يتوقد بحطام الحشائش والنباتات,,,,,,حَرِيق الحَشَائِش,APPROVED,,L2_017 haiku b41
AR10872,نَار الحَطَب,تركيب,2824,17625,نار مشعلة عادة من قبل شخص واحد تحضر عليها جماعة,,,,,,نَار الحَطَب,APPROVED,,L2_017 haiku b41
AR10873,مُلْتَهِب,صفة مشبهة,2824,18462,يوصف بكونه محترقاً ومشتعلاً,لهب,مُفْتَعِلٌ,roots-4662:لهب:المحكم — المعاني,roots-4662:لهب:مقاييس — المحور,,مُلْتَهِب,APPROVED,,L2_017 haiku b41
AR10874,سَاطِع,صفة مشبهة,2824,18463,محترق ومشتعل,سطع,فَاعِلٌ,roots-4662:سطع:المحكم — المعاني,roots-4662:سطع:مقاييس — المحور,roots-4662:سطع:الأساس — المجاز,سَاطِع,APPROVED,,L2_017 haiku b41
AR10875,اشْتَعَلَ,فعل,2827,17461;17464,فجأة تشتعل النار وتنتشر,شعل,اِفْتَعَلَ,v21:شعل:المحكم — المعاني,v21:شعل:مقاييس — المحور,v21:شعل:الأساس — المجاز,اشْتَعَلَ,APPROVED,,L2_017 haiku b41
AR10876,التَقَطَ,فعل,2827,17462,بدء الاحتراق والاستهلاك من قبل النار,لقط,اِفْتَعَلَ,roots-4662:لقط:المحكم — المعاني,roots-4662:لقط:مقاييس — المحور,roots-4662:لقط:الأساس — المجاز,التَقَطَ,APPROVED,,L2_017 haiku b41
AR10879,فَرِيق,اسم جامد,2828,17456,مجموعة من الناس يعملون معاً,فريق,فَعِيلٌ,,,,فَرِيق,APPROVED,,L2_017 haiku b41
AR10880,طَاقِم,اسم جامد,2828,17457,مجموعة من الناس موكلة لمهمة محددة,طقم,فَاعِلٌ,,,,طَاقِم,APPROVED,,L2_017 haiku b41
AR10882,مُطَفِّي الحَرَائِق,تركيب,2828,17619,فريق يعمل على إطفاء الحرائق,,,,,,مُطَفِّي الحَرَائِق,APPROVED,,L2_017 haiku b41
AR10883,نَار مُضَادَّة,تركيب,2829,17459,نار تستهلك وقود النار الأخرى لتشكيل حاجز,,,,,,نَار مُضَادَّة,APPROVED,,L2_017 haiku b41
AR10885,قَاتَلَ,فعل,2832,17470;17613,محاولة إطفاء حريق ببذل جهود كبيرة,قتل,فَاعَلَ,roots-4662:قتل:المحكم — المعاني,roots-4662:قتل:مقاييس — المحور,roots-4662:قتل:الأساس — المجاز,قَاتَلَ,APPROVED,,L2_017 haiku b41
AR10886,تَقَدَّمَ,فعل,2832,17479,التقدم نحو المنطقة التي كانت مشتعلة,قدم,تَفَعَّلَ,roots-4662:قدم:المحكم — المعاني,roots-4662:قدم:مقاييس — المحور,roots-4662:قدم:الأساس — المجاز,تَقَدَّمَ,APPROVED,,L2_017 haiku b41
AR10888,سَيْطَرَ,فعل,2832,17486,منع النار من الوصول إلى نقطة حرجة,سيطر,فَاعَلَ,,,,سَيْطَرَ,APPROVED,,L2_017 haiku b41
AR10889,هَاجَمَ,فعل,2832,17487,الدفع العنيف نحو النار للسيطرة عليها,هجم,فَاعَلَ,roots-4662:هجم:المحكم — المعاني,roots-4662:هجم:مقاييس — المحور,roots-4662:هجم:الأساس — المجاز,هَاجَمَ,APPROVED,,L2_017 haiku b41
AR10890,اسْتَخْدَمَ,فعل,2832,17559,توظيف رجال الإطفاء بجهد مركز ضد النار,خدم,اِسْتَفْعَلَ,roots-4662:خدم:المحكم — المعاني,roots-4662:خدم:مقاييس — المحور,roots-4662:خدم:الأساس — المجاز,اسْتَخْدَمَ,APPROVED,,L2_017 haiku b41
AR10892,حَرِيق الأَرَاضِي البَرِّيَّة,تركيب,2835,17495,نار تشتعل في منطقة ريفية غير مأهولة,,,,,,حَرِيق الأَرَاضِي البَرِّيَّة,APPROVED,,L2_017 haiku b41
AR10893,حَرِيق بَرِّي,تركيب,2835,17614,حريق في مناطق غير حضرية يتطلب استجابة طوارئ,,,,,,حَرِيق بَرِّي,APPROVED,,L2_017 haiku b41
AR10894,قَرَأَ,فعل,2836,17474,الفحص البصري للنص لفهم محتواه,قرء,فَاعَلَ,roots-4662:قرء:المحكم — المعاني,,,قَرَأَ,APPROVED,,L2_017 haiku b41 | FLAGS: ROOT_NORMALIZED
AR10895,حَاجِز نَار,تركيب,2837,17505,شريط أرض مُجَرَّد بقصد منع انتقال النار,,,,,,حَاجِز نَار,APPROVED,,L2_017 haiku b41
AR10896,خَطّ النَّار,تركيب,2837,17506,شريط أرض مُجَرَّد بقصد منع انتقال النار,,,,,,خَطّ النَّار,APPROVED,,L2_017 haiku b41
AR10897,جَدْوَلَ,فعل,2838,17593,التخطيط لحدث يقع في وقت محدد,جدول,فَعْلَلَ,,,,جَدْوَلَ,APPROVED,,L2_017 haiku b41
AR10898,نَظَّمَ,فعل,2838,17595,ترتيب وقت ومكان لحدوث حدث,نظم,فَعَّلَ,roots-4662:نظم:المحكم — المعاني,roots-4662:نظم:مقاييس — المحور,roots-4662:نظم:الأساس — المجاز,نَظَّمَ,APPROVED,,L2_017 haiku b41
AR10899,نَسَّقَ,فعل,2838,17597,جدولة حدث في وقت ومكان محددين,نسق,فَعَّلَ,roots-4662:نسق:المحكم — المعاني,roots-4662:نسق:مقاييس — المحور,roots-4662:نسق:الأساس — المجاز,نَسَّقَ,APPROVED,,L2_017 haiku b41
AR10901,خَطَّطَ,فعل,2839,17604,تنظيم حدث ما,خطط,فَعَّلَ,roots-4662:خطط:المحكم — المعاني,roots-4662:خطط:مقاييس — المحور,roots-4662:خطط:الأساس — المجاز,خَطَّطَ,APPROVED,,L2_017 haiku b41
AR10902,نَظَّمَ,فعل,2839,17605,التحضير لحدث أو نشاط,نظم,فَعَّلَ,roots-4662:نظم:المحكم — المعاني,roots-4662:نظم:مقاييس — المحور,roots-4662:نظم:الأساس — المجاز,نَظَّمَ,APPROVED,,L2_017 haiku b41
AR10905,كَلْب,اسم جامد,2840,17627,حيوان ثديي مستأنس ينحدر من الذئاب,كلب,فَعْلٌ,roots-4662:كلب:المحكم — المعاني,roots-4662:كلب:مقاييس — المحور,roots-4662:كلب:الأساس — المجاز,كَلْب,APPROVED,,L2_017 haiku b41
AR10906,قِطَّة,اسم جامد,2840,17628,حيوان صغير مستأنس يربى كحيوان أليف,قطط,فِعْلَةٌ,roots-4662:قطط:المحكم — المعاني,roots-4662:قطط:مقاييس — المحور,roots-4662:قطط:الأساس — المجاز,قِطَّة,APPROVED,,L2_017 haiku b41 | FLAGS: WAZN_LEMMA_MISMATCH
AR10907,خِنْزِير,اسم جامد,2840,17629,حيوان ثديي مستأنس يربى للحوم,خنزر,فِعْلِيلٌ,,,,خِنْزِير,APPROVED,,L2_017 haiku b41
AR10909,نَعْجَة,اسم جامد,2840,17631,حيوان مستأنس يربى للصوف أو اللحم,نعج,فَعْلَةٌ,roots-4662:نعج:المحكم — المعاني,roots-4662:نعج:مقاييس — المحور,,نَعْجَة,APPROVED,,L2_017 haiku b41
AR10910,حَيَوَان,اسم جامد,2840,17632,كائن حي ينتمي إلى مملكة الحيوان,حيا,,,,,حَيَوَان,APPROVED,فَعَوَال,L2_017 haiku b41 | FLAGS: ROOT_ALIF;WAZN_NOT_IN_INV
AR10911,أنْقَذَ,فعل,2841,17640;17641,إنقاذ شخص أو شيء من وضع خطير,نقذ,أَفْعَلَ,roots-4662:نقذ:المحكم — المعاني,roots-4662:نقذ:مقاييس — المحور,roots-4662:نقذ:الأساس — المجاز,أنْقَذَ,APPROVED,,L2_017 haiku b41
AR10912,جَدْوَل,اسم جامد,2844,17652,خطة عقلية للأحداث,جدول,فَعْوَلٌ,,,,جَدْوَل,APPROVED,,L2_017 haiku b41
AR10913,جَدْوَل زَمَنِي,تركيب,2844,17653,جدول ذهني للأحداث,,,,,,جَدْوَل زَمَنِي,APPROVED,,L2_017 haiku b41
AR10914,جِدَاول,اسم جامد,2844,17654,خطة من الأشياء المراد فعلها,جدول,فِعَالٌ,,,,جِدَاول,APPROVED,,L2_017 haiku b41
AR10915,بَرْنَامِج,اسم جامد,2844,17655,جدول مخطط للأحداث والمسارات عند السفر,برنج,,v21:برنج:المحكم — المعاني,,,بَرْنَامِج,APPROVED,فَرْنَل,L2_017 haiku b41 | FLAGS: WAZN_NOT_IN_INV
AR10918,أعْدَىٰ,فعل,2851,17700,نشر عدوى إلى كائن بقصد أو بدونه,عدي,أَفْعَلَ,,,,أعْدَىٰ,APPROVED,,L2_017 haiku b41
AR10919,أصَابَ,فعل,2851,18171,التسبب بمرض لدى شخص,صيب,أَفْعَلَ,v21:صيب:المحكم — المعاني,,,أصَابَ,APPROVED,,L2_017 haiku b41
AR10920,لَا,حرف,2860,17711,أداة نفي بسيطة غالباً تأتي بعد الأفعال المساعدة,,,,,,لَا,APPROVED,,L2_017 haiku b41
AR10921,أَبَداً,ظرف,2860,17730,أداة نفي تسبق أو تتبع الأفعال المساعدة,بدا,,,,,أَبَداً,APPROVED,أَفْعَال,L2_017 haiku b41 | FLAGS: ROOT_ALIF;WAZN_NOT_IN_INV
AR10922,بِدُون,حرف,2860,17732,حرف جر نافي,,,,,,بِدُون,APPROVED,,L2_017 haiku b41 | POS ← L2_018 | FLAGS: ROOT_MISSING;WAZN_MISSING
AR10923,لا,حرف,2860,17733,حرف نفي يسبق اسماً,,,,,,لا,APPROVED,,L2_017 haiku b41 | FLAGS: UNVOCALIZED
AR10924,لم يَعُد,تركيب,2860,17734,تركيب نفي يسبق أو يتبع فعلاً,,,,,,لم يَعُد,APPROVED,,L2_017 haiku b41
AR10925,أبْداً,ظرف,2860,18632,نفي مطلق غالباً في سياق القضية المنفية كاذبة,بدا,,,,,أبْداً,APPROVED,أَفْعَال,L2_017 haiku b41 | FLAGS: ROOT_ALIF;WAZN_NOT_IN_INV
AR10926,بِقُرْب,حرف,2880,17751,يقع غير بعيد من,,,,,,بِقُرْب,APPROVED,,L2_017 haiku b41 | POS ← L2_018 | FLAGS: ROOT_MISSING;WAZN_MISSING
AR10927,بِجَانِب,حرف,2880,17752,قريب وعلى جانب,,,,,,بِجَانِب,APPROVED,,L2_017 haiku b41 | POS ← L2_018 | FLAGS: ROOT_MISSING;WAZN_MISSING
AR10928,تَحْت,حرف,2880,17754,في اتجاه الجاذبية,,,,,,تَحْت,APPROVED,,L2_017 haiku b41 | POS ← L2_018 | FLAGS: ROOT_MISSING;WAZN_MISSING
AR10929,تَحْتَ,حرف,2880,17757;17820,في مكان أسفل أو تحت,,,,,,تَحْتَ,APPROVED,,L2_017 haiku b41 | POS ← L2_018 | FLAGS: ROOT_MISSING;WAZN_MISSING
AR10930,خَلْف,حرف,2880,17758;17785,على الجانب الآخر من,,,,,,خَلْف,APPROVED,,L2_017 haiku b41 | POS ← L2_018 | FLAGS: ROOT_MISSING;WAZN_MISSING
AR10931,أمَام,حرف,2880,17784,في موضع قبل أو أمام,,,,,,أمَام,APPROVED,,L2_017 haiku b41 | POS ← L2_018 | FLAGS: ROOT_MISSING;WAZN_MISSING
AR10932,أمَام,ظرف,2880,17786,في موضع قبل أو في الأمام,دوم,,roots-4662:دوم:المحكم — المعاني,roots-4662:دوم:مقاييس — المحور,roots-4662:دوم:الأساس — المجاز,أمَام,APPROVED,أَفْعَال,L2_017 haiku b41 | FLAGS: WAZN_NOT_IN_INV
AR10933,عَلَىٰ طُول,حرف,2880,17787,على أو بطول محور ما,,,,,,عَلَىٰ طُول,APPROVED,,L2_017 haiku b41 | POS ← L2_018 | FLAGS: ROOT_MISSING;WAZN_MISSING
AR10935,فَوْق,حرف,2880,17810,في مكان أعلى من,,,,,,فَوْق,APPROVED,,L2_017 haiku b41 | POS ← L2_018 | FLAGS: ROOT_MISSING;WAZN_MISSING
AR10936,مُقَابِل,صفة مشبهة,2880,17811,يقع وجهاً لوجه أو مقابلة,قابل,مُفَاعِلٌ,,,,مُقَابِل,APPROVED,,L2_017 haiku b41 | FLAGS: ROOT_ALIF
AR10937,يَسَار,اسم جامد,2880,17815;17817;17824,ما يقع على يسار المعلم المرجعي,يسر,فَعَالٍ,roots-4662:يسر:المحكم — المعاني,roots-4662:يسر:مقاييس — المحور,roots-4662:يسر:الأساس — المجاز,يَسَار,APPROVED,,L2_017 haiku b41
AR10938,يَمِين,اسم جامد,2880,17816;17818;17823,ما يقع على يمين المعلم المرجعي,يمن,فَعِيلٌ,roots-4662:يمن:المحكم — المعاني,roots-4662:يمن:مقاييس — النص,roots-4662:يمن:الأساس — المجاز,يَمِين,APPROVED,,L2_017 haiku b41
AR10939,مُقَابِل,حرف,2880,17821,في موضع مقابل,,,,,,مُقَابِل,APPROVED,,L2_017 haiku b41 | POS ← L2_018 | FLAGS: ROOT_MISSING;WAZN_MISSING
AR10940,عَلَىٰ,حرف,2880,17931,في تماس مباشر مع سطح,,,,,,عَلَىٰ,APPROVED,,L2_017 haiku b41 | POS ← L2_018 | FLAGS: ROOT_MISSING;WAZN_MISSING
AR10941,عَلَىٰ,حرف,2890,17780;17809,في تماس مع ومدعوم من,,,,,,عَلَىٰ,APPROVED,,L2_017 haiku b41 | POS ← L2_018 | FLAGS: ROOT_MISSING;WAZN_MISSING
AR10942,فَوْق,حرف,2890,17781,في تماس مع الجزء العلوي ومدعوم من,,,,,,فَوْق,APPROVED,,L2_017 haiku b41 | POS ← L2_018 | FLAGS: ROOT_MISSING;WAZN_MISSING
AR10943,عَلَىٰ قِمَّة,تركيب,2890,17782,مدعوم وفي تماس مع السطح العلوي,,,,,,عَلَىٰ قِمَّة,APPROVED,,L2_017 haiku b41
AR10944,ضِدّ,حرف,2890,17783,الملامسة بطريقة تشكل ضغطاً,,,,,,ضِدّ,APPROVED,,L2_017 haiku b41 | POS ← L2_018 | FLAGS: ROOT_MISSING;WAZN_MISSING
AR10945,لَامَسَ,فعل,2890,17788,أن تكون الأسطح في تماس,لمس,فَاعَلَ,roots-4662:لمس:المحكم — المعاني,roots-4662:لمس:مقاييس — المحور,roots-4662:لمس:الأساس — المجاز,لَامَسَ,APPROVED,,L2_017 haiku b41
AR10946,مُلَامِس,صفة مشبهة,2890,17790,الأسطح في تماس,لمس,مُفَاعِلٌ,roots-4662:لمس:المحكم — المعاني,roots-4662:لمس:مقاييس — المحور,roots-4662:لمس:الأساس — المجاز,مُلَامِس,APPROVED,,L2_017 haiku b41
AR10947,لَمَسَ,فعل,2890,17791,أن لا يكون هناك فصل بين الأسطح,لمس,فَاعَلَ,roots-4662:لمس:المحكم — المعاني,roots-4662:لمس:مقاييس — المحور,roots-4662:لمس:الأساس — المجاز,لَمَسَ,APPROVED,,L2_017 haiku b41
AR10948,تَمَاس,اسم جامد,2890,17794,حالة عدم الفصل بين الأسطح,تمس,تَفَاعُلٌ,,,,تَمَاس,APPROVED,,L2_017 haiku b41 | FLAGS: WAZN_LEMMA_MISMATCH
AR10949,مُمَاس,صفة مشبهة,2890,17808,الملامسة في مكان واحد فقط,ممس,مُفَاعِلٌ,v21:ممس:المحكم — المعاني,,,مُمَاس,APPROVED,,L2_017 haiku b41 | FLAGS: WAZN_LEMMA_MISMATCH
AR10955,مُتَلاصِق,صفة مشبهة,2891,17802,مشاركة الحدود,لصق,مُتَفَاعِلٌ,roots-4662:لصق:المحكم — المعاني,roots-4662:لصق:مقاييس — المحور,roots-4662:لصق:الأساس — المجاز,مُتَلاصِق,APPROVED,,L2_017 haiku b41
AR10956,تَلاصَقَ,فعل,2891,17803,الحدود المشتركة مع,لصق,تَفَاعَلَ,roots-4662:لصق:المحكم — المعاني,roots-4662:لصق:مقاييس — المحور,roots-4662:لصق:الأساس — المجاز,تَلاصَقَ,APPROVED,,L2_017 haiku b41
AR10957,مُتَتَالي,صفة مشبهة,2891,17804,مشاركة الحدود دون احتلال نفس المساحة,تالي,مُتَفَاعِلٌ,,,,مُتَتَالي,APPROVED,,L2_017 haiku b41 | FLAGS: ROOT_ALIF
AR10958,تَتَالي,اسم جامد,2891,17805,حالة مشاركة الحد,تالي,تَفَاعُلٌ,,,,تَتَالي,APPROVED,,L2_017 haiku b41 | FLAGS: ROOT_ALIF
AR10959,بِجَانِب,حرف,2891,17806,بدون فاصل بينهما,,,,,,بِجَانِب,APPROVED,,L2_017 haiku b41 | POS ← L2_018 | FLAGS: ROOT_MISSING;WAZN_MISSING
AR10961,حَاذَىٰ,فعل,2891,17827,أن تكون الأرض أو البناء مجاوراً,حذي,فَاعَلَ,,,,حَاذَىٰ,APPROVED,,L2_017 haiku b41
AR10963,قَرِيب,صفة مشبهة,2900,17828,ضمن مسافة قصيرة من,قرب,فَعِيلٌ,roots-4662:قرب:المحكم — المعاني,roots-4662:قرب:مقاييس — المحور,roots-4662:قرب:الأساس — المجاز,قَرِيب,APPROVED,,L2_017 haiku b41
AR10964,قَرِيب جِدّاً,صفة مشبهة,2900,17829,ضمن مسافة قصيرة جداً,قرب,فَعِيلٌ,roots-4662:قرب:المحكم — المعاني,roots-4662:قرب:مقاييس — المحور,roots-4662:قرب:الأساس — المجاز,قَرِيب جِدّاً,APPROVED,,L2_017 haiku b41 | FLAGS: WAZN_LEMMA_MISMATCH
AR10965,قُرْب,اسم جامد,2900,17830,حالة الوجود ضمن مسافة قصيرة,قرب,فُعْلٌ,roots-4662:قرب:المحكم — المعاني,roots-4662:قرب:مقاييس — المحور,roots-4662:قرب:الأساس — المجاز,قُرْب,APPROVED,,L2_017 haiku b41
AR10967,إِذَا,حرف,2903,17833,يعتمد على وضع غير مؤكد,,,,,,إِذَا,APPROVED,,L2_017 haiku b41
AR10968,في حَالَة,تركيب,2903,18020;18191,إذا حدثت حالة غير محتملة إلى حد ما,,,,,,في حَالَة,APPROVED,,L2_017 haiku b41
AR10969,بِافْتِرَاض,حرف,2903,18021;18023,إذا,,,,,,بِافْتِرَاض,APPROVED,,L2_017 haiku b41
AR10970,بِشَرْط,حرف,2903,18050,إذا حدثت حالة محتملة,,,,,,بِشَرْط,APPROVED,,L2_017 haiku b41
AR10971,طَالَمَا,حرف,2903,18192,إذا / بشرط حدوث حالة محتملة,,,,,,طَالَمَا,APPROVED,,L2_017 haiku b41
AR10972,لَو,حرف,2903,18210,افتراض حالة غير مؤكدة,,,,,,لَو,APPROVED,,L2_017 haiku b41
AR10973,إلاّ إِذَا,حرف,2904,17835,يعتمد على عدم حدوث احتمال ما,,,,,,إلاّ إِذَا,APPROVED,,L2_017 haiku b41
AR10974,وَإلاّ,ظرف,2904,18040,إذا لم يحدث الحدث السابق,وءلا,فَعْلٌ,,,,وَإلاّ,APPROVED,,L2_017 haiku b41 | FLAGS: ROOT_ALIF;ROOT_NORMALIZED
AR10975,عِنْد,حرف,2905,17841,يقع حيث كائن ما بلا بنية سياقية,,,,,,عِنْد,APPROVED,,L2_017 haiku b41 | POS ← L2_018 | FLAGS: ROOT_MISSING;WAZN_MISSING
AR10977,هُنَا,ظرف,2905,17843,في هذا المكان,هنا,فُعَّالٌ,,,,هُنَا,APPROVED,,L2_017 haiku b41 | FLAGS: ROOT_ALIF
AR10978,هُنَاك,ظرف,2905,17844,في ذلك المكان,هنك,فُعَّالٌ,,,,هُنَاك,APPROVED,,L2_017 haiku b41
AR10980,في البَيْت,ظرف,2905,17979,يقع في المكان الذي يعيش فيه,,,,,,في البَيْت,APPROVED,,L2_017 haiku b41 | FLAGS: ROOT_MISSING;WAZN_MISSING
AR10981,حَوْل,حرف,2911,17884,يحيط بالفعل أو تقريباً,,,,,,حَوْل,APPROVED,,L2_017 haiku b41 | POS ← L2_018 | FLAGS: ROOT_MISSING;WAZN_MISSING
AR10982,أحَاطَ,فعل,2911,17885;17890;17891;17892,يقع على كل جانب من,حيط,أَفْعَلَ,,v21:حيط:مقاييس — النص,,أحَاطَ,APPROVED,,L2_017 haiku b41
AR10983,مُحِيط,صفة مشبهة,2911,17887,على جميع الجوانب من,حيط,,,v21:حيط:مقاييس — النص,,مُحِيط,APPROVED,مُفِيل,L2_017 haiku b41 | FLAGS: WAZN_NOT_IN_INV
AR10984,مُشْرِق,حرف,2911,17888,مع جزء متطرف على كل جانب من,,,,,,مُشْرِق,APPROVED,,L2_017 haiku b41 | POS ← L2_018 | FLAGS: ROOT_MISSING;WAZN_MISSING
AR10987,فَوْق,حرف,2912,17961,في أو في مكان أعلى من,,,,,,فَوْق,APPROVED,,L2_017 haiku b41 | POS ← L2_018 | FLAGS: ROOT_MISSING;WAZN_MISSING
AR10988,تَحْت,حرف,2912,17962,في أو في مكان أسفل من,,,,,,تَحْت,APPROVED,,L2_017 haiku b41 | POS ← L2_018 | FLAGS: ROOT_MISSING;WAZN_MISSING
AR10991,شِمَالاً,ظرف,2912,17965,في اتجاه معيار البوصلة,شمال,فِعَالٌ,,,,شِمَالاً,APPROVED,,L2_017 haiku b41 | FLAGS: ROOT_ALIF
AR10992,شِمَال,اسم جامد,2912,17966,الاتجاه المشار إليه من البوصلة,شمال,فِعَالٌ,,,,شِمَال,APPROVED,,L2_017 haiku b41 | FLAGS: ROOT_ALIF
AR10993,شَمَالاً شَرْقاً,ظرف,2912,17967,في اتجاه معيار البوصلة,,,,,,شَمَالاً شَرْقاً,APPROVED,,L2_017 haiku b41 | FLAGS: ROOT_MISSING;WAZN_MISSING
AR10994,شَمَال شَرْق,اسم جامد,2912,17968,الاتجاه المشار إليه من البوصلة,,,,,,شَمَال شَرْق,APPROVED,,L2_017 haiku b41 | FLAGS: ROOT_MISSING;WAZN_MISSING
AR10995,شَمَالاً غَرْباً,ظرف,2912,17969,في اتجاه معيار البوصلة,,,,,,شَمَالاً غَرْباً,APPROVED,,L2_017 haiku b41 | FLAGS: ROOT_MISSING;WAZN_MISSING
AR10996,شَمَال غَرْب,اسم جامد,2912,17970,الاتجاه المشار إليه من البوصلة,,,,,,شَمَال غَرْب,APPROVED,,L2_017 haiku b41 | FLAGS: ROOT_MISSING;WAZN_MISSING
AR10997,جَنُوباً شَرْقاً,ظرف,2912,17971,في اتجاه معيار البوصلة,,,,,,جَنُوباً شَرْقاً,APPROVED,,L2_017 haiku b41 | FLAGS: ROOT_MISSING;WAZN_MISSING
AR10998,جَنُوب شَرْق,اسم جامد,2912,17972,الاتجاه المشار إليه من البوصلة,,,,,,جَنُوب شَرْق,APPROVED,,L2_017 haiku b41 | FLAGS: ROOT_MISSING;WAZN_MISSING
AR10999,جَنُوباً غَرْباً,ظرف,2912,17973,في اتجاه معيار البوصلة,,,,,,جَنُوباً غَرْباً,APPROVED,,L2_017 haiku b41 | FLAGS: ROOT_MISSING;WAZN_MISSING
AR11000,جَنُوب غَرْب,اسم جامد,2912,17974,الاتجاه المشار إليه من البوصلة,,,,,,جَنُوب غَرْب,APPROVED,,L2_017 haiku b41 | FLAGS: ROOT_MISSING;WAZN_MISSING
AR11001,غَرْباً,ظرف,2912,17975,في اتجاه معيار البوصلة,غرب,,roots-4662:غرب:المحكم — المعاني,roots-4662:غرب:مقاييس — النص,roots-4662:غرب:الأساس — المجاز,غَرْباً,APPROVED,فَعْلاً,L2_017 haiku b41 | FLAGS: WAZN_NOT_IN_INV
AR11002,غَرْب,اسم جامد,2912,17976,الاتجاه المشار إليه من البوصلة,غرب,فَعْلٌ,roots-4662:غرب:المحكم — المعاني,roots-4662:غرب:مقاييس — النص,roots-4662:غرب:الأساس — المجاز,غَرْب,APPROVED,,L2_017 haiku b41
AR11003,فَعَلَ,فعل,2913,17932,أبسط معنى للفعل الجنسي,فعل,فَاعَلَ,roots-4662:فعل:المحكم — المعاني,roots-4662:فعل:مقاييس — المحور,,فَعَلَ,APPROVED,,L2_017 haiku b41
AR11004,مَارَسَ,فعل,2913,17933;17936;17939;17940;17941;17942;17947;17948;17949;17950;17951;17952;17954;17955;17958;17981;17983,ممارسة النشاط الجنسي,مرس,فَاعَلَ,roots-4662:مرس:المحكم — المعاني,roots-4662:مرس:مقاييس — المحور,,مَارَسَ,APPROVED,,L2_017 haiku b41
AR11005,تَزَاوَجَ,فعل,2913,17935;17946,الاتصال الجنسي غالباً بمعنى بيولوجي,زوج,تَفَاعَلَ,roots-4662:زوج:المحكم — المعاني,roots-4662:زوج:مقاييس — المحور,roots-4662:زوج:الأساس — المجاز,تَزَاوَجَ,APPROVED,,L2_017 haiku b41
AR11007,اتّصَالِ,اسم جامد,2913,17945,فعل جنسي,وصل,اِفْتِعَالٌ,roots-4662:وصل:المحكم — المعاني,roots-4662:وصل:مقاييس — المحور,,اتّصَالِ,APPROVED,,L2_017 haiku b41
AR11009,عَمَلِيَّة سَرِيعَة,اسم جامد,2913,17980,جلسة جنسية بسبب قيود الوقت,,,,,,عَمَلِيَّة سَرِيعَة,APPROVED,,L2_017 haiku b41 | FLAGS: ROOT_MISSING;WAZN_MISSING
AR11010,قَفَزَ,فعل,2913,17982,ممارسة النشاط الجنسي بطريقة ملطفة,قفز,فَاعَلَ,roots-4662:قفز:المحكم — المعاني,roots-4662:قفز:مقاييس — المحور,roots-4662:قفز:الأساس — المجاز,قَفَزَ,APPROVED,,L2_017 haiku b41
AR11011,أنْجَبَ,فعل,2914,17956,جماع بقصد الإنجاب,نجب,أَفْعَلَ,roots-4662:نجب:المحكم — المعاني,roots-4662:نجب:مقاييس — المحور,,أنْجَبَ,APPROVED,,L2_017 haiku b41
AR11014,دَخَلَ,فعل,2931,18013,يبدأ السريان,دخل,فَاعَلَ,roots-4662:دخل:المحكم — المعاني,roots-4662:دخل:مقاييس — المحور,,دَخَلَ,APPROVED,,L2_017 haiku b41
AR11015,قَلِيلاً,ظرف,2960,18194;18198,إشارة إلى التحفظ في التصنيف,قلل,فَعِيلٌ,roots-4662:قلل:المحكم — المعاني,roots-4662:قلل:مقاييس — المحور,roots-4662:قلل:الأساس — المجاز,قَلِيلاً,APPROVED,,L2_017 haiku b41
AR11016,نَوْعاً مّا,ظرف,2960,18195;18197,إشارة إلى عدم الدقة أو التحفظ,نوع,,roots-4662:نوع:المحكم — المعاني,roots-4662:نوع:مقاييس — المحور,,نَوْعاً مّا,APPROVED,فَعْلاً,L2_017 haiku b41 | FLAGS: WAZN_NOT_IN_INV
AR11017,مِثْل,ظرف,2960,18196,إشارة إلى التحفظ وعدم الدقة,مثل,فِعْلٌ,roots-4662:مثل:المحكم — المعاني,roots-4662:مثل:مقاييس — المحور,,مِثْل,APPROVED,,L2_017 haiku b41
AR11018,شَيْء,اسم جامد,2960,18199,إشارة إلى الحذر في التصنيف,شيا,فَعْلٌ,,,,شَيْء,APPROVED,,L2_017 haiku b41 | FLAGS: ROOT_ALIF
AR11019,بِطَرِيقَة مّا,ظرف,2960,18200,إشارة إلى نطاق محدود للتأكيد,,,,,,بِطَرِيقَة مّا,APPROVED,,L2_017 haiku b41 | FLAGS: ROOT_MISSING;WAZN_MISSING
AR11020,بِالأَحْرَىٰ,ظرف,2960,18201,إشارة إلى تلطيف التأثير العاطفي,,,,,,بِالأَحْرَىٰ,APPROVED,,L2_017 haiku b41 | FLAGS: ROOT_MISSING;WAZN_MISSING
AR11023,ذَهَبَ,فعل,2972,18224,الدخول إلى أو الكون في حالة محددة,ذهب,فَاعَلَ,roots-4662:ذهب:المحكم — المعاني,roots-4662:ذهب:مقاييس — المحور,roots-4662:ذهب:الأساس — المجاز,ذَهَبَ,APPROVED,,L2_017 haiku b41
AR11026,انْتَقَلَ,فعل,2973,18250,التغير من فئة أو حالة إلى أخرى,نقل,اِنْفَعَلَ,roots-4662:نقل:المحكم — المعاني,roots-4662:نقل:مقاييس — المحور,roots-4662:نقل:الأساس — المجاز,انْتَقَلَ,APPROVED,,L2_017 haiku b41 | FLAGS: WAZN_LEMMA_MISMATCH
AR11027,سَلَّمَ,فعل,2974,18237,الاعتراف أخيراً بصحة شيء,سلم,فَعَّلَ,roots-4662:سلم:المحكم — المعاني,roots-4662:سلم:مقاييس — المحور,roots-4662:سلم:الأساس — المجاز,سَلَّمَ,APPROVED,,L2_017 haiku b41
AR11028,نَفَىٰ,فعل,2974,18238,الادعاء بأن شيئاً غير صحيح,نفي,فَاعَلَ,roots-4662:نفي:المحكم — المعاني,roots-4662:نفي:مقاييس — المحور,,نَفَىٰ,APPROVED,,L2_017 haiku b41
AR11031,نَفْي,اسم جامد,2974,18243,فعل النفي,نفي,فَعْلٌ,roots-4662:نفي:المحكم — المعاني,roots-4662:نفي:مقاييس — المحور,,نَفْي,APPROVED,,L2_017 haiku b41
AR11033,فَنَّدَ,فعل,2974,18245,إثبات عدم صحة شيء,فند,فَعَّلَ,roots-4662:فند:المحكم — المعاني,roots-4662:فند:مقاييس — المحور,roots-4662:فند:الأساس — المجاز,فَنَّدَ,APPROVED,,L2_017 haiku b41
AR11035,انْتَهَىٰ,فعل,2980,18251,انتهى إلى وضع نهائي,نهي,اِنْفَعَلَ,roots-4662:نهي:المحكم — المعاني,roots-4662:نهي:مقاييس — المحور,roots-4662:نهي:الأساس — المجاز,انْتَهَىٰ,APPROVED,,L2_017 haiku b41
AR11036,مَوَّلَ,فعل,2982,18253;18254;18256,توفير الأموال لمشروع,مول,فَعَّلَ,roots-4662:مول:المحكم — المعاني,roots-4662:مول:مقاييس — النص,,مَوَّلَ,APPROVED,,L2_017 haiku b41
AR11037,دَعَمَ,فعل,2982,18255;18257,الدعم بتوفير الأموال,دعم,فَاعَلَ,roots-4662:دعم:المحكم — المعاني,roots-4662:دعم:مقاييس — المحور,roots-4662:دعم:الأساس — المجاز,دَعَمَ,APPROVED,,L2_017 haiku b41
AR11038,أرْسَلَ فَاتُورَة,فعل,2983,18258;18259,إخطار بالدين كتابة,,,,,,أرْسَلَ فَاتُورَة,APPROVED,,L2_017 haiku b41 | FLAGS: ROOT_MISSING;WAZN_MISSING
AR11039,فَاتُورَة,اسم جامد,2983,18609,وثيقة تحتوي على ما هو مستحق,فتر,فَاعُولَةٌ,roots-4662:فتر:المحكم — المعاني,roots-4662:فتر:مقاييس — المحور,roots-4662:فتر:الأساس — المجاز,فَاتُورَة,APPROVED,,L2_017 haiku b41
AR11040,اسْتَدْعَى,فعل,2984,18307;18309,طَلَب رسمياً من شخص مثوله أمام المحكمة,دعو,اِسْتَفْعَلَ,roots-4662:دعو:المحكم — المعاني,roots-4662:دعو:مقاييس — النص,roots-4662:دعو:الأساس — المجاز,اسْتَدْعَى,APPROVED,,L2_017 haiku b42 | invoke formally
AR11041,أَصْدَرَ أَمْرَ حضور,تركيب,2984,18308,أصدر أمراً رسمياً بحضور المدّعى عليه,,,,,,أَصْدَرَ أَمْرَ حضور,APPROVED,,L2_017 haiku b42 | formal order to appear
AR11042,أَمْرُ حضور,تركيب,2984,18310,أمر رسمي بمثول المدّعى عليه أمام المحكمة,,,,,,أَمْرُ حضور,APPROVED,,L2_017 haiku b42 | official citation/summons
AR11043,اِسْتِدْعاء,مصدر,2984,18311,طَلَب رسمي لمثول شخص أمام جهة قضائية,دعو,اِسْتِفْعَالٌ,roots-4662:دعو:المحكم — المعاني,roots-4662:دعو:مقاييس — النص,roots-4662:دعو:الأساس — المجاز,اِسْتِدْعاء,APPROVED,,L2_017 haiku b42 | formal call/citation
AR11044,إِشْعار حضور,تركيب,2984,18312,إخطار رسمي يطلب مثول المدّعى عليه أمام المحكمة,,,,,,إِشْعار حضور,APPROVED,,L2_017 haiku b42 | notice to appear
AR11045,عَلَى أَيّ حال,تركيب,2991,18570;18571;18573,يُستخدَم لإظهار أن حالة أفضل ممكنة رغم الظروف,,,,,,عَلَى أَيّ حال,APPROVED,,L2_017 haiku b42 | adverbial phrase
AR11046,عَلى أَقَلّ تَقْدير,تركيب,2991,18572,يُظْهِر أَنَّ هناك جانب إيجابي على الأقل,,,,,,عَلى أَقَلّ تَقْدير,APPROVED,,L2_017 haiku b42 | at least some good
AR11047,عَلى أَيّ حال,تركيب,2991,18574,في أي حدث، يظل هناك جانب إيجابي,,,,,,عَلى أَيّ حال,APPROVED,,L2_017 haiku b42 | any event/anyway
AR11048,عَلى الأَقَلّ,تركيب,2991,18577;18578;18579,يُشار إلى أقلِّ حد مقبول من الإيجابية,,,,,,عَلى الأَقَلّ,APPROVED,,L2_017 haiku b42 | minimum standard
AR11049,هُوِيَّة,اسم جامد,3000,18673,السّمة الفريدة التي تميّز كل مصداق عن آخر,هوي,,roots-4662:هوي:المحكم — المعاني,roots-4662:هوي:مقاييس — المحور,roots-4662:هوي:الأساس — المجاز,هُوِيَّة,APPROVED,فُعِيلَة,L2_017 haiku b42 | unique identifier | FLAGS: WAZN_NOT_IN_INV
AR11051,تَدَهْوَرَ,فعل,3012,18711;18715,أَصْبَحَ أَسْوَأَ حالاً,دهور,تَفَعَّلَ,,,,تَدَهْوَرَ,APPROVED,,L2_017 haiku b42 | become worse
AR11052,أَسَاءَ,فعل,3012,18716,انْتَقَلَ مِن سِيءٍ إِلَى أَسْوَأَ,سوء,أَفْعَلَ,roots-4662:سوء:المحكم — المعاني,,,أَسَاءَ,APPROVED,,L2_017 haiku b42 | worsen
AR11054,تَدَهْوُر,مصدر,3012,18719,عمليةُ الانتقالِ نحو الأسوأ,دهور,تَفَعُّلٌ,,,,تَدَهْوُر,APPROVED,,L2_017 haiku b42 | process of worsening
AR11056,تَغَيَّرَ,فعل,3011,18722,صفة لما خضع للتحوّل أو التبدّل,غير,تَفَعَّلَ,roots-4662:غير:المحكم — المعاني,roots-4662:غير:مقاييس — المحور,roots-4662:غير:الأساس — المجاز,تَغَيَّرَ,APPROVED,,L2_017 haiku b42 | underwent change
AR11057,لَم يَتَغَيَّر,فعل,3011,18723,صفة لما بقي على حاله دون تحوّل,غير,تَفَعَّلَ,roots-4662:غير:المحكم — المعاني,roots-4662:غير:مقاييس — المحور,roots-4662:غير:الأساس — المجاز,لَم يَتَغَيَّر,APPROVED,,L2_017 haiku b42 | not changed
AR11059,بَقِيَ عَلى حالِه,فعل,3011,18725,صفة لما لم تتغيّر صفاته رغم الظروف,قيم,فَعِلَ,,,,بَقِيَ عَلى حالِه,APPROVED,,L2_017 haiku b42 | not altered
AR11061,زَمِيل,اسم جامد,3013,18728,الشخص الذي يعمل مع آخر في نفس المؤسسة,زمل,فَعِيلٌ,roots-4662:زمل:المحكم — المعاني,roots-4662:زمل:مقاييس — المحور,,زَمِيل,APPROVED,,L2_017 haiku b42 | colleague
AR11062,زَمِيل عَمَل,تركيب,3013,18729,الشخص الذي يعمل مع آخر في نفس الشركة,,,,,,زَمِيل عَمَل,APPROVED,,L2_017 haiku b42 | co-worker
AR11063,وَطَنِي,صفة مشبهة,3013,18730,الشخص من نفس الوطن أو الدولة,وطن,,roots-4662:وطن:المحكم — المعاني,roots-4662:وطن:مقاييس — النص,roots-4662:وطن:الأساس — المجاز,وَطَنِي,APPROVED,فَعَلِي,L2_017 haiku b42 | countryman | FLAGS: WAZN_NOT_IN_INV
AR11064,أَخ دِينِي,تركيب,3013,18732,الشخص من نفس الديانة أو الملة,,,,,,أَخ دِينِي,APPROVED,,L2_017 haiku b42 | co-religionist
AR11065,زَمِيل,صفة مشبهة,3013,18733,من نفس الجهة العملية أو المؤسسة,زمل,فَعِيلٌ,roots-4662:زمل:المحكم — المعاني,roots-4662:زمل:مقاييس — المحور,,زَمِيل,APPROVED,,L2_017 haiku b42 | fellow/colleague
AR11066,رَفِيق,اسم جامد,3013,18734,عضو الحزب أو المؤسسة العسكرية ذاتها,رفق,فَعِيلٌ,roots-4662:رفق:المحكم — المعاني,roots-4662:رفق:مقاييس — المحور,roots-4662:رفق:الأساس — المجاز,رَفِيق,APPROVED,,L2_017 haiku b42 | comrade
AR11069,فَرْع,اسم جامد,3015,18737,جزء من منظمة انفصل عن الجسم الرئيس,فرع,فَعْلٌ,roots-4662:فرع:المحكم — المعاني,roots-4662:فرع:مقاييس — المحور,roots-4662:فرع:الأساس — المجاز,فَرْع,APPROVED,,L2_017 haiku b42 | branch/offshoot
AR11070,أَصِيبَ بِمَرَض,فعل,3016,18738,بَدَأَ يعاني من مرض ما,صيب,أُفْعِلَ,v21:صيب:المحكم — المعاني,,,أَصِيبَ بِمَرَض,APPROVED,,L2_017 haiku b42 | suffer from disease
AR11071,فِئَة,اسم جامد,3015,18739,مجموعة لها آراء مختلفة عن المجموعة الأكبر,فءي,فِعَلَةٌ,roots-4662:فءي:المحكم — المعاني,,,فِئَة,APPROVED,,L2_017 haiku b42 | faction | FLAGS: ROOT_NORMALIZED
AR11072,انْفِصالِي,اسم منسوب,3015,18740,وصف لمن يحاول الانفصال بآراء مختلفة,فصل,,roots-4662:فصل:المحكم — المعاني,roots-4662:فصل:مقاييس — النص,,انْفِصالِي,APPROVED,اِنْفِعالِي,L2_017 haiku b42 | breakaway/separatist | FLAGS: WAZN_NOT_IN_INV
AR11074,مجموعة انْشِقاقِيَّة,تركيب,3015,18743,فصيل له اختلافات أيديولوجية مع المجموعة الأكبر,,,,,,مجموعة انْشِقاقِيَّة,APPROVED,,L2_017 haiku b42 | splinter group
AR11075,أَصِيبَ,فعل,3016,18744;18745,بَدَأَ يعاني من عدوى مرضية,صيب,أُفْعِلَ,v21:صيب:المحكم — المعاني,,,أَصِيبَ,APPROVED,,L2_017 haiku b42 | get infected
AR11076,مَرِضَ,فعل,3016,18746,بَدَأَ يُعاني من مرض,مرض,فَعِلَ,roots-4662:مرض:المحكم — المعاني,,roots-4662:مرض:الأساس — المجاز,مَرِضَ,APPROVED,,L2_017 haiku b42 | get sick
AR11077,عَدِيَ,فعل,3016,18747,نُقِلَتْ إِليه العدوى من مصدر ما,عدي,فَعِلَ,,,,عَدِيَ,APPROVED,,L2_017 haiku b42 | catch/transmit
AR11078,انقلاب,اسم جامد,72,1563,الاستيلاء على السلطة بقوة غير شرعية,نقل,اِنْفِعَالٌ,roots-4662:نقل:المحكم — المعاني,roots-4662:نقل:مقاييس — المحور,roots-4662:نقل:الأساس — المجاز,انقلاب,APPROVED,,L2_017 haiku b43 | FLAGS: UNVOCALIZED;WAZN_LEMMA_MISMATCH
AR11079,انتخب,فعل,72,1564,تعيين شخص للمنصب بواسطة التصويت,خيب,اِفْتَعَلَ,roots-4662:خيب:المحكم — المعاني,roots-4662:خيب:مقاييس — المحور,roots-4662:خيب:الأساس — المجاز,انتخب,APPROVED,,L2_017 haiku b43 | FLAGS: UNVOCALIZED
AR11080,تمرد,اسم جامد,72,1565;1566,المقاومة المسلحة ضد السلطة القائمة,مرد,تَفَعُّلٌ,roots-4662:مرد:المحكم — المعاني,roots-4662:مرد:مقاييس — المحور,roots-4662:مرد:الأساس — المجاز,تمرد,APPROVED,,L2_017 haiku b43 | FLAGS: UNVOCALIZED
AR11081,تمرد,فعل,72,1567;1570,الثورة على السلطة المستقرة,مرد,تَفَعَّلَ,roots-4662:مرد:المحكم — المعاني,roots-4662:مرد:مقاييس — المحور,roots-4662:مرد:الأساس — المجاز,تمرد,APPROVED,,L2_017 haiku b43 | FLAGS: UNVOCALIZED
AR11082,أطاح,فعل,72,1568;10385,عزل القائد بالقوة من منصبه,طيح,أَفْعَلَ,v21:طيح:المحكم — المعاني,,,أطاح,APPROVED,,L2_017 haiku b43 | FLAGS: UNVOCALIZED
AR11084,انتفاضة,اسم جامد,72,1572;17302,التمرد والمقاومة ضد السلطة,نفض,اِنْفِعَالَةٌ,roots-4662:نفض:المحكم — المعاني,roots-4662:نفض:مقاييس — المحور,roots-4662:نفض:الأساس — المجاز,انتفاضة,APPROVED,,L2_017 haiku b43 | FLAGS: UNVOCALIZED;WAZN_LEMMA_MISMATCH
AR11085,أخرج,فعل,72,1808,إخراج شخص من منصبه بالقوة,خرج,أَفْعَلَ,roots-4662:خرج:المحكم — المعاني,roots-4662:خرج:مقاييس — المحور,roots-4662:خرج:الأساس — المجاز,أخرج,APPROVED,,L2_017 haiku b43 | FLAGS: UNVOCALIZED
AR11087,خلع,فعل,72,5255,إزالة الملك من سلطته,خلع,فَعَلَ,roots-4662:خلع:المحكم — المعاني,roots-4662:خلع:مقاييس — المحور,roots-4662:خلع:الأساس — المجاز,خلع,APPROVED,,L2_017 haiku b43 | FLAGS: UNVOCALIZED
AR11088,إطاحة,اسم جامد,72,8352,إزاحة شخص من السلطة,طيح,إِفْعَالَةٌ,v21:طيح:المحكم — المعاني,,,إطاحة,APPROVED,,L2_017 haiku b43 | FLAGS: UNVOCALIZED
AR11089,تولى,فعل,72,10184,السيطرة على شيء أو تحمل المسؤولية عنه,ولي,تَفَعَّلَ,roots-4662:ولي:المحكم — المعاني,roots-4662:ولي:مقاييس — المحور,roots-4662:ولي:الأساس — المجاز,تولى,APPROVED,,L2_017 haiku b43 | FLAGS: UNVOCALIZED
AR11090,انتخاب,اسم جامد,72,10900,الإجراء الرسمي لاختيار شخص للمنصب,خيب,اِفْتِعَالٌ,roots-4662:خيب:المحكم — المعاني,roots-4662:خيب:مقاييس — المحور,roots-4662:خيب:الأساس — المجاز,انتخاب,APPROVED,,L2_017 haiku b43 | FLAGS: UNVOCALIZED
AR11091,نصب,فعل,72,12131;13668,تنصيب شخص في منصب قيادي,نصب,فَعَلَ,roots-4662:نصب:المحكم — المعاني,roots-4662:نصب:مقاييس — المحور,,نصب,APPROVED,,L2_017 haiku b43 | FLAGS: UNVOCALIZED
AR11092,تتويج,اسم جامد,72,12132,تنصيب الملك أو الأسقف على العرش,تيج,تَفْعِيلٌ,,,,تتويج,APPROVED,,L2_017 haiku b43 | FLAGS: UNVOCALIZED
AR11093,وتج,فعل,72,12133;12134,نصب شخص ملكاً بحفل التتويج,تيج,فَعَّلَ,,,,وتج,APPROVED,,L2_017 haiku b43 | FLAGS: UNVOCALIZED
AR11094,منح,فعل,72,12136,إعطاء السلطة الجديدة لشخص أو مجموعة,منح,فَعَلَ,roots-4662:منح:المحكم — المعاني,roots-4662:منح:مقاييس — المحور,roots-4662:منح:الأساس — المجاز,منح,APPROVED,,L2_017 haiku b43 | FLAGS: UNVOCALIZED
AR11096,استقلال,اسم جامد,72,15234,التحرر من حكم القائد السابق,قيل,اِسْتِفْعَالٌ,roots-4662:قيل:المحكم — المعاني,roots-4662:قيل:مقاييس — النص,roots-4662:قيل:الأساس — المجاز,استقلال,APPROVED,,L2_017 haiku b43 | FLAGS: UNVOCALIZED
AR11099,ودود,صفة مشبهة,74,1614;1616,الشخص المحب للصحبة والودود في التعامل,ودد,فَعُولٌ,roots-4662:ودد:المحكم — المعاني,roots-4662:ودد:مقاييس — المحور,,ودود,APPROVED,,L2_017 haiku b43 | POS ← L2_025 | L2_025
AR11100,منفتح,اسم فاعل,74,1615;1620,شخص اجتماعي واثق من نفسه,فتح,مُنْفَعِلٌ,roots-4662:فتح:المحكم — المعاني,roots-4662:فتح:مقاييس — المحور,roots-4662:فتح:الأساس — المجاز,منفتح,APPROVED,,L2_017 haiku b43 | POS ← L2_025 | L2_025
AR11102,خجول,صفة مشبهة,74,1618;1622,الشخص المنطوي اجتماعياً,خجل,فَعُولٌ,roots-4662:خجل:المحكم — المعاني,roots-4662:خجل:مقاييس — المحور,,خجول,APPROVED,,L2_017 haiku b43 | POS ← L2_025 | L2_025
AR11104,ناسك,اسم فاعل,74,1621,شخص يتجنب الآخرين ويعيش حياة منعزلة,نسك,فَاعِلٌ,roots-4662:نسك:المحكم — المعاني,roots-4662:نسك:مقاييس — المحور,roots-4662:نسك:الأساس — المجاز,ناسك,APPROVED,,L2_017 haiku b43 | POS ← L2_024 | L2_025
AR11106,لطيف,صفة مشبهة,74,18466,الشخص الطيب الأخلاق والمحب للاختلاط,لطف,فَعِيلٌ,roots-4662:لطف:المحكم — المعاني,roots-4662:لطف:مقاييس — المحور,roots-4662:لطف:الأساس — المجاز,لطيف,APPROVED,,L2_017 haiku b43 | POS ← L2_025 | L2_025
AR11107,استبدادي,اسم منسوب,75,1625,الشخص المؤمن بفرض الطاعة المطلقة,بدد,,v21:بدد:المحكم — المعاني,v21:بدد:مقاييس — المحور,v21:بدد:الأساس — المجاز,استبدادي,APPROVED,اِسْتِفْعَالِي,L2_017 haiku b43 | FLAGS: UNVOCALIZED;WAZN_NOT_IN_INV
AR11108,متساهل,اسم فاعل,75,1626,الشخص الغير صارم وسهل المراس,سهل,مُتَفَعِّلٌ,roots-4662:سهل:المحكم — المعاني,roots-4662:سهل:مقاييس — المحور,roots-4662:سهل:الأساس — المجاز,متساهل,APPROVED,,L2_017 haiku b43 | POS ← L2_025 | L2_025
AR11109,متسامح,اسم فاعل,75,1627;1630,الشخص الرحيم والمتسامح,سمح,مُتَفَعِّلٌ,roots-4662:سمح:المحكم — المعاني,roots-4662:سمح:مقاييس — المحور,roots-4662:سمح:الأساس — المجاز,متسامح,APPROVED,,L2_017 haiku b43 | POS ← L2_025 | L2_025
AR11112,قاسي,اسم فاعل,75,17021,الشخص الشديد والقاسي,قسو,فَاعِلٌ,,,,قاسي,APPROVED,,L2_017 haiku b43 | POS ← L2_024 | L2_025
AR11113,زيّن,فعل,76,1631;1636;11857,تغطية شيء بطريقة جميلة,زين,فَعَّلَ,roots-4662:زين:المحكم — المعاني,roots-4662:زين:مقاييس — المحور,roots-4662:زين:الأساس — المجاز,زيّن,APPROVED,,L2_017 haiku b43
AR11114,غطى,فعل,76,1632;1635;1642,التغطية الكاملة بطبقة سميكة,غطي,فَعَلَ,,,,غطى,APPROVED,,L2_017 haiku b43 | FLAGS: UNVOCALIZED
AR11115,ستر,فعل,76,1633,الستر والإخفاء بطريقة كاملة,ستر,فَعَلَ,roots-4662:ستر:المحكم — المعاني,roots-4662:ستر:مقاييس — المحور,,ستر,APPROVED,,L2_017 haiku b43 | FLAGS: UNVOCALIZED
AR11116,غلف,فعل,76,1634,تشكيل طبقة واقية على شيء,غلف,فَعَلَ,roots-4662:غلف:المحكم — المعاني,roots-4662:غلف:مقاييس — النص,,غلف,APPROVED,,L2_017 haiku b43 | FLAGS: UNVOCALIZED
AR11118,لفّ,فعل,76,1639,الإحاطة والتغطية الكاملة,لفف,فَعَّلَ,roots-4662:لفف:المحكم — المعاني,roots-4662:لفف:مقاييس — المحور,,لفّ,APPROVED,,L2_017 haiku b43 | FLAGS: WAZN_LEMMA_MISMATCH
AR11119,اكتنف,فعل,76,1640;1645,زينة بسلسلة أو إكليل زهور,كنف,اِفْتَعَلَ,roots-4662:كنف:المحكم — المعاني,roots-4662:كنف:مقاييس — المحور,roots-4662:كنف:الأساس — المجاز,اكتنف,APPROVED,,L2_017 haiku b43 | FLAGS: UNVOCALIZED
AR11120,امتلأ,فعل,76,1641,صيرورة الشيء ممتلئاً,ملا,اِفْتَعَلَ,,,,امتلأ,APPROVED,,L2_017 haiku b43 | FLAGS: ROOT_ALIF;UNVOCALIZED
AR11122,رصف,فعل,76,1644,التغطية كالرصيف,رصف,فَعَلَ,roots-4662:رصف:المحكم — المعاني,roots-4662:رصف:مقاييس — المحور,roots-4662:رصف:الأساس — المجاز,رصف,APPROVED,,L2_017 haiku b43 | FLAGS: UNVOCALIZED
AR11123,نقط,فعل,76,3929,التوزيع المتناثر على المساحة,نقط,فَعَلَ,roots-4662:نقط:المحكم — المعاني,roots-4662:نقط:مقاييس — المحور,roots-4662:نقط:الأساس — المجاز,نقط,APPROVED,,L2_017 haiku b43 | FLAGS: UNVOCALIZED
AR11124,نثر,فعل,76,3977;17926,نشر وتوزيع بطريقة متناثرة,نثر,فَعَلَ,roots-4662:نثر:المحكم — المعاني,roots-4662:نثر:مقاييس — المحور,roots-4662:نثر:الأساس — المجاز,نثر,APPROVED,,L2_017 haiku b43 | FLAGS: UNVOCALIZED
AR11125,غطّى,فعل,76,11859,التغطية بقشرة صلبة,غطي,فَعَّلَ,,,,غطّى,APPROVED,,L2_017 haiku b43
AR11126,في كل مكان,تركيب,76,17927,التغطية الشاملة,,,,,,في كل مكان,APPROVED,,L2_017 haiku b43 | FLAGS: UNVOCALIZED
AR11127,عبر,حرف,76,17928,التغطية الموزعة عبر المناطق,,,,,,عبر,APPROVED,,L2_017 haiku b43 | FLAGS: UNVOCALIZED
AR11128,فوق,حرف,76,17959,التغطية من الأعلى,,,,,,فوق,APPROVED,,L2_017 haiku b43 | FLAGS: UNVOCALIZED
AR11129,حول,حرف,76,17960,الوجود في أماكن موزعة,,,,,,حول,APPROVED,,L2_017 haiku b43 | FLAGS: UNVOCALIZED
AR11131,زيادة,اسم جامد,77,1647,عملية إضافة أو زيادة شيء,زيد,,roots-4662:زيد:المحكم — المعاني,roots-4662:زيد:مقاييس — المحور,roots-4662:زيد:الأساس — المجاز,زيادة,APPROVED,فِيَالَة,L2_017 haiku b43 | FLAGS: UNVOCALIZED;WAZN_NOT_IN_INV
AR11132,انقباض,اسم جامد,77,1648,عملية انكماش الحجم أو العدد,قبض,اِنْفِعَالٌ,roots-4662:قبض:المحكم — المعاني,roots-4662:قبض:مقاييس — المحور,roots-4662:قبض:الأساس — المجاز,انقباض,APPROVED,,L2_017 haiku b43 | FLAGS: UNVOCALIZED
AR11133,وسّع,فعل,77,1649;1650;1652;1663,جعل شيء أوسع أو أكبر,وسع,فَعَّلَ,roots-4662:وسع:المحكم — المعاني,roots-4662:وسع:مقاييس — المحور,roots-4662:وسع:الأساس — المجاز,وسّع,APPROVED,,L2_017 haiku b43
AR11134,توسيع,اسم جامد,77,1651,عملية جعل شيء أكبر,وسع,تَفْعِيلٌ,roots-4662:وسع:المحكم — المعاني,roots-4662:وسع:مقاييس — المحور,roots-4662:وسع:الأساس — المجاز,توسيع,APPROVED,,L2_017 haiku b43 | FLAGS: UNVOCALIZED
AR11135,توسع,اسم جامد,77,1653,عملية الانتشار أو الزيادة,وسع,تَفَعُّلٌ,roots-4662:وسع:المحكم — المعاني,roots-4662:وسع:مقاييس — المحور,roots-4662:وسع:الأساس — المجاز,توسع,APPROVED,,L2_017 haiku b43 | FLAGS: UNVOCALIZED
AR11136,نمو,اسم جامد,77,1655,عملية الزيادة في الحجم,نمي,فَعَلٌ,roots-4662:نمي:المحكم — المعاني,roots-4662:نمي:مقاييس — المحور,roots-4662:نمي:الأساس — المجاز,نمو,APPROVED,,L2_017 haiku b43 | FLAGS: UNVOCALIZED
AR11137,نفخ,فعل,77,1656;12041,توسيع بملء الهواء أو الغاز,نفخ,فَعَلَ,roots-4662:نفخ:المحكم — المعاني,roots-4662:نفخ:مقاييس — المحور,roots-4662:نفخ:الأساس — المجاز,نفخ,APPROVED,,L2_017 haiku b43 | FLAGS: UNVOCALIZED
AR11139,تكبير,اسم جامد,77,1658,إظهار الشيء أكبر مما هو,كبر,تَفْعِيلٌ,roots-4662:كبر:المحكم — المعاني,roots-4662:كبر:مقاييس — المحور,roots-4662:كبر:الأساس — المجاز,تكبير,APPROVED,,L2_017 haiku b43 | FLAGS: UNVOCALIZED
AR11140,كبّر,فعل,77,1659,إظهار الشيء أكبر بالعدسة,كبر,فَعَّلَ,roots-4662:كبر:المحكم — المعاني,roots-4662:كبر:مقاييس — المحور,roots-4662:كبر:الأساس — المجاز,كبّر,APPROVED,,L2_017 haiku b43
AR11141,تقليل,اسم جامد,77,1660,عملية تصغير الحجم أو العدد,قلل,تَفْعِيلٌ,roots-4662:قلل:المحكم — المعاني,roots-4662:قلل:مقاييس — المحور,roots-4662:قلل:الأساس — المجاز,تقليل,APPROVED,,L2_017 haiku b43 | FLAGS: UNVOCALIZED
AR11142,انكمش,فعل,77,1661,صيرورة الشيء أصغر,كمش,اِنْفَعَلَ,roots-4662:كمش:المحكم — المعاني,roots-4662:كمش:مقاييس — المحور,roots-4662:كمش:الأساس — المجاز,انكمش,APPROVED,,L2_017 haiku b43 | FLAGS: UNVOCALIZED
AR11143,تورم,فعل,77,1662,زيادة الحجم بشكل متضخم,ورم,تَفَعَّلَ,roots-4662:ورم:المحكم — المعاني,roots-4662:ورم:مقاييس — النص,,تورم,APPROVED,,L2_017 haiku b43 | FLAGS: UNVOCALIZED
AR11145,نما,فعل,77,11318,جعل الشيء يزداد حجماً,نمي,فَعَلَ,roots-4662:نمي:المحكم — المعاني,roots-4662:نمي:مقاييس — المحور,roots-4662:نمي:الأساس — المجاز,نما,APPROVED,,L2_017 haiku b43 | FLAGS: UNVOCALIZED
AR11146,مدّ,فعل,77,15441,شد شيء من الطرفين ليزداد سطحه,مدد,فَعَّلَ,roots-4662:مدد:المحكم — المعاني,roots-4662:مدد:مقاييس — المحور,roots-4662:مدد:الأساس — المجاز,مدّ,APPROVED,,L2_017 haiku b43 | FLAGS: WAZN_LEMMA_MISMATCH
AR11149,كثّف,فعل,77,18529,جعل الشيء أكثر كثافة,كثف,فَعَّلَ,roots-4662:كثف:المحكم — المعاني,roots-4662:كثف:مقاييس — المحور,,كثّف,APPROVED,,L2_017 haiku b43
AR11150,دائم,اسم فاعل,79,1711;1719,الشيء الذي يستمر أو يدوم,دوم,فَاعِلٌ,roots-4662:دوم:المحكم — المعاني,roots-4662:دوم:مقاييس — المحور,roots-4662:دوم:الأساس — المجاز,دائم,APPROVED,,L2_017 haiku b43 | POS ← L2_024 | L2_025
AR11151,قصير,صفة مشبهة,79,1712;1723,الشيء ذو المدة القليلة,قصر,فَعِيلٌ,roots-4662:قصر:المحكم — المعاني,roots-4662:قصر:مقاييس — المحور,roots-4662:قصر:الأساس — المجاز,قصير,APPROVED,,L2_017 haiku b43 | POS ← L2_025 | L2_025
AR11152,مزمن,اسم فاعل,79,1713,المرض أو المشكلة التي تستمر طويلاً,زمن,مُفَعِّلٌ,roots-4662:زمن:المحكم — المعاني,roots-4662:زمن:مقاييس — المحور,roots-4662:زمن:الأساس — المجاز,مزمن,APPROVED,,L2_017 haiku b43 | POS ← L2_025 | L2_025
AR11154,زائل,اسم فاعل,79,1715,الشيء الذي يمضي بسرعة,زول,فَاعِلٌ,roots-4662:زول:المحكم — المعاني,roots-4662:زول:مقاييس — المحور,roots-4662:زول:الأساس — المجاز,زائل,APPROVED,,L2_017 haiku b43 | POS ← L2_024 | L2_025
AR11155,أبدي,اسم منسوب,79,1716,الشيء الذي يدوم للأبد,بدد,,v21:بدد:المحكم — المعاني,v21:بدد:مقاييس — المحور,v21:بدد:الأساس — المجاز,أبدي,APPROVED,أَفْعَالِي,L2_017 haiku b43 | POS ← L2_025 | L2_025
AR11156,ممتد,اسم فاعل,79,1717,الشيء الطويل المدى,متد,مُفَعِّلٌ,roots-4662:متد:المحكم — المعاني,,,ممتد,APPROVED,,L2_017 haiku b43 | POS ← L2_025 | L2_025
AR11157,مؤقت,اسم فاعل,79,1718,الشيء غير الدائم أو المرحلي,وقت,مُفَعِّلٌ,roots-4662:وقت:المحكم — المعاني,roots-4662:وقت:مقاييس — المحور,,مؤقت,APPROVED,,L2_017 haiku b43 | POS ← L2_025 | L2_025
AR11159,وجيز,صفة مشبهة,79,1721,الشيء الذي يحدث للحظة,وجز,فَعِيلٌ,roots-4662:وجز:المحكم — المعاني,roots-4662:وجز:مقاييس — النص,,وجيز,APPROVED,,L2_017 haiku b43 | POS ← L2_025 | L2_025
AR11160,دائب,اسم فاعل,79,1722,الشيء الذي لا ينقطع,دوب,فَاعِلٌ,,,,دائب,APPROVED,,L2_017 haiku b43 | POS ← L2_024 | L2_025
AR11161,مستمر,اسم فاعل,79,15849,الشيء الطويل الأمد,سمر,مُسْتَفْعِلٌ,roots-4662:سمر:المحكم — المعاني,roots-4662:سمر:مقاييس — المحور,roots-4662:سمر:الأساس — المجاز,مستمر,APPROVED,,L2_017 haiku b43 | POS ← L2_025 | L2_025
AR11162,سريع,صفة مشبهة,79,16090,الحدث الذي ينتهي بسرعة,سرع,فَعِيلٌ,roots-4662:سرع:المحكم — المعاني,roots-4662:سرع:مقاييس — المحور,,سريع,APPROVED,,L2_017 haiku b43 | POS ← L2_025 | L2_025
AR11163,متواصل,اسم فاعل,79,16953,الشيء المستمر والدائم,وصل,مُتَفَاعِلٌ,roots-4662:وصل:المحكم — المعاني,roots-4662:وصل:مقاييس — المحور,,متواصل,APPROVED,,L2_017 haiku b43 | POS ← L2_025 | L2_025
AR11165,امتلك,فعل,118,17681,الحيازة والملكية,ملك,اِفْتَعَلَ,roots-4662:ملك:المحكم — المعاني,roots-4662:ملك:مقاييس — المحور,roots-4662:ملك:الأساس — المجاز,امتلك,APPROVED,,L2_017 haiku b43 | FLAGS: UNVOCALIZED
AR11166,تلألؤ,اسم جامد,131,9211;9219,الومضة أو البريق,لالا,تَفَعُّلٌ,,,,تلألؤ,APPROVED,,L2_017 haiku b43 | FLAGS: ROOT_ALIF;UNVOCALIZED
AR11168,تلألأ,فعل,131,9220,إصدار ومضات من الضوء,لالا,تَفَعَّلَ,,,,تلألأ,APPROVED,,L2_017 haiku b43 | FLAGS: ROOT_ALIF;UNVOCALIZED
AR11169,توهج,اسم جامد,131,9222;9226;9249,إضاءة ساطعة جداً,وهج,تَفَعُّلٌ,roots-4662:وهج:المحكم — المعاني,roots-4662:وهج:مقاييس — النص,roots-4662:وهج:الأساس — المجاز,توهج,APPROVED,,L2_017 haiku b43 | FLAGS: UNVOCALIZED
AR11173,لمع,فعل,131,9235;9237;9245,إصدار ومضات ضوئية صغيرة,لمع,فَعَلَ,roots-4662:لمع:المحكم — المعاني,roots-4662:لمع:مقاييس — المحور,roots-4662:لمع:الأساس — المجاز,لمع,APPROVED,,L2_017 haiku b43 | FLAGS: UNVOCALIZED
AR11174,لمعة,اسم جامد,131,9236;9246,ومضة صغيرة من الضوء,لمع,فَعْلَةٌ,roots-4662:لمع:المحكم — المعاني,roots-4662:لمع:مقاييس — المحور,roots-4662:لمع:الأساس — المجاز,لمعة,APPROVED,,L2_017 haiku b43 | FLAGS: UNVOCALIZED
AR11175,لمعان,اسم جامد,131,9238,ضوء خافت متموج,لمع,فَعَلانٌ,roots-4662:لمع:المحكم — المعاني,roots-4662:لمع:مقاييس — المحور,roots-4662:لمع:الأساس — المجاز,لمعان,APPROVED,,L2_017 haiku b43 | FLAGS: UNVOCALIZED
AR11176,ألمع,اسم جامد,131,9241,إضاءة خافتة أو قصيرة,لمع,أَفْعَلُ,roots-4662:لمع:المحكم — المعاني,roots-4662:لمع:مقاييس — المحور,roots-4662:لمع:الأساس — المجاز,ألمع,APPROVED,,L2_017 haiku b43 | FLAGS: UNVOCALIZED
AR11177,رفرف,فعل,131,9242,إصدار ضوء متقطع,رفف,,roots-4662:رفف:المحكم — المعاني,roots-4662:رفف:مقاييس — المحور,roots-4662:رفف:الأساس — المجاز,رفرف,APPROVED,فَعْفَعَ,L2_017 haiku b43 | FLAGS: UNVOCALIZED;WAZN_NOT_IN_INV
AR11178,رفرفة,اسم جامد,131,9243,إصدار ضوء متقطع من المصدر,رفف,,roots-4662:رفف:المحكم — المعاني,roots-4662:رفف:مقاييس — المحور,roots-4662:رفف:الأساس — المجاز,رفرفة,APPROVED,فَعْفَعَة,L2_017 haiku b43 | FLAGS: UNVOCALIZED;WAZN_NOT_IN_INV
AR11179,اشتعل,فعل,131,9247;9248,إضاءة ساطعة مفاجئة,شعل,اِفْتَعَلَ,v21:شعل:المحكم — المعاني,v21:شعل:مقاييس — المحور,v21:شعل:الأساس — المجاز,اشتعل,APPROVED,,L2_017 haiku b43 | FLAGS: UNVOCALIZED
AR11180,توهج,فعل,131,9250,إصدار ومضات وبريق,وهج,تَفَعَّلَ,roots-4662:وهج:المحكم — المعاني,roots-4662:وهج:مقاييس — النص,roots-4662:وهج:الأساس — المجاز,توهج,APPROVED,,L2_017 haiku b43 | FLAGS: UNVOCALIZED
AR11181,انفجر,فعل,133,4409,بدء حدث غير مرغوب فجأة,فجر,اِنْفَعَلَ,roots-4662:فجر:المحكم — المعاني,roots-4662:فجر:مقاييس — المحور,roots-4662:فجر:الأساس — المجاز,انفجر,APPROVED,,L2_017 haiku b43 | FLAGS: UNVOCALIZED
AR11183,ناشئ,اسم فاعل,133,4411;4413,الشيء الذي في مراحله الأولية,نشا,فَاعِلٌ,,,,ناشئ,APPROVED,,L2_017 haiku b43 | POS ← L2_024 | L2_025
AR11185,تَذَكَّرَ,فعل,135,2672;7829,استعادة معلومة من الذاكرة إلى الوعي,ذكر,تَفَعَّلَ,roots-4662:ذكر:المحكم — المعاني,roots-4662:ذكر:مقاييس — المحور,roots-4662:ذكر:الأساس — المجاز,تَذَكَّرَ,APPROVED,,L2_017 haiku b44
AR11186,تَذَكُّر,مصدر,135,2673,فعل أو قدرة استعادة المضمون من الذاكرة,ذكر,تَفَعُّلٌ,roots-4662:ذكر:المحكم — المعاني,roots-4662:ذكر:مقاييس — المحور,roots-4662:ذكر:الأساس — المجاز,تَذَكُّر,APPROVED,,L2_017 haiku b44
AR11187,سَافَرَ,فعل,343,5957;5961,انتقال المسافر من موقع إلى آخر,سفر,فَعَلَ,roots-4662:سفر:المحكم — المعاني,roots-4662:سفر:مقاييس — المحور,roots-4662:سفر:الأساس — المجاز,سَافَرَ,APPROVED,,L2_017 haiku b44
AR11188,سَفَر,اسم جامد,343,5958,رحلات التنقل خاصة البعيدة,سفر,فَعَلٌ,roots-4662:سفر:المحكم — المعاني,roots-4662:سفر:مقاييس — المحور,roots-4662:سفر:الأساس — المجاز,سَفَر,APPROVED,,L2_017 haiku b44
AR11189,رِحْلَة بَحْرِيَّة,تركيب,343,5959,ركوب البحر أو الفضاء لمسافات طويلة,,,,,,رِحْلَة بَحْرِيَّة,APPROVED,,L2_017 haiku b44
AR11190,أَبْحَرَ,فعل,343,5960,الذهاب في رحلة بحرية,برح,أَفْعَلَ,v21:برح:المحكم — المعاني,v21:برح:مقاييس — المحور,v21:برح:الأساس — المجاز,أَبْحَرَ,APPROVED,,L2_017 haiku b44 | FLAGS: WAZN_LEMMA_MISMATCH
AR11191,رِحْلَة,اسم جامد,343,5962;6064,الانتقال من موقع إلى موقع آخر,رحل,فِعْلَةٌ,,roots-4662:رحل:مقاييس — المحور,roots-4662:رحل:الأساس — المجاز,رِحْلَة,APPROVED,,L2_017 haiku b44
AR11192,رِحْلَة قَصِيرَة,تركيب,343,5963,التنقل لغرض الترفيه لمسافات قريبة,,,,,,رِحْلَة قَصِيرَة,APPROVED,,L2_017 haiku b44
AR11193,رِحْلَة طَوِيلَة,تركيب,343,5964,مسار طويل ومحفوف بالأحداث,,,,,,رِحْلَة طَوِيلَة,APPROVED,,L2_017 haiku b44
AR11195,تَنَقَّلَ,فعل,343,5966,السفر بانتظام بين السكن والعمل,نقل,تَفَعَّلَ,roots-4662:نقل:المحكم — المعاني,roots-4662:نقل:مقاييس — المحور,roots-4662:نقل:الأساس — المجاز,تَنَقَّلَ,APPROVED,,L2_017 haiku b44
AR11196,ترحّل,مصدر,343,6059,الانتقال من مكان إلى آخر بصورة متكررة,رحل,تَفَعُّلٌ,,roots-4662:رحل:مقاييس — المحور,roots-4662:رحل:الأساس — المجاز,ترحّل,APPROVED,,L2_017 haiku b44
AR11200,مَغَامَرَة,اسم جامد,343,6063,حملة لمراقبة الحيوانات في موطنها,غمر,مَفْعَلَةٌ,roots-4662:غمر:المحكم — المعاني,roots-4662:غمر:مقاييس — المحور,roots-4662:غمر:الأساس — المجاز,مَغَامَرَة,APPROVED,,L2_017 haiku b44
AR11201,نُزْهَة,اسم جامد,343,7527,رحلة فخمة للترفيه على حساب الدولة,نزه,فُعْلَةٌ,roots-4662:نزه:المحكم — المعاني,roots-4662:نزه:مقاييس — المحور,roots-4662:نزه:الأساس — المجاز,نُزْهَة,APPROVED,,L2_017 haiku b44
AR11203,نُزْهَة قَصِيرَة,تركيب,343,15212,رحلة قصيرة للترفيه والاستمتاع,,,,,,نُزْهَة قَصِيرَة,APPROVED,,L2_017 haiku b44
AR11205,سَطَّحَ,فعل,344,5973,جعل الشيء مسطحاً,سطح,فَعَّلَ,roots-4662:سطح:المحكم — المعاني,roots-4662:سطح:مقاييس — المحور,,سَطَّحَ,APPROVED,,L2_017 haiku b44
AR11207,سَحَقَ,فعل,344,5975;5997;5998,ضغط الشيء حتى يتشوه,سحق,فَعَلَ,roots-4662:سحق:المحكم — المعاني,roots-4662:سحق:مقاييس — المحور,roots-4662:سحق:الأساس — المجاز,سَحَقَ,APPROVED,,L2_017 haiku b44
AR11210,سَحَنَ,فعل,344,6114,تسطيح سطح الشيء بآلة محمولة,سحن,فَعَلَ,roots-4662:سحن:المحكم — المعاني,roots-4662:سحن:مقاييس — المحور,,سَحَنَ,APPROVED,,L2_017 haiku b44
AR11214,صَاغَ,فعل,344,7614,تشكيل الشيء المرن باليد أو بقالب,صيغ,فَاعَلَ,,,,صَاغَ,APPROVED,,L2_017 haiku b44
AR11215,تَشْوِيه,مصدر,344,7615,تغيير الشكل الأصلي للشيء,شوه,تَفْعِيلٌ,v21:شوه:المحكم — المعاني,,v21:شوه:الأساس — المجاز,تَشْوِيه,APPROVED,,L2_017 haiku b44
AR11217,نَعَّمَ,فعل,344,15084,تسوية سطح الشيء بآلة,نعم,فَعَّلَ,roots-4662:نعم:المحكم — المعاني,roots-4662:نعم:مقاييس — المحور,roots-4662:نعم:الأساس — المجاز,نَعَّمَ,APPROVED,,L2_017 haiku b44
AR11218,لَفَّ,فعل,344,15344,تكوين ملف أو شكل منحني,لفف,فَعَّلَ,roots-4662:لفف:المحكم — المعاني,roots-4662:لفف:مقاييس — المحور,,لَفَّ,APPROVED,,L2_017 haiku b44 | FLAGS: WAZN_LEMMA_MISMATCH
AR11219,قَطَرَ,فعل,345,6015;6021,سقوط السائل نقطة تلو الأخرى,قطر,فَعَلَ,roots-4662:قطر:المحكم — المعاني,roots-4662:قطر:مقاييس — النص,roots-4662:قطر:الأساس — المجاز,قَطَرَ,APPROVED,,L2_017 haiku b44
AR11221,فَارَ,فعل,345,6017,ارتفاع فقاعات هواء من السائل,فور,,roots-4662:فور:المحكم — المعاني,roots-4662:فور:مقاييس — المحور,roots-4662:فور:الأساس — المجاز,فَارَ,APPROVED,فَاعَ,L2_017 haiku b44 | FLAGS: WAZN_NOT_IN_INV
AR11222,تَسَرَّبَ,فعل,345,6018;6026;6027,تدفق السائل بكمية صغيرة,سرب,تَفَعَّلَ,roots-4662:سرب:المحكم — المعاني,roots-4662:سرب:مقاييس — المحور,roots-4662:سرب:الأساس — المجاز,تَسَرَّبَ,APPROVED,,L2_017 haiku b44
AR11223,انْدَفَعَ,فعل,345,6019;6028;6032;6033;6151;9506,اندفاع السائل بسرعة وكثرة,دفع,,roots-4662:دفع:المحكم — المعاني,roots-4662:دفع:مقاييس — المحور,roots-4662:دفع:الأساس — المجاز,انْدَفَعَ,APPROVED,انْفَعَلَ,L2_017 haiku b44 | FLAGS: WAZN_NOT_IN_INV
AR11224,تَدَفَّقَ,فعل,345,6020,تدفق السائل بسرعة نحو الأسفل,دفق,تَفَعَّلَ,roots-4662:دفق:المحكم — المعاني,roots-4662:دفق:مقاييس — المحور,roots-4662:دفق:الأساس — المجاز,تَدَفَّقَ,APPROVED,,L2_017 haiku b44
AR11225,رَشَّ,فعل,345,6022;6031,تناثر السائل فوق السطح,رشش,فَعَّلَ,roots-4662:رشش:المحكم — المعاني,roots-4662:رشش:مقاييس — المحور,roots-4662:رشش:الأساس — المجاز,رَشَّ,APPROVED,,L2_017 haiku b44 | FLAGS: WAZN_LEMMA_MISMATCH
AR11226,انْفَجَرَ,فعل,345,6023,خروج السائل بقوة وكثرة,فجر,,roots-4662:فجر:المحكم — المعاني,roots-4662:فجر:مقاييس — المحور,roots-4662:فجر:الأساس — المجاز,انْفَجَرَ,APPROVED,انْفَعَلَ,L2_017 haiku b44 | FLAGS: WAZN_NOT_IN_INV
AR11227,رَشَحَ,فعل,345,6024;6025,تسرب السائل ببطء عبر مسام,رشح,فَعَلَ,roots-4662:رشح:المحكم — المعاني,roots-4662:رشح:مقاييس — المحور,roots-4662:رشح:الأساس — المجاز,رَشَحَ,APPROVED,,L2_017 haiku b44
AR11229,سَالَ,فعل,345,6030;6159,تحرك السائل بسهولة,سيل,,roots-4662:سيل:المحكم — المعاني,roots-4662:سيل:مقاييس — المحور,roots-4662:سيل:الأساس — المجاز,سَالَ,APPROVED,فَاعَ,L2_017 haiku b44 | variant | FLAGS: WAZN_NOT_IN_INV
AR11230,خَرِرَ,فعل,345,6153,جريان السائل بحركة حلزونية مع صوت,خرر,فَعِلَ,roots-4662:خرر:المحكم — المعاني,roots-4662:خرر:مقاييس — المحور,roots-4662:خرر:الأساس — المجاز,خَرِرَ,APPROVED,,L2_017 haiku b44
AR11231,انْسَكَبَ,فعل,345,6155,تدفق السائل فوق حافة الإناء,سكب,,roots-4662:سكب:المحكم — المعاني,roots-4662:سكب:مقاييس — المحور,roots-4662:سكب:الأساس — المجاز,انْسَكَبَ,APPROVED,انْفَعَلَ,L2_017 haiku b44 | FLAGS: WAZN_NOT_IN_INV
AR11233,تَنَاثَرَ,فعل,345,17523,تناثر السائل في قطرات,نثر,تَفَاعَلَ,roots-4662:نثر:المحكم — المعاني,roots-4662:نثر:مقاييس — المحور,roots-4662:نثر:الأساس — المجاز,تَنَاثَرَ,APPROVED,,L2_017 haiku b44
AR11234,رَذَاذ,اسم جامد,345,17524,انتشار السائل في الهواء بشكل منفرق,رذذ,فَعَالٍ,roots-4662:رذذ:المحكم — المعاني,roots-4662:رذذ:مقاييس — المحور,roots-4662:رذذ:الأساس — المجاز,رَذَاذ,APPROVED,,L2_017 haiku b44
AR11235,فَاسِد,صفة مشبهة,346,6043;6046,نخر الجسم الحي من التحلل,فسد,فَاعِلٌ,roots-4662:فسد:المحكم — المعاني,roots-4662:فسد:مقاييس — النص,,فَاسِد,APPROVED,,L2_017 haiku b44
AR11238,انْتَقَمَ,فعل,347,6056;6065;6066,إنزال الأذى جزاء ظلم سابق,نقم,,roots-4662:نقم:المحكم — المعاني,roots-4662:نقم:مقاييس — المحور,,انْتَقَمَ,APPROVED,انْفَعَلَ,L2_017 haiku b44 | FLAGS: WAZN_LEMMA_MISMATCH;WAZN_NOT_IN_INV
AR11239,مُنْتَقِم,اسم فاعل,347,6057;6072,شخص يأخذ ثأره,نقم,مُفْتَعِلٌ,roots-4662:نقم:المحكم — المعاني,roots-4662:نقم:مقاييس — المحور,,مُنْتَقِم,APPROVED,,L2_017 haiku b44
AR11241,انْتِقَامِي,اسم منسوب,347,6068,رغبة في إيذاء الآخر انتقاماً,نقم,,roots-4662:نقم:المحكم — المعاني,roots-4662:نقم:مقاييس — المحور,,انْتِقَامِي,APPROVED,افْتِعَالِي,L2_017 haiku b44 | FLAGS: WAZN_NOT_IN_INV
AR11243,انْتِقَام,مصدر,347,6070,العقوبة بروح من الغضب الأخلاقي,نقم,,roots-4662:نقم:المحكم — المعاني,roots-4662:نقم:مقاييس — المحور,,انْتِقَام,APPROVED,افْتِعَال,L2_017 haiku b44 | FLAGS: WAZN_NOT_IN_INV
AR11244,رد,اسم جامد,347,6071,الهجوم ردّاً على هجوم مماثل,ردد,,roots-4662:ردد:المحكم — المعاني,roots-4662:ردد:مقاييس — المحور,roots-4662:ردد:الأساس — المجاز,رد,APPROVED,فَعّ,L2_017 haiku b44 | FLAGS: UNVOCALIZED;WAZN_NOT_IN_INV
AR11245,منتقم,صفة مشبهة,347,6073,يرغب في الانتقام بقوة,نقم,مُفْتَعِلٌ,roots-4662:نقم:المحكم — المعاني,roots-4662:نقم:مقاييس — المحور,,منتقم,APPROVED,,L2_017 haiku b44 | FLAGS: UNVOCALIZED
AR11246,انتقامي,اسم منسوب,347,6074,متعلق بالعقوبة الانتقامية,نقم,,roots-4662:نقم:المحكم — المعاني,roots-4662:نقم:مقاييس — المحور,,انتقامي,APPROVED,افْتِعَالِي,L2_017 haiku b44 | FLAGS: UNVOCALIZED;WAZN_NOT_IN_INV
AR11247,انتقام,مصدر,347,6075,تغريم الدولة دولة أخرى,نقم,,roots-4662:نقم:المحكم — المعاني,roots-4662:نقم:مقاييس — المحور,,انتقام,APPROVED,افْتِعَال,L2_017 haiku b44 | FLAGS: UNVOCALIZED;WAZN_NOT_IN_INV
AR11250,اِنْتَقَمَ,فعل,347,10003,إيقاع الأذى مماثل ردّاً,نقم,,roots-4662:نقم:المحكم — المعاني,roots-4662:نقم:مقاييس — المحور,,اِنْتَقَمَ,APPROVED,افْتَعَلَ,L2_017 haiku b44 | FLAGS: WAZN_NOT_IN_INV
AR11252,صَدِئَ,فعل,348,6104,إصابة المعدن بالصدأ,صدا,فَعِلَ,,,,صَدِئَ,APPROVED,,L2_017 haiku b44 | FLAGS: ROOT_ALIF
AR11254,تَأَكْسَدَ,فعل,348,17521,اتحاد المادة بالأكسجين ناتجاً عن التآكل,ءكسد,,,,,تَأَكْسَدَ,APPROVED,تَفَعْلَ,L2_017 haiku b44 | FLAGS: ROOT_NORMALIZED;WAZN_NOT_IN_INV
AR11261,فَضَّلَ,فعل,349,6102;6103,يعامل جانباً بتفضيل,فضل,فَعَّلَ,roots-4662:فضل:المحكم — المعاني,roots-4662:فضل:مقاييس — المحور,,فَضَّلَ,APPROVED,,L2_017 haiku b44
AR11262,حَاكَ,فعل,349,11254,التأثير على التقييم بانحياز,حيك,,v21:حيك:المحكم — المعاني,v21:حيك:مقاييس — المحور,v21:حيك:الأساس — المجاز,حَاكَ,APPROVED,فَاعَ,L2_017 haiku b44 | FLAGS: WAZN_NOT_IN_INV
AR11266,أَكْسَدَ,فعل,350,6107,تفاعل مادة مع الأكسجين,ءكسد,أَفْعَلَ,,,,أَكْسَدَ,APPROVED,,L2_017 haiku b44 | FLAGS: ROOT_NORMALIZED
AR11267,أَسْوَدَّ,فعل,350,6108,فقدان البريق بسبب الرطوبة,سود,,roots-4662:سود:المحكم — المعاني,roots-4662:سود:مقاييس — المحور,roots-4662:سود:الأساس — المجاز,أَسْوَدَّ,APPROVED,أَفْعَلَّ,L2_017 haiku b44 | FLAGS: WAZN_NOT_IN_INV
AR11268,صَدِّأَ,فعل,350,17584,تكوين طبقة صدأ على المعدن,صدا,فَعَّلَ,,,,صَدِّأَ,APPROVED,,L2_017 haiku b44 | FLAGS: ROOT_ALIF
AR11269,تَقَشَّرَ,فعل,351,6109,الانقسام إلى قطع رقيقة,قشر,تَفَعَّلَ,roots-4662:قشر:المحكم — المعاني,roots-4662:قشر:مقاييس — المحور,roots-4662:قشر:الأساس — المجاز,تَقَشَّرَ,APPROVED,,L2_017 haiku b44
AR11270,مَسَّ,فعل,351,6110,تحويل شيء إلى جزيئات دقيقة,مسس,فَعَّلَ,roots-4662:مسس:المحكم — المعاني,roots-4662:مسس:مقاييس — المحور,roots-4662:مسس:الأساس — المجاز,مَسَّ,APPROVED,,L2_017 haiku b44 | FLAGS: WAZN_LEMMA_MISMATCH
AR11272,تَفَتَّتَ,فعل,351,6112,تحطم الشيء إلى قطع,فتت,تَفَعَّلَ,roots-4662:فتت:المحكم — المعاني,roots-4662:فتت:مقاييس — المحور,,تَفَتَّتَ,APPROVED,,L2_017 haiku b44
AR11273,سَحَقَ,فعل,351,6113;18461,تحويل بالضغط القوي,سحق,فَعَلَ,roots-4662:سحق:المحكم — المعاني,roots-4662:سحق:مقاييس — المحور,roots-4662:سحق:الأساس — المجاز,سَحَقَ,APPROVED,,L2_017 haiku b44
AR11275,مَزَّقَ,فعل,351,6185,تمزيق إلى شرائح,مزق,فَعَّلَ,roots-4662:مزق:المحكم — المعاني,roots-4662:مزق:مقاييس — المحور,roots-4662:مزق:الأساس — المجاز,مَزَّقَ,APPROVED,,L2_017 haiku b44
AR11276,قَرْقَرَ,فعل,351,6186,كسر الطعام الصلب بالأسنان,قرقر,,,,,قَرْقَرَ,APPROVED,فَعْفَعَ,L2_017 haiku b44 | FLAGS: WAZN_NOT_IN_INV
AR11277,مَضَغَ,فعل,351,6187;6188,عض ومضغ الطعام في الفم,مضغ,فَعَلَ,roots-4662:مضغ:المحكم — المعاني,roots-4662:مضغ:مقاييس — المحور,,مَضَغَ,APPROVED,,L2_017 haiku b44
AR11278,مَضْغ,مصدر,351,8022,عملية مضغ الطعام,مضغ,فَعْلٌ,roots-4662:مضغ:المحكم — المعاني,roots-4662:مضغ:مقاييس — المحور,,مَضْغ,APPROVED,,L2_017 haiku b44
AR11279,هَرَسَ,فعل,351,18460,تحويل إلى كتلة ناعمة,هرس,فَعَلَ,roots-4662:هرس:المحكم — المعاني,roots-4662:هرس:مقاييس — المحور,roots-4662:هرس:الأساس — المجاز,هَرَسَ,APPROVED,,L2_017 haiku b44
AR11280,انْتَقَى,فعل,352,6269,الاختيار الدقيق من البدائل,نقي,,roots-4662:نقي:المحكم — المعاني,roots-4662:نقي:مقاييس — المحور,roots-4662:نقي:الأساس — المجاز,انْتَقَى,APPROVED,افْتَعَلَ,L2_017 haiku b44 | FLAGS: WAZN_NOT_IN_INV
AR11281,اِخْتَارَ,فعل,352,6270;6271;12780,اختيار من عدة خيارات,خير,,roots-4662:خير:المحكم — المعاني,roots-4662:خير:مقاييس — النص,,اِخْتَارَ,APPROVED,افْتَعَلَ,L2_017 haiku b44 | FLAGS: WAZN_NOT_IN_INV
AR11282,تَوَاضَعَ,فعل,352,6274,الاتفاق على قرار,وضع,تَفَاعَلَ,roots-4662:وضع:المحكم — المعاني,roots-4662:وضع:مقاييس — المحور,roots-4662:وضع:الأساس — المجاز,تَوَاضَعَ,APPROVED,,L2_017 haiku b44
AR11283,اِتَّفَقَ,فعل,352,6274,الوصول إلى اتفاق,فقق,,roots-4662:فقق:المحكم — المعاني,roots-4662:فقق:مقاييس — المحور,,اِتَّفَقَ,APPROVED,افْتَعَلَ,L2_017 haiku b44 | variant | FLAGS: WAZN_LEMMA_MISMATCH;WAZN_NOT_IN_INV
AR11284,انْتَخَبَ,فعل,352,6276,الاختيار للقيام بعمل,نخب,,roots-4662:نخب:المحكم — المعاني,roots-4662:نخب:مقاييس — المحور,,انْتَخَبَ,APPROVED,افْتَعَلَ,L2_017 haiku b44 | FLAGS: WAZN_NOT_IN_INV
AR11285,اِخْتِيَار,مصدر,352,6277,الشيء المختار,خير,,roots-4662:خير:المحكم — المعاني,roots-4662:خير:مقاييس — النص,,اِخْتِيَار,APPROVED,افْتِعَال,L2_017 haiku b44 | FLAGS: WAZN_NOT_IN_INV
AR11286,انْتِقَاء,مصدر,352,6279;14593,عملية أو نتيجة الاختيار,نقي,,roots-4662:نقي:المحكم — المعاني,roots-4662:نقي:مقاييس — المحور,roots-4662:نقي:الأساس — المجاز,انْتِقَاء,APPROVED,افْتِعَال,L2_017 haiku b44 | FLAGS: WAZN_NOT_IN_INV
AR11287,قَارَنَ,فعل,353,6115,المماثلة أو الموازاة,قرن,فَاعَلَ,roots-4662:قرن:المحكم — المعاني,roots-4662:قرن:مقاييس — المحور,,قَارَنَ,APPROVED,,L2_017 haiku b44
AR11288,نَاسَبَ,فعل,353,6116,الوفاء بالمستوى المطلوب,نسب,فَاعَلَ,roots-4662:نسب:المحكم — المعاني,roots-4662:نسب:مقاييس — النص,roots-4662:نسب:الأساس — المجاز,نَاسَبَ,APPROVED,,L2_017 haiku b44
AR11289,سَاوَى,فعل,353,6117;6119;6121,المساواة في القوة أو الجودة,ساي,,,,,سَاوَى,APPROVED,فَاعَ,L2_017 haiku b44 | FLAGS: ROOT_ALIF;WAZN_NOT_IN_INV
AR11290,نِدّ,اسم جامد,353,6118,شخص قادر على المعادلة,ندد,,roots-4662:ندد:المحكم — المعاني,roots-4662:ندد:مقاييس — المحور,,نِدّ,APPROVED,فِعّ,L2_017 haiku b44 | FLAGS: WAZN_NOT_IN_INV
AR11291,مُتَسَاوٍ,اسم مفعول,353,6148,بنفس الجودة,ساي,مُتَفَاعِلٌ,,,,مُتَسَاوٍ,APPROVED,,L2_017 haiku b44 | FLAGS: ROOT_ALIF
AR11292,تَوَازَى,فعل,353,11170,المقارنة بين الأشياء,وزي,تَفَاعَلَ,roots-4662:وزي:المحكم — المعاني,,,تَوَازَى,APPROVED,,L2_017 haiku b44
